# parameters
version_bit_string:13816762181795971082,seed:5489,burn_in:100000,num_iter:1000000,stats_thin:1000,block_penalty:50,prior_rate_mean:1,window_size:50,partition_length:4001,overlap_length:200,pade_resolution:10,pade_max:1000,max_lk_start:0.001,max_lk_resolution:0.001,num_snps:1703,num_snp_partitions:1,num_samps:1000
# left_snp right_snp mean p0.025 p0.500 p0.975
0 1 8.6950e+00 8.0101e+00 8.6108e+00 9.0509e+00
1 2 8.6950e+00 8.0101e+00 8.6108e+00 9.0509e+00
2 3 8.6950e+00 8.0101e+00 8.6108e+00 9.0509e+00
3 4 8.6950e+00 8.0101e+00 8.6108e+00 9.0509e+00
4 5 8.6950e+00 8.0101e+00 8.6108e+00 9.0509e+00
5 6 8.6950e+00 8.0101e+00 8.6108e+00 9.0509e+00
6 7 8.6950e+00 8.0101e+00 8.6108e+00 9.0509e+00
7 8 8.6950e+00 8.0101e+00 8.6108e+00 9.0509e+00
8 9 8.6950e+00 8.0101e+00 8.6108e+00 9.0509e+00
9 10 8.6950e+00 8.0101e+00 8.6108e+00 9.0509e+00
10 11 8.6950e+00 8.0101e+00 8.6108e+00 9.0509e+00
11 12 8.6950e+00 8.0101e+00 8.6108e+00 9.0509e+00
12 13 8.6950e+00 8.0101e+00 8.6108e+00 9.0509e+00
13 14 8.6950e+00 8.0101e+00 8.6108e+00 9.0509e+00
14 15 8.6950e+00 8.0101e+00 8.6108e+00 9.0509e+00
15 16 8.6950e+00 8.0101e+00 8.6108e+00 9.0509e+00
16 17 8.6950e+00 8.0101e+00 8.6108e+00 9.0509e+00
17 18 8.6950e+00 8.0101e+00 8.6108e+00 9.0509e+00
18 19 8.6950e+00 8.0101e+00 8.6108e+00 9.0509e+00
19 20 8.6950e+00 8.0101e+00 8.6108e+00 9.0509e+00
20 21 8.6950e+00 8.0101e+00 8.6108e+00 9.0509e+00
21 22 8.6950e+00 8.0101e+00 8.6108e+00 9.0509e+00
22 23 8.6950e+00 8.0101e+00 8.6108e+00 9.0509e+00
23 24 8.6950e+00 8.0101e+00 8.6108e+00 9.0509e+00
24 25 8.6950e+00 8.0101e+00 8.6108e+00 9.0509e+00
25 26 8.6950e+00 8.0101e+00 8.6108e+00 9.0509e+00
26 27 8.6950e+00 8.0101e+00 8.6108e+00 9.0509e+00
27 28 8.6950e+00 8.0101e+00 8.6108e+00 9.0509e+00
28 29 8.6950e+00 8.0101e+00 8.6108e+00 9.0509e+00
29 30 8.6950e+00 8.0101e+00 8.6108e+00 9.0509e+00
30 31 8.6950e+00 8.0101e+00 8.6108e+00 9.0509e+00
31 32 8.6950e+00 8.0101e+00 8.6108e+00 9.0509e+00
32 33 8.6950e+00 8.0101e+00 8.6108e+00 9.0509e+00
33 34 8.6950e+00 8.0101e+00 8.6108e+00 9.0509e+00
34 35 8.6950e+00 8.0101e+00 8.6108e+00 9.0509e+00
35 36 8.6950e+00 8.0101e+00 8.6108e+00 9.0509e+00
36 37 8.6950e+00 8.0101e+00 8.6108e+00 9.0509e+00
37 38 8.6950e+00 8.0101e+00 8.6108e+00 9.0509e+00
38 39 8.6950e+00 8.0101e+00 8.6108e+00 9.0509e+00
39 40 8.6950e+00 8.0101e+00 8.6108e+00 9.0509e+00
40 41 8.6950e+00 8.0101e+00 8.6108e+00 9.0509e+00
41 42 8.6950e+00 8.0101e+00 8.6108e+00 9.0509e+00
42 43 8.6950e+00 8.0101e+00 8.6108e+00 9.0509e+00
43 44 8.6950e+00 8.0101e+00 8.6108e+00 9.0509e+00
44 45 8.6950e+00 8.0101e+00 8.6108e+00 9.0509e+00
45 46 8.6950e+00 8.0101e+00 8.6108e+00 9.0509e+00
46 47 8.6950e+00 8.0101e+00 8.6108e+00 9.0509e+00
47 48 8.6950e+00 8.0101e+00 8.6108e+00 9.0509e+00
48 49 8.6950e+00 8.0101e+00 8.6108e+00 9.0509e+00
49 50 8.6950e+00 8.0101e+00 8.6108e+00 9.0509e+00
50 51 8.6950e+00 8.0101e+00 8.6108e+00 9.0509e+00
51 52 8.6950e+00 8.0101e+00 8.6108e+00 9.0509e+00
52 53 8.6950e+00 8.0101e+00 8.6108e+00 9.0509e+00
53 54 8.6950e+00 8.0101e+00 8.6108e+00 9.0509e+00
54 55 8.6950e+00 8.0101e+00 8.6108e+00 9.0509e+00
55 56 8.6950e+00 8.0101e+00 8.6108e+00 9.0509e+00
56 57 8.6950e+00 8.0101e+00 8.6108e+00 9.0509e+00
57 58 8.6950e+00 8.0101e+00 8.6108e+00 9.0509e+00
58 59 8.6950e+00 8.0101e+00 8.6108e+00 9.0509e+00
59 60 8.6950e+00 8.0101e+00 8.6108e+00 9.0509e+00
60 61 8.6950e+00 8.0101e+00 8.6108e+00 9.0509e+00
61 62 8.6950e+00 8.0101e+00 8.6108e+00 9.0509e+00
62 63 8.6950e+00 8.0101e+00 8.6108e+00 9.0509e+00
63 64 8.6950e+00 8.0101e+00 8.6108e+00 9.0509e+00
64 65 8.6950e+00 8.0101e+00 8.6108e+00 9.0509e+00
65 66 8.6950e+00 8.0101e+00 8.6108e+00 9.0509e+00
66 67 8.6950e+00 8.0101e+00 8.6108e+00 9.0509e+00
67 68 8.6950e+00 8.0101e+00 8.6108e+00 9.0509e+00
68 69 8.6950e+00 8.0101e+00 8.6108e+00 9.0509e+00
69 70 8.6950e+00 8.0101e+00 8.6108e+00 9.0509e+00
70 71 8.6950e+00 8.0101e+00 8.6108e+00 9.0509e+00
71 72 8.6950e+00 8.0101e+00 8.6108e+00 9.0509e+00
72 73 8.6950e+00 8.0101e+00 8.6108e+00 9.0509e+00
73 74 8.6950e+00 8.0101e+00 8.6108e+00 9.0509e+00
74 75 8.6950e+00 8.0101e+00 8.6108e+00 9.0509e+00
75 76 8.6950e+00 8.0101e+00 8.6108e+00 9.0509e+00
76 77 8.6950e+00 8.0101e+00 8.6108e+00 9.0509e+00
77 78 8.6950e+00 8.0101e+00 8.6108e+00 9.0509e+00
78 79 8.6950e+00 8.0101e+00 8.6108e+00 9.0509e+00
79 80 8.6950e+00 8.0101e+00 8.6108e+00 9.0509e+00
80 81 8.6950e+00 8.0101e+00 8.6108e+00 9.0509e+00
81 82 8.6950e+00 8.0101e+00 8.6108e+00 9.0509e+00
82 83 8.6950e+00 8.0101e+00 8.6108e+00 9.0509e+00
83 84 8.6950e+00 8.0101e+00 8.6108e+00 9.0509e+00
84 85 8.6950e+00 8.0101e+00 8.6108e+00 9.0509e+00
85 86 8.6950e+00 8.0101e+00 8.6108e+00 9.0509e+00
86 87 8.6950e+00 8.0101e+00 8.6108e+00 9.0509e+00
87 88 8.6950e+00 8.0101e+00 8.6108e+00 9.0509e+00
88 89 8.6950e+00 8.0101e+00 8.6108e+00 9.0509e+00
89 90 8.6950e+00 8.0101e+00 8.6108e+00 9.0509e+00
90 91 8.6950e+00 8.0101e+00 8.6108e+00 9.0509e+00
91 92 8.6950e+00 8.0101e+00 8.6108e+00 9.0509e+00
92 93 8.6950e+00 8.0101e+00 8.6108e+00 9.0509e+00
93 94 8.6950e+00 8.0101e+00 8.6108e+00 9.0509e+00
94 95 8.6950e+00 8.0101e+00 8.6108e+00 9.0509e+00
95 96 8.6950e+00 8.0101e+00 8.6108e+00 9.0509e+00
96 97 8.6950e+00 8.0101e+00 8.6108e+00 9.0509e+00
97 98 8.6950e+00 8.0101e+00 8.6108e+00 9.0509e+00
98 99 8.6950e+00 8.0101e+00 8.6108e+00 9.0509e+00
99 100 8.6950e+00 8.0101e+00 8.6108e+00 9.0509e+00
100 101 8.6950e+00 8.0101e+00 8.6108e+00 9.0509e+00
101 102 8.6950e+00 8.0101e+00 8.6108e+00 9.0509e+00
102 103 8.6950e+00 8.0101e+00 8.6108e+00 9.0509e+00
103 104 8.6950e+00 8.0101e+00 8.6108e+00 9.0509e+00
104 105 8.6950e+00 8.0101e+00 8.6108e+00 9.0509e+00
105 106 8.6950e+00 8.0101e+00 8.6108e+00 9.0509e+00
106 107 8.6950e+00 8.0101e+00 8.6108e+00 9.0509e+00
107 108 8.6950e+00 8.0101e+00 8.6108e+00 9.0509e+00
108 109 8.6950e+00 8.0101e+00 8.6108e+00 9.0509e+00
109 110 8.6950e+00 8.0101e+00 8.6108e+00 9.0509e+00
110 111 8.6950e+00 8.0101e+00 8.6108e+00 9.0509e+00
111 112 8.6950e+00 8.0101e+00 8.6108e+00 9.0509e+00
112 113 8.6950e+00 8.0101e+00 8.6108e+00 9.0509e+00
113 114 8.6950e+00 8.0101e+00 8.6108e+00 9.0509e+00
114 115 8.6950e+00 8.0101e+00 8.6108e+00 9.0509e+00
115 116 8.6950e+00 8.0101e+00 8.6108e+00 9.0509e+00
116 117 8.6950e+00 8.0101e+00 8.6108e+00 9.0509e+00
117 118 8.6950e+00 8.0101e+00 8.6108e+00 9.0509e+00
118 120 8.6950e+00 8.0101e+00 8.6108e+00 9.0509e+00
120 121 8.6950e+00 8.0101e+00 8.6108e+00 9.0509e+00
121 122 8.6950e+00 8.0101e+00 8.6108e+00 9.0509e+00
122 123 8.6950e+00 8.0101e+00 8.6108e+00 9.0509e+00
123 124 8.6950e+00 8.0101e+00 8.6108e+00 9.0509e+00
124 125 8.6950e+00 8.0101e+00 8.6108e+00 9.0509e+00
125 126 8.6950e+00 8.0101e+00 8.6108e+00 9.0509e+00
126 127 8.6950e+00 8.0101e+00 8.6108e+00 9.0509e+00
127 128 8.6950e+00 8.0101e+00 8.6108e+00 9.0509e+00
128 129 8.6950e+00 8.0101e+00 8.6108e+00 9.0509e+00
129 130 8.6950e+00 8.0101e+00 8.6108e+00 9.0509e+00
130 131 8.6950e+00 8.0101e+00 8.6108e+00 9.0509e+00
131 132 8.6950e+00 8.0101e+00 8.6108e+00 9.0509e+00
132 133 8.6950e+00 8.0101e+00 8.6108e+00 9.0509e+00
133 134 8.6950e+00 8.0101e+00 8.6108e+00 9.0509e+00
134 135 8.6950e+00 8.0101e+00 8.6108e+00 9.0509e+00
135 136 8.6950e+00 8.0101e+00 8.6108e+00 9.0509e+00
136 137 8.6950e+00 8.0101e+00 8.6108e+00 9.0509e+00
137 138 8.6950e+00 8.0101e+00 8.6108e+00 9.0509e+00
138 139 8.6950e+00 8.0101e+00 8.6108e+00 9.0509e+00
139 140 8.6950e+00 8.0101e+00 8.6108e+00 9.0509e+00
140 141 8.6950e+00 8.0101e+00 8.6108e+00 9.0509e+00
141 142 8.6950e+00 8.0101e+00 8.6108e+00 9.0509e+00
142 143 8.6950e+00 8.0101e+00 8.6108e+00 9.0509e+00
143 144 8.6950e+00 8.0101e+00 8.6108e+00 9.0509e+00
144 145 8.6950e+00 8.0101e+00 8.6108e+00 9.0509e+00
145 146 8.6950e+00 8.0101e+00 8.6108e+00 9.0509e+00
146 147 8.6950e+00 8.0101e+00 8.6108e+00 9.0509e+00
147 148 8.6950e+00 8.0101e+00 8.6108e+00 9.0509e+00
148 149 8.6950e+00 8.0101e+00 8.6108e+00 9.0509e+00
149 150 8.6950e+00 8.0101e+00 8.6108e+00 9.0509e+00
150 151 8.6950e+00 8.0101e+00 8.6108e+00 9.0509e+00
151 152 8.6950e+00 8.0101e+00 8.6108e+00 9.0509e+00
152 153 8.6950e+00 8.0101e+00 8.6108e+00 9.0509e+00
153 154 8.6950e+00 8.0101e+00 8.6108e+00 9.0509e+00
154 155 8.6950e+00 8.0101e+00 8.6108e+00 9.0509e+00
155 156 8.6950e+00 8.0101e+00 8.6108e+00 9.0509e+00
156 157 8.6950e+00 8.0101e+00 8.6108e+00 9.0509e+00
157 158 8.6950e+00 8.0101e+00 8.6108e+00 9.0509e+00
158 159 8.6950e+00 8.0101e+00 8.6108e+00 9.0509e+00
159 160 8.6950e+00 8.0101e+00 8.6108e+00 9.0509e+00
160 161 8.6950e+00 8.0101e+00 8.6108e+00 9.0509e+00
161 162 8.6950e+00 8.0101e+00 8.6108e+00 9.0509e+00
162 163 8.6950e+00 8.0101e+00 8.6108e+00 9.0509e+00
163 164 8.6950e+00 8.0101e+00 8.6108e+00 9.0509e+00
164 165 8.6950e+00 8.0101e+00 8.6108e+00 9.0509e+00
165 166 8.6950e+00 8.0101e+00 8.6108e+00 9.0509e+00
166 167 8.6950e+00 8.0101e+00 8.6108e+00 9.0509e+00
167 168 8.6950e+00 8.0101e+00 8.6108e+00 9.0509e+00
168 169 8.6950e+00 8.0101e+00 8.6108e+00 9.0509e+00
169 170 8.6950e+00 8.0101e+00 8.6108e+00 9.0509e+00
170 171 8.6950e+00 8.0101e+00 8.6108e+00 9.0509e+00
171 173 8.6950e+00 8.0101e+00 8.6108e+00 9.0509e+00
173 174 8.6950e+00 8.0101e+00 8.6108e+00 9.0509e+00
174 175 8.6950e+00 8.0101e+00 8.6108e+00 9.0509e+00
175 176 8.6950e+00 8.0101e+00 8.6108e+00 9.0509e+00
176 177 8.6950e+00 8.0101e+00 8.6108e+00 9.0509e+00
177 178 8.6950e+00 8.0101e+00 8.6108e+00 9.0509e+00
178 179 8.6950e+00 8.0101e+00 8.6108e+00 9.0509e+00
179 180 8.6950e+00 8.0101e+00 8.6108e+00 9.0509e+00
180 181 8.6950e+00 8.0101e+00 8.6108e+00 9.0509e+00
181 182 8.6950e+00 8.0101e+00 8.6108e+00 9.0509e+00
182 183 8.6950e+00 8.0101e+00 8.6108e+00 9.0509e+00
183 184 8.6950e+00 8.0101e+00 8.6108e+00 9.0509e+00
184 185 8.6950e+00 8.0101e+00 8.6108e+00 9.0509e+00
185 186 8.6950e+00 8.0101e+00 8.6108e+00 9.0509e+00
186 187 8.6950e+00 8.0101e+00 8.6108e+00 9.0509e+00
187 188 8.6950e+00 8.0101e+00 8.6108e+00 9.0509e+00
188 189 8.6950e+00 8.0101e+00 8.6108e+00 9.0509e+00
189 190 8.6950e+00 8.0101e+00 8.6108e+00 9.0509e+00
190 191 8.6950e+00 8.0101e+00 8.6108e+00 9.0509e+00
191 192 8.6950e+00 8.0101e+00 8.6108e+00 9.0509e+00
192 193 8.6950e+00 8.0101e+00 8.6108e+00 9.0509e+00
193 194 8.6950e+00 8.0101e+00 8.6108e+00 9.0509e+00
194 195 8.6950e+00 8.0101e+00 8.6108e+00 9.0509e+00
195 196 8.6950e+00 8.0101e+00 8.6108e+00 9.0509e+00
196 197 8.6950e+00 8.0101e+00 8.6108e+00 9.0509e+00
197 198 8.6950e+00 8.0101e+00 8.6108e+00 9.0509e+00
198 199 8.6950e+00 8.0101e+00 8.6108e+00 9.0509e+00
199 200 8.6950e+00 8.0101e+00 8.6108e+00 9.0509e+00
200 201 8.6950e+00 8.0101e+00 8.6108e+00 9.0509e+00
201 202 8.6950e+00 8.0101e+00 8.6108e+00 9.0509e+00
202 203 8.6950e+00 8.0101e+00 8.6108e+00 9.0509e+00
203 204 8.6950e+00 8.0101e+00 8.6108e+00 9.0509e+00
204 205 8.6950e+00 8.0101e+00 8.6108e+00 9.0509e+00
205 206 8.6950e+00 8.0101e+00 8.6108e+00 9.0509e+00
206 207 8.6950e+00 8.0101e+00 8.6108e+00 9.0509e+00
207 208 8.6950e+00 8.0101e+00 8.6108e+00 9.0509e+00
208 209 8.6950e+00 8.0101e+00 8.6108e+00 9.0509e+00
209 210 8.6950e+00 8.0101e+00 8.6108e+00 9.0509e+00
210 211 8.6950e+00 8.0101e+00 8.6108e+00 9.0509e+00
211 212 8.6950e+00 8.0101e+00 8.6108e+00 9.0509e+00
212 213 8.6950e+00 8.0101e+00 8.6108e+00 9.0509e+00
213 214 8.6950e+00 8.0101e+00 8.6108e+00 9.0509e+00
214 215 8.6950e+00 8.0101e+00 8.6108e+00 9.0509e+00
215 216 8.6950e+00 8.0101e+00 8.6108e+00 9.0509e+00
216 217 8.6950e+00 8.0101e+00 8.6108e+00 9.0509e+00
217 218 8.6950e+00 8.0101e+00 8.6108e+00 9.0509e+00
218 219 8.6950e+00 8.0101e+00 8.6108e+00 9.0509e+00
219 220 8.6950e+00 8.0101e+00 8.6108e+00 9.0509e+00
220 221 8.6950e+00 8.0101e+00 8.6108e+00 9.0509e+00
221 222 8.6950e+00 8.0101e+00 8.6108e+00 9.0509e+00
222 223 8.6950e+00 8.0101e+00 8.6108e+00 9.0509e+00
223 224 8.6950e+00 8.0101e+00 8.6108e+00 9.0509e+00
224 225 8.6950e+00 8.0101e+00 8.6108e+00 9.0509e+00
225 226 8.6950e+00 8.0101e+00 8.6108e+00 9.0509e+00
226 227 8.6950e+00 8.0101e+00 8.6108e+00 9.0509e+00
227 228 8.6950e+00 8.0101e+00 8.6108e+00 9.0509e+00
228 229 8.6950e+00 8.0101e+00 8.6108e+00 9.0509e+00
229 230 8.6950e+00 8.0101e+00 8.6108e+00 9.0509e+00
230 231 8.6950e+00 8.0101e+00 8.6108e+00 9.0509e+00
231 232 8.6950e+00 8.0101e+00 8.6108e+00 9.0509e+00
232 233 8.6950e+00 8.0101e+00 8.6108e+00 9.0509e+00
233 234 8.6950e+00 8.0101e+00 8.6108e+00 9.0509e+00
234 235 8.6950e+00 8.0101e+00 8.6108e+00 9.0509e+00
235 236 8.6950e+00 8.0101e+00 8.6108e+00 9.0509e+00
236 237 8.6950e+00 8.0101e+00 8.6108e+00 9.0509e+00
237 238 8.6950e+00 8.0101e+00 8.6108e+00 9.0509e+00
238 239 8.6950e+00 8.0101e+00 8.6108e+00 9.0509e+00
239 240 8.6950e+00 8.0101e+00 8.6108e+00 9.0509e+00
240 241 8.6950e+00 8.0101e+00 8.6108e+00 9.0509e+00
241 242 8.6950e+00 8.0101e+00 8.6108e+00 9.0509e+00
242 243 8.6950e+00 8.0101e+00 8.6108e+00 9.0509e+00
243 244 8.6950e+00 8.0101e+00 8.6108e+00 9.0509e+00
244 245 8.6950e+00 8.0101e+00 8.6108e+00 9.0509e+00
245 246 8.6950e+00 8.0101e+00 8.6108e+00 9.0509e+00
246 247 8.6950e+00 8.0101e+00 8.6108e+00 9.0509e+00
247 248 8.6950e+00 8.0101e+00 8.6108e+00 9.0509e+00
248 249 8.6950e+00 8.0101e+00 8.6108e+00 9.0509e+00
249 250 8.6950e+00 8.0101e+00 8.6108e+00 9.0509e+00
250 251 8.6950e+00 8.0101e+00 8.6108e+00 9.0509e+00
251 252 8.6950e+00 8.0101e+00 8.6108e+00 9.0509e+00
252 253 8.6950e+00 8.0101e+00 8.6108e+00 9.0509e+00
253 254 8.6950e+00 8.0101e+00 8.6108e+00 9.0509e+00
254 255 8.6950e+00 8.0101e+00 8.6108e+00 9.0509e+00
255 256 8.6950e+00 8.0101e+00 8.6108e+00 9.0509e+00
256 257 8.6950e+00 8.0101e+00 8.6108e+00 9.0509e+00
257 258 8.6950e+00 8.0101e+00 8.6108e+00 9.0509e+00
258 259 8.6950e+00 8.0101e+00 8.6108e+00 9.0509e+00
259 260 8.6950e+00 8.0101e+00 8.6108e+00 9.0509e+00
260 261 8.6950e+00 8.0101e+00 8.6108e+00 9.0509e+00
261 262 8.6950e+00 8.0101e+00 8.6108e+00 9.0509e+00
262 263 8.6950e+00 8.0101e+00 8.6108e+00 9.0509e+00
263 264 8.6950e+00 8.0101e+00 8.6108e+00 9.0509e+00
264 265 8.6950e+00 8.0101e+00 8.6108e+00 9.0509e+00
265 266 8.6950e+00 8.0101e+00 8.6108e+00 9.0509e+00
266 267 8.6950e+00 8.0101e+00 8.6108e+00 9.0509e+00
267 268 8.6950e+00 8.0101e+00 8.6108e+00 9.0509e+00
268 269 8.6950e+00 8.0101e+00 8.6108e+00 9.0509e+00
269 270 8.6950e+00 8.0101e+00 8.6108e+00 9.0509e+00
270 271 8.6950e+00 8.0101e+00 8.6108e+00 9.0509e+00
271 272 8.6950e+00 8.0101e+00 8.6108e+00 9.0509e+00
272 274 8.6950e+00 8.0101e+00 8.6108e+00 9.0509e+00
274 275 8.6950e+00 8.0101e+00 8.6108e+00 9.0509e+00
275 276 8.6950e+00 8.0101e+00 8.6108e+00 9.0509e+00
276 277 8.6950e+00 8.0101e+00 8.6108e+00 9.0509e+00
277 278 8.6950e+00 8.0101e+00 8.6108e+00 9.0509e+00
278 279 8.6950e+00 8.0101e+00 8.6108e+00 9.0509e+00
279 280 8.6950e+00 8.0101e+00 8.6108e+00 9.0509e+00
280 281 8.6950e+00 8.0101e+00 8.6108e+00 9.0509e+00
281 282 8.6950e+00 8.0101e+00 8.6108e+00 9.0509e+00
282 283 8.6950e+00 8.0101e+00 8.6108e+00 9.0509e+00
283 284 8.6950e+00 8.0101e+00 8.6108e+00 9.0509e+00
284 285 8.6950e+00 8.0101e+00 8.6108e+00 9.0509e+00
285 286 8.6950e+00 8.0101e+00 8.6108e+00 9.0509e+00
286 287 8.6950e+00 8.0101e+00 8.6108e+00 9.0509e+00
287 288 8.6950e+00 8.0101e+00 8.6108e+00 9.0509e+00
288 289 8.6950e+00 8.0101e+00 8.6108e+00 9.0509e+00
289 290 8.6950e+00 8.0101e+00 8.6108e+00 9.0509e+00
290 291 8.6950e+00 8.0101e+00 8.6108e+00 9.0509e+00
291 292 8.6950e+00 8.0101e+00 8.6108e+00 9.0509e+00
292 293 8.6950e+00 8.0101e+00 8.6108e+00 9.0509e+00
293 294 8.6950e+00 8.0101e+00 8.6108e+00 9.0509e+00
294 295 8.6950e+00 8.0101e+00 8.6108e+00 9.0509e+00
295 296 8.6950e+00 8.0101e+00 8.6108e+00 9.0509e+00
296 297 8.6950e+00 8.0101e+00 8.6108e+00 9.0509e+00
297 298 8.6950e+00 8.0101e+00 8.6108e+00 9.0509e+00
298 299 8.6950e+00 8.0101e+00 8.6108e+00 9.0509e+00
299 300 8.6950e+00 8.0101e+00 8.6108e+00 9.0509e+00
300 302 8.6950e+00 8.0101e+00 8.6108e+00 9.0509e+00
302 303 8.6950e+00 8.0101e+00 8.6108e+00 9.0509e+00
303 304 8.6950e+00 8.0101e+00 8.6108e+00 9.0509e+00
304 305 8.6950e+00 8.0101e+00 8.6108e+00 9.0509e+00
305 306 8.6950e+00 8.0101e+00 8.6108e+00 9.0509e+00
306 307 8.6950e+00 8.0101e+00 8.6108e+00 9.0509e+00
307 308 8.6950e+00 8.0101e+00 8.6108e+00 9.0509e+00
308 309 8.6950e+00 8.0101e+00 8.6108e+00 9.0509e+00
309 310 8.6950e+00 8.0101e+00 8.6108e+00 9.0509e+00
310 311 8.6950e+00 8.0101e+00 8.6108e+00 9.0509e+00
311 312 8.6950e+00 8.0101e+00 8.6108e+00 9.0509e+00
312 313 8.6950e+00 8.0101e+00 8.6108e+00 9.0509e+00
313 314 8.6950e+00 8.0101e+00 8.6108e+00 9.0509e+00
314 315 8.6950e+00 8.0101e+00 8.6108e+00 9.0509e+00
315 316 8.6950e+00 8.0101e+00 8.6108e+00 9.0509e+00
316 317 8.6950e+00 8.0101e+00 8.6108e+00 9.0509e+00
317 319 8.6950e+00 8.0101e+00 8.6108e+00 9.0509e+00
319 320 8.6950e+00 8.0101e+00 8.6108e+00 9.0509e+00
320 321 8.6950e+00 8.0101e+00 8.6108e+00 9.0509e+00
321 322 8.6950e+00 8.0101e+00 8.6108e+00 9.0509e+00
322 323 8.6950e+00 8.0101e+00 8.6108e+00 9.0509e+00
323 324 8.6950e+00 8.0101e+00 8.6108e+00 9.0509e+00
324 325 8.6950e+00 8.0101e+00 8.6108e+00 9.0509e+00
325 326 8.6950e+00 8.0101e+00 8.6108e+00 9.0509e+00
326 327 8.6950e+00 8.0101e+00 8.6108e+00 9.0509e+00
327 328 8.6950e+00 8.0101e+00 8.6108e+00 9.0509e+00
328 329 8.6950e+00 8.0101e+00 8.6108e+00 9.0509e+00
329 330 8.6950e+00 8.0101e+00 8.6108e+00 9.0509e+00
330 331 8.6950e+00 8.0101e+00 8.6108e+00 9.0509e+00
331 332 8.6950e+00 8.0101e+00 8.6108e+00 9.0509e+00
332 333 8.6950e+00 8.0101e+00 8.6108e+00 9.0509e+00
333 334 8.6950e+00 8.0101e+00 8.6108e+00 9.0509e+00
334 335 8.6950e+00 8.0101e+00 8.6108e+00 9.0509e+00
335 336 8.6950e+00 8.0101e+00 8.6108e+00 9.0509e+00
336 337 8.6950e+00 8.0101e+00 8.6108e+00 9.0509e+00
337 338 8.6950e+00 8.0101e+00 8.6108e+00 9.0509e+00
338 339 8.6950e+00 8.0101e+00 8.6108e+00 9.0509e+00
339 340 8.6950e+00 8.0101e+00 8.6108e+00 9.0509e+00
340 341 8.6950e+00 8.0101e+00 8.6108e+00 9.0509e+00
341 342 8.6950e+00 8.0101e+00 8.6108e+00 9.0509e+00
342 343 8.6950e+00 8.0101e+00 8.6108e+00 9.0509e+00
343 344 8.6950e+00 8.0101e+00 8.6108e+00 9.0509e+00
344 345 8.6950e+00 8.0101e+00 8.6108e+00 9.0509e+00
345 347 8.6950e+00 8.0101e+00 8.6108e+00 9.0509e+00
347 348 8.6950e+00 8.0101e+00 8.6108e+00 9.0509e+00
348 349 8.6950e+00 8.0101e+00 8.6108e+00 9.0509e+00
349 350 8.6950e+00 8.0101e+00 8.6108e+00 9.0509e+00
350 351 8.6950e+00 8.0101e+00 8.6108e+00 9.0509e+00
351 352 8.6950e+00 8.0101e+00 8.6108e+00 9.0509e+00
352 353 8.6950e+00 8.0101e+00 8.6108e+00 9.0509e+00
353 354 8.6950e+00 8.0101e+00 8.6108e+00 9.0509e+00
354 356 8.6950e+00 8.0101e+00 8.6108e+00 9.0509e+00
356 357 8.6950e+00 8.0101e+00 8.6108e+00 9.0509e+00
357 358 8.6950e+00 8.0101e+00 8.6108e+00 9.0509e+00
358 359 8.6950e+00 8.0101e+00 8.6108e+00 9.0509e+00
359 360 8.6950e+00 8.0101e+00 8.6108e+00 9.0509e+00
360 361 8.6950e+00 8.0101e+00 8.6108e+00 9.0509e+00
361 362 8.6950e+00 8.0101e+00 8.6108e+00 9.0509e+00
362 363 8.6950e+00 8.0101e+00 8.6108e+00 9.0509e+00
363 364 8.6950e+00 8.0101e+00 8.6108e+00 9.0509e+00
364 365 8.6950e+00 8.0101e+00 8.6108e+00 9.0509e+00
365 366 8.6950e+00 8.0101e+00 8.6108e+00 9.0509e+00
366 367 8.6950e+00 8.0101e+00 8.6108e+00 9.0509e+00
367 368 8.6950e+00 8.0101e+00 8.6108e+00 9.0509e+00
368 369 8.6950e+00 8.0101e+00 8.6108e+00 9.0509e+00
369 370 8.6950e+00 8.0101e+00 8.6108e+00 9.0509e+00
370 371 8.6950e+00 8.0101e+00 8.6108e+00 9.0509e+00
371 372 8.6950e+00 8.0101e+00 8.6108e+00 9.0509e+00
372 373 8.6950e+00 8.0101e+00 8.6108e+00 9.0509e+00
373 374 8.6950e+00 8.0101e+00 8.6108e+00 9.0509e+00
374 375 8.6950e+00 8.0101e+00 8.6108e+00 9.0509e+00
375 377 8.6950e+00 8.0101e+00 8.6108e+00 9.0509e+00
377 378 8.6950e+00 8.0101e+00 8.6108e+00 9.0509e+00
378 379 8.6950e+00 8.0101e+00 8.6108e+00 9.0509e+00
379 381 8.6950e+00 8.0101e+00 8.6108e+00 9.0509e+00
381 382 8.6950e+00 8.0101e+00 8.6108e+00 9.0509e+00
382 384 8.6950e+00 8.0101e+00 8.6108e+00 9.0509e+00
384 385 8.6950e+00 8.0101e+00 8.6108e+00 9.0509e+00
385 388 8.6950e+00 8.0101e+00 8.6108e+00 9.0509e+00
388 389 8.6950e+00 8.0101e+00 8.6108e+00 9.0509e+00
389 390 8.6950e+00 8.0101e+00 8.6108e+00 9.0509e+00
390 391 8.6950e+00 8.0101e+00 8.6108e+00 9.0509e+00
391 392 8.6950e+00 8.0101e+00 8.6108e+00 9.0509e+00
392 393 8.6950e+00 8.0101e+00 8.6108e+00 9.0509e+00
393 394 8.6950e+00 8.0101e+00 8.6108e+00 9.0509e+00
394 395 8.6950e+00 8.0101e+00 8.6108e+00 9.0509e+00
395 396 8.6950e+00 8.0101e+00 8.6108e+00 9.0509e+00
396 397 8.6950e+00 8.0101e+00 8.6108e+00 9.0509e+00
397 398 8.6950e+00 8.0101e+00 8.6108e+00 9.0509e+00
398 399 8.6950e+00 8.0101e+00 8.6108e+00 9.0509e+00
399 400 8.6950e+00 8.0101e+00 8.6108e+00 9.0509e+00
400 401 8.6950e+00 8.0101e+00 8.6108e+00 9.0509e+00
401 402 8.6950e+00 8.0101e+00 8.6108e+00 9.0509e+00
402 403 8.6950e+00 8.0101e+00 8.6108e+00 9.0509e+00
403 404 8.6950e+00 8.0101e+00 8.6108e+00 9.0509e+00
404 405 8.6950e+00 8.0101e+00 8.6108e+00 9.0509e+00
405 406 8.6950e+00 8.0101e+00 8.6108e+00 9.0509e+00
406 407 8.6950e+00 8.0101e+00 8.6108e+00 9.0509e+00
407 408 8.6950e+00 8.0101e+00 8.6108e+00 9.0509e+00
408 410 8.6950e+00 8.0101e+00 8.6108e+00 9.0509e+00
410 412 8.6950e+00 8.0101e+00 8.6108e+00 9.0509e+00
412 413 8.6950e+00 8.0101e+00 8.6108e+00 9.0509e+00
413 414 8.6950e+00 8.0101e+00 8.6108e+00 9.0509e+00
414 415 8.6950e+00 8.0101e+00 8.6108e+00 9.0509e+00
415 416 8.6950e+00 8.0101e+00 8.6108e+00 9.0509e+00
416 417 8.6950e+00 8.0101e+00 8.6108e+00 9.0509e+00
417 419 8.6950e+00 8.0101e+00 8.6108e+00 9.0509e+00
419 420 8.6950e+00 8.0101e+00 8.6108e+00 9.0509e+00
420 421 8.6950e+00 8.0101e+00 8.6108e+00 9.0509e+00
421 422 8.6950e+00 8.0101e+00 8.6108e+00 9.0509e+00
422 423 8.6950e+00 8.0101e+00 8.6108e+00 9.0509e+00
423 424 8.6950e+00 8.0101e+00 8.6108e+00 9.0509e+00
424 425 8.6950e+00 8.0101e+00 8.6108e+00 9.0509e+00
425 426 8.6950e+00 8.0101e+00 8.6108e+00 9.0509e+00
426 428 8.6950e+00 8.0101e+00 8.6108e+00 9.0509e+00
428 429 8.6950e+00 8.0101e+00 8.6108e+00 9.0509e+00
429 430 8.6950e+00 8.0101e+00 8.6108e+00 9.0509e+00
430 431 8.6950e+00 8.0101e+00 8.6108e+00 9.0509e+00
431 432 8.6950e+00 8.0101e+00 8.6108e+00 9.0509e+00
432 433 8.6950e+00 8.0101e+00 8.6108e+00 9.0509e+00
433 434 8.6950e+00 8.0101e+00 8.6108e+00 9.0509e+00
434 435 8.6950e+00 8.0101e+00 8.6108e+00 9.0509e+00
435 436 8.6950e+00 8.0101e+00 8.6108e+00 9.0509e+00
436 437 8.6950e+00 8.0101e+00 8.6108e+00 9.0509e+00
437 438 8.6950e+00 8.0101e+00 8.6108e+00 9.0509e+00
438 440 8.6950e+00 8.0101e+00 8.6108e+00 9.0509e+00
440 441 8.6950e+00 8.0101e+00 8.6108e+00 9.0509e+00
441 442 8.6950e+00 8.0101e+00 8.6108e+00 9.0509e+00
442 443 8.6950e+00 8.0101e+00 8.6108e+00 9.0509e+00
443 444 8.6950e+00 8.0101e+00 8.6108e+00 9.0509e+00
444 445 8.6950e+00 8.0101e+00 8.6108e+00 9.0509e+00
445 446 8.6950e+00 8.0101e+00 8.6108e+00 9.0509e+00
446 447 8.6950e+00 8.0101e+00 8.6108e+00 9.0509e+00
447 448 8.6950e+00 8.0101e+00 8.6108e+00 9.0509e+00
448 449 8.6950e+00 8.0101e+00 8.6108e+00 9.0509e+00
449 451 8.6950e+00 8.0101e+00 8.6108e+00 9.0509e+00
451 452 8.6950e+00 8.0101e+00 8.6108e+00 9.0509e+00
452 453 8.6950e+00 8.0101e+00 8.6108e+00 9.0509e+00
453 454 8.6950e+00 8.0101e+00 8.6108e+00 9.0509e+00
454 455 8.6950e+00 8.0101e+00 8.6108e+00 9.0509e+00
455 456 8.6950e+00 8.0101e+00 8.6108e+00 9.0509e+00
456 457 8.6950e+00 8.0101e+00 8.6108e+00 9.0509e+00
457 458 8.6950e+00 8.0101e+00 8.6108e+00 9.0509e+00
458 459 8.6950e+00 8.0101e+00 8.6108e+00 9.0509e+00
459 460 8.6950e+00 8.0101e+00 8.6108e+00 9.0509e+00
460 461 8.6950e+00 8.0101e+00 8.6108e+00 9.0509e+00
461 462 8.6950e+00 8.0101e+00 8.6108e+00 9.0509e+00
462 463 8.6950e+00 8.0101e+00 8.6108e+00 9.0509e+00
463 464 8.6950e+00 8.0101e+00 8.6108e+00 9.0509e+00
464 465 8.6950e+00 8.0101e+00 8.6108e+00 9.0509e+00
465 466 8.6950e+00 8.0101e+00 8.6108e+00 9.0509e+00
466 467 8.6950e+00 8.0101e+00 8.6108e+00 9.0509e+00
467 468 8.6950e+00 8.0101e+00 8.6108e+00 9.0509e+00
468 469 8.6950e+00 8.0101e+00 8.6108e+00 9.0509e+00
469 470 8.6950e+00 8.0101e+00 8.6108e+00 9.0509e+00
470 471 8.6950e+00 8.0101e+00 8.6108e+00 9.0509e+00
471 472 8.6950e+00 8.0101e+00 8.6108e+00 9.0509e+00
472 473 8.6950e+00 8.0101e+00 8.6108e+00 9.0509e+00
473 474 8.6950e+00 8.0101e+00 8.6108e+00 9.0509e+00
474 475 8.6950e+00 8.0101e+00 8.6108e+00 9.0509e+00
475 476 8.6950e+00 8.0101e+00 8.6108e+00 9.0509e+00
476 477 8.6950e+00 8.0101e+00 8.6108e+00 9.0509e+00
477 478 8.6950e+00 8.0101e+00 8.6108e+00 9.0509e+00
478 479 8.6950e+00 8.0101e+00 8.6108e+00 9.0509e+00
479 480 8.6950e+00 8.0101e+00 8.6108e+00 9.0509e+00
480 481 8.6950e+00 8.0101e+00 8.6108e+00 9.0509e+00
481 482 8.6950e+00 8.0101e+00 8.6108e+00 9.0509e+00
482 483 8.6950e+00 8.0101e+00 8.6108e+00 9.0509e+00
483 484 8.6950e+00 8.0101e+00 8.6108e+00 9.0509e+00
484 485 8.6950e+00 8.0101e+00 8.6108e+00 9.0509e+00
485 486 8.6950e+00 8.0101e+00 8.6108e+00 9.0509e+00
486 487 8.6950e+00 8.0101e+00 8.6108e+00 9.0509e+00
487 488 8.6950e+00 8.0101e+00 8.6108e+00 9.0509e+00
488 489 8.6950e+00 8.0101e+00 8.6108e+00 9.0509e+00
489 490 8.6950e+00 8.0101e+00 8.6108e+00 9.0509e+00
490 491 8.6950e+00 8.0101e+00 8.6108e+00 9.0509e+00
491 492 8.6950e+00 8.0101e+00 8.6108e+00 9.0509e+00
492 493 8.6950e+00 8.0101e+00 8.6108e+00 9.0509e+00
493 494 8.6950e+00 8.0101e+00 8.6108e+00 9.0509e+00
494 495 8.6950e+00 8.0101e+00 8.6108e+00 9.0509e+00
495 496 8.6950e+00 8.0101e+00 8.6108e+00 9.0509e+00
496 497 8.6950e+00 8.0101e+00 8.6108e+00 9.0509e+00
497 498 8.6950e+00 8.0101e+00 8.6108e+00 9.0509e+00
498 499 8.6950e+00 8.0101e+00 8.6108e+00 9.0509e+00
499 500 8.6950e+00 8.0101e+00 8.6108e+00 9.0509e+00
500 501 8.6950e+00 8.0101e+00 8.6108e+00 9.0509e+00
501 502 8.6950e+00 8.0101e+00 8.6108e+00 9.0509e+00
502 503 8.6950e+00 8.0101e+00 8.6108e+00 9.0509e+00
503 504 8.6950e+00 8.0101e+00 8.6108e+00 9.0509e+00
504 505 8.6950e+00 8.0101e+00 8.6108e+00 9.0509e+00
505 506 8.6950e+00 8.0101e+00 8.6108e+00 9.0509e+00
506 507 8.6950e+00 8.0101e+00 8.6108e+00 9.0509e+00
507 508 8.6950e+00 8.0101e+00 8.6108e+00 9.0509e+00
508 509 8.6950e+00 8.0101e+00 8.6108e+00 9.0509e+00
509 510 8.6950e+00 8.0101e+00 8.6108e+00 9.0509e+00
510 511 8.6950e+00 8.0101e+00 8.6108e+00 9.0509e+00
511 512 8.6950e+00 8.0101e+00 8.6108e+00 9.0509e+00
512 513 8.6950e+00 8.0101e+00 8.6108e+00 9.0509e+00
513 514 8.6950e+00 8.0101e+00 8.6108e+00 9.0509e+00
514 516 8.6950e+00 8.0101e+00 8.6108e+00 9.0509e+00
516 517 8.6950e+00 8.0101e+00 8.6108e+00 9.0509e+00
517 518 8.6950e+00 8.0101e+00 8.6108e+00 9.0509e+00
518 519 8.6950e+00 8.0101e+00 8.6108e+00 9.0509e+00
519 520 8.6950e+00 8.0101e+00 8.6108e+00 9.0509e+00
520 521 8.6950e+00 8.0101e+00 8.6108e+00 9.0509e+00
521 522 8.6950e+00 8.0101e+00 8.6108e+00 9.0509e+00
522 523 8.6950e+00 8.0101e+00 8.6108e+00 9.0509e+00
523 524 8.6950e+00 8.0101e+00 8.6108e+00 9.0509e+00
524 525 8.6950e+00 8.0101e+00 8.6108e+00 9.0509e+00
525 526 8.6950e+00 8.0101e+00 8.6108e+00 9.0509e+00
526 527 8.6950e+00 8.0101e+00 8.6108e+00 9.0509e+00
527 528 8.6950e+00 8.0101e+00 8.6108e+00 9.0509e+00
528 529 8.6950e+00 8.0101e+00 8.6108e+00 9.0509e+00
529 530 8.6950e+00 8.0101e+00 8.6108e+00 9.0509e+00
530 531 8.6950e+00 8.0101e+00 8.6108e+00 9.0509e+00
531 532 8.6950e+00 8.0101e+00 8.6108e+00 9.0509e+00
532 533 8.6950e+00 8.0101e+00 8.6108e+00 9.0509e+00
533 534 8.6950e+00 8.0101e+00 8.6108e+00 9.0509e+00
534 535 8.6950e+00 8.0101e+00 8.6108e+00 9.0509e+00
535 536 8.6950e+00 8.0101e+00 8.6108e+00 9.0509e+00
536 537 8.6950e+00 8.0101e+00 8.6108e+00 9.0509e+00
537 538 8.6950e+00 8.0101e+00 8.6108e+00 9.0509e+00
538 539 8.6950e+00 8.0101e+00 8.6108e+00 9.0509e+00
539 540 8.6950e+00 8.0101e+00 8.6108e+00 9.0509e+00
540 541 8.6950e+00 8.0101e+00 8.6108e+00 9.0509e+00
541 542 8.6950e+00 8.0101e+00 8.6108e+00 9.0509e+00
542 543 8.6950e+00 8.0101e+00 8.6108e+00 9.0509e+00
543 544 8.6950e+00 8.0101e+00 8.6108e+00 9.0509e+00
544 545 8.6950e+00 8.0101e+00 8.6108e+00 9.0509e+00
545 547 8.6950e+00 8.0101e+00 8.6108e+00 9.0509e+00
547 549 8.6950e+00 8.0101e+00 8.6108e+00 9.0509e+00
549 550 8.6950e+00 8.0101e+00 8.6108e+00 9.0509e+00
550 551 8.6950e+00 8.0101e+00 8.6108e+00 9.0509e+00
551 552 8.6950e+00 8.0101e+00 8.6108e+00 9.0509e+00
552 553 8.6950e+00 8.0101e+00 8.6108e+00 9.0509e+00
553 554 8.6950e+00 8.0101e+00 8.6108e+00 9.0509e+00
554 555 8.6950e+00 8.0101e+00 8.6108e+00 9.0509e+00
555 556 8.6950e+00 8.0101e+00 8.6108e+00 9.0509e+00
556 557 8.6950e+00 8.0101e+00 8.6108e+00 9.0509e+00
557 558 8.6950e+00 8.0101e+00 8.6108e+00 9.0509e+00
558 559 8.6950e+00 8.0101e+00 8.6108e+00 9.0509e+00
559 560 8.6950e+00 8.0101e+00 8.6108e+00 9.0509e+00
560 561 8.6950e+00 8.0101e+00 8.6108e+00 9.0509e+00
561 562 8.6950e+00 8.0101e+00 8.6108e+00 9.0509e+00
562 563 8.6950e+00 8.0101e+00 8.6108e+00 9.0509e+00
563 564 8.6950e+00 8.0101e+00 8.6108e+00 9.0509e+00
564 565 8.6950e+00 8.0101e+00 8.6108e+00 9.0509e+00
565 566 8.6950e+00 8.0101e+00 8.6108e+00 9.0509e+00
566 567 8.6950e+00 8.0101e+00 8.6108e+00 9.0509e+00
567 568 8.6950e+00 8.0101e+00 8.6108e+00 9.0509e+00
568 569 8.6950e+00 8.0101e+00 8.6108e+00 9.0509e+00
569 570 8.6950e+00 8.0101e+00 8.6108e+00 9.0509e+00
570 571 8.6950e+00 8.0101e+00 8.6108e+00 9.0509e+00
571 574 8.6950e+00 8.0101e+00 8.6108e+00 9.0509e+00
574 575 8.6950e+00 8.0101e+00 8.6108e+00 9.0509e+00
575 576 8.6950e+00 8.0101e+00 8.6108e+00 9.0509e+00
576 578 8.6950e+00 8.0101e+00 8.6108e+00 9.0509e+00
578 579 8.6950e+00 8.0101e+00 8.6108e+00 9.0509e+00
579 580 8.6950e+00 8.0101e+00 8.6108e+00 9.0509e+00
580 581 8.6950e+00 8.0101e+00 8.6108e+00 9.0509e+00
581 582 8.6950e+00 8.0101e+00 8.6108e+00 9.0509e+00
582 583 8.6950e+00 8.0101e+00 8.6108e+00 9.0509e+00
583 584 8.6950e+00 8.0101e+00 8.6108e+00 9.0509e+00
584 585 8.6950e+00 8.0101e+00 8.6108e+00 9.0509e+00
585 586 8.6950e+00 8.0101e+00 8.6108e+00 9.0509e+00
586 587 8.6950e+00 8.0101e+00 8.6108e+00 9.0509e+00
587 588 8.6950e+00 8.0101e+00 8.6108e+00 9.0509e+00
588 590 8.6950e+00 8.0101e+00 8.6108e+00 9.0509e+00
590 591 8.6950e+00 8.0101e+00 8.6108e+00 9.0509e+00
591 592 8.6950e+00 8.0101e+00 8.6108e+00 9.0509e+00
592 593 8.6950e+00 8.0101e+00 8.6108e+00 9.0509e+00
593 594 8.6950e+00 8.0101e+00 8.6108e+00 9.0509e+00
594 595 8.6950e+00 8.0101e+00 8.6108e+00 9.0509e+00
595 596 8.6950e+00 8.0101e+00 8.6108e+00 9.0509e+00
596 597 8.6950e+00 8.0101e+00 8.6108e+00 9.0509e+00
597 598 8.6950e+00 8.0101e+00 8.6108e+00 9.0509e+00
598 599 8.6950e+00 8.0101e+00 8.6108e+00 9.0509e+00
599 600 8.6950e+00 8.0101e+00 8.6108e+00 9.0509e+00
600 601 8.6950e+00 8.0101e+00 8.6108e+00 9.0509e+00
601 602 8.6950e+00 8.0101e+00 8.6108e+00 9.0509e+00
602 603 8.6950e+00 8.0101e+00 8.6108e+00 9.0509e+00
603 604 8.6950e+00 8.0101e+00 8.6108e+00 9.0509e+00
604 605 8.6950e+00 8.0101e+00 8.6108e+00 9.0509e+00
605 606 8.6950e+00 8.0101e+00 8.6108e+00 9.0509e+00
606 607 8.6950e+00 8.0101e+00 8.6108e+00 9.0509e+00
607 608 8.6950e+00 8.0101e+00 8.6108e+00 9.0509e+00
608 609 8.6950e+00 8.0101e+00 8.6108e+00 9.0509e+00
609 610 8.6950e+00 8.0101e+00 8.6108e+00 9.0509e+00
610 611 8.6950e+00 8.0101e+00 8.6108e+00 9.0509e+00
611 612 8.6950e+00 8.0101e+00 8.6108e+00 9.0509e+00
612 613 8.6950e+00 8.0101e+00 8.6108e+00 9.0509e+00
613 615 8.6950e+00 8.0101e+00 8.6108e+00 9.0509e+00
615 616 8.6950e+00 8.0101e+00 8.6108e+00 9.0509e+00
616 617 8.6950e+00 8.0101e+00 8.6108e+00 9.0509e+00
617 618 8.6950e+00 8.0101e+00 8.6108e+00 9.0509e+00
618 619 8.6950e+00 8.0101e+00 8.6108e+00 9.0509e+00
619 620 8.6950e+00 8.0101e+00 8.6108e+00 9.0509e+00
620 621 8.6950e+00 8.0101e+00 8.6108e+00 9.0509e+00
621 622 8.6950e+00 8.0101e+00 8.6108e+00 9.0509e+00
622 623 8.6950e+00 8.0101e+00 8.6108e+00 9.0509e+00
623 624 8.6950e+00 8.0101e+00 8.6108e+00 9.0509e+00
624 625 8.6950e+00 8.0101e+00 8.6108e+00 9.0509e+00
625 626 8.6950e+00 8.0101e+00 8.6108e+00 9.0509e+00
626 627 8.6950e+00 8.0101e+00 8.6108e+00 9.0509e+00
627 628 8.6950e+00 8.0101e+00 8.6108e+00 9.0509e+00
628 629 8.6950e+00 8.0101e+00 8.6108e+00 9.0509e+00
629 630 8.6950e+00 8.0101e+00 8.6108e+00 9.0509e+00
630 631 8.6950e+00 8.0101e+00 8.6108e+00 9.0509e+00
631 632 8.6950e+00 8.0101e+00 8.6108e+00 9.0509e+00
632 633 8.6950e+00 8.0101e+00 8.6108e+00 9.0509e+00
633 634 8.6950e+00 8.0101e+00 8.6108e+00 9.0509e+00
634 635 8.6950e+00 8.0101e+00 8.6108e+00 9.0509e+00
635 636 8.6950e+00 8.0101e+00 8.6108e+00 9.0509e+00
636 637 8.6950e+00 8.0101e+00 8.6108e+00 9.0509e+00
637 638 8.6950e+00 8.0101e+00 8.6108e+00 9.0509e+00
638 639 8.6950e+00 8.0101e+00 8.6108e+00 9.0509e+00
639 640 8.6950e+00 8.0101e+00 8.6108e+00 9.0509e+00
640 641 8.6950e+00 8.0101e+00 8.6108e+00 9.0509e+00
641 642 8.6950e+00 8.0101e+00 8.6108e+00 9.0509e+00
642 643 8.6950e+00 8.0101e+00 8.6108e+00 9.0509e+00
643 644 8.6950e+00 8.0101e+00 8.6108e+00 9.0509e+00
644 645 8.6950e+00 8.0101e+00 8.6108e+00 9.0509e+00
645 646 8.6950e+00 8.0101e+00 8.6108e+00 9.0509e+00
646 647 8.6950e+00 8.0101e+00 8.6108e+00 9.0509e+00
647 648 8.6950e+00 8.0101e+00 8.6108e+00 9.0509e+00
648 649 8.6950e+00 8.0101e+00 8.6108e+00 9.0509e+00
649 650 8.6950e+00 8.0101e+00 8.6108e+00 9.0509e+00
650 651 8.6950e+00 8.0101e+00 8.6108e+00 9.0509e+00
651 652 8.6950e+00 8.0101e+00 8.6108e+00 9.0509e+00
652 653 8.6950e+00 8.0101e+00 8.6108e+00 9.0509e+00
653 654 8.6950e+00 8.0101e+00 8.6108e+00 9.0509e+00
654 655 8.6950e+00 8.0101e+00 8.6108e+00 9.0509e+00
655 656 8.6950e+00 8.0101e+00 8.6108e+00 9.0509e+00
656 657 8.6950e+00 8.0101e+00 8.6108e+00 9.0509e+00
657 658 8.6950e+00 8.0101e+00 8.6108e+00 9.0509e+00
658 659 8.6950e+00 8.0101e+00 8.6108e+00 9.0509e+00
659 660 8.6950e+00 8.0101e+00 8.6108e+00 9.0509e+00
660 661 8.6950e+00 8.0101e+00 8.6108e+00 9.0509e+00
661 662 8.6950e+00 8.0101e+00 8.6108e+00 9.0509e+00
662 663 8.6950e+00 8.0101e+00 8.6108e+00 9.0509e+00
663 664 8.6950e+00 8.0101e+00 8.6108e+00 9.0509e+00
664 665 8.6950e+00 8.0101e+00 8.6108e+00 9.0509e+00
665 666 8.6950e+00 8.0101e+00 8.6108e+00 9.0509e+00
666 667 8.6950e+00 8.0101e+00 8.6108e+00 9.0509e+00
667 668 8.6950e+00 8.0101e+00 8.6108e+00 9.0509e+00
668 669 8.6950e+00 8.0101e+00 8.6108e+00 9.0509e+00
669 670 8.6950e+00 8.0101e+00 8.6108e+00 9.0509e+00
670 671 8.6950e+00 8.0101e+00 8.6108e+00 9.0509e+00
671 672 8.6950e+00 8.0101e+00 8.6108e+00 9.0509e+00
672 673 8.6950e+00 8.0101e+00 8.6108e+00 9.0509e+00
673 674 8.6950e+00 8.0101e+00 8.6108e+00 9.0509e+00
674 675 8.6950e+00 8.0101e+00 8.6108e+00 9.0509e+00
675 676 8.6950e+00 8.0101e+00 8.6108e+00 9.0509e+00
676 677 8.6950e+00 8.0101e+00 8.6108e+00 9.0509e+00
677 678 8.6950e+00 8.0101e+00 8.6108e+00 9.0509e+00
678 679 8.6950e+00 8.0101e+00 8.6108e+00 9.0509e+00
679 680 8.6950e+00 8.0101e+00 8.6108e+00 9.0509e+00
680 681 8.6950e+00 8.0101e+00 8.6108e+00 9.0509e+00
681 682 8.6950e+00 8.0101e+00 8.6108e+00 9.0509e+00
682 683 8.6950e+00 8.0101e+00 8.6108e+00 9.0509e+00
683 685 8.6950e+00 8.0101e+00 8.6108e+00 9.0509e+00
685 687 8.6950e+00 8.0101e+00 8.6108e+00 9.0509e+00
687 688 8.6950e+00 8.0101e+00 8.6108e+00 9.0509e+00
688 689 8.6950e+00 8.0101e+00 8.6108e+00 9.0509e+00
689 690 8.6950e+00 8.0101e+00 8.6108e+00 9.0509e+00
690 691 8.6950e+00 8.0101e+00 8.6108e+00 9.0509e+00
691 692 8.6950e+00 8.0101e+00 8.6108e+00 9.0509e+00
692 693 8.6950e+00 8.0101e+00 8.6108e+00 9.0509e+00
693 694 8.6950e+00 8.0101e+00 8.6108e+00 9.0509e+00
694 695 8.6950e+00 8.0101e+00 8.6108e+00 9.0509e+00
695 696 8.6950e+00 8.0101e+00 8.6108e+00 9.0509e+00
696 697 8.6950e+00 8.0101e+00 8.6108e+00 9.0509e+00
697 698 8.6950e+00 8.0101e+00 8.6108e+00 9.0509e+00
698 699 8.6950e+00 8.0101e+00 8.6108e+00 9.0509e+00
699 700 8.6950e+00 8.0101e+00 8.6108e+00 9.0509e+00
700 701 8.6950e+00 8.0101e+00 8.6108e+00 9.0509e+00
701 702 8.6950e+00 8.0101e+00 8.6108e+00 9.0509e+00
702 703 8.6950e+00 8.0101e+00 8.6108e+00 9.0509e+00
703 704 8.6950e+00 8.0101e+00 8.6108e+00 9.0509e+00
704 705 8.6950e+00 8.0101e+00 8.6108e+00 9.0509e+00
705 706 8.6950e+00 8.0101e+00 8.6108e+00 9.0509e+00
706 707 8.6950e+00 8.0101e+00 8.6108e+00 9.0509e+00
707 708 8.6950e+00 8.0101e+00 8.6108e+00 9.0509e+00
708 709 8.6950e+00 8.0101e+00 8.6108e+00 9.0509e+00
709 710 8.6950e+00 8.0101e+00 8.6108e+00 9.0509e+00
710 712 8.6950e+00 8.0101e+00 8.6108e+00 9.0509e+00
712 713 8.6950e+00 8.0101e+00 8.6108e+00 9.0509e+00
713 714 8.6950e+00 8.0101e+00 8.6108e+00 9.0509e+00
714 715 8.6950e+00 8.0101e+00 8.6108e+00 9.0509e+00
715 716 8.6950e+00 8.0101e+00 8.6108e+00 9.0509e+00
716 717 8.6950e+00 8.0101e+00 8.6108e+00 9.0509e+00
717 718 8.6950e+00 8.0101e+00 8.6108e+00 9.0509e+00
718 719 8.6950e+00 8.0101e+00 8.6108e+00 9.0509e+00
719 720 8.6950e+00 8.0101e+00 8.6108e+00 9.0509e+00
720 721 8.6950e+00 8.0101e+00 8.6108e+00 9.0509e+00
721 722 8.6950e+00 8.0101e+00 8.6108e+00 9.0509e+00
722 723 8.6950e+00 8.0101e+00 8.6108e+00 9.0509e+00
723 724 8.6950e+00 8.0101e+00 8.6108e+00 9.0509e+00
724 725 8.6950e+00 8.0101e+00 8.6108e+00 9.0509e+00
725 727 8.6950e+00 8.0101e+00 8.6108e+00 9.0509e+00
727 728 8.6950e+00 8.0101e+00 8.6108e+00 9.0509e+00
728 729 8.6950e+00 8.0101e+00 8.6108e+00 9.0509e+00
729 730 8.6950e+00 8.0101e+00 8.6108e+00 9.0509e+00
730 731 8.6950e+00 8.0101e+00 8.6108e+00 9.0509e+00
731 732 8.6950e+00 8.0101e+00 8.6108e+00 9.0509e+00
732 733 8.6950e+00 8.0101e+00 8.6108e+00 9.0509e+00
733 734 8.6950e+00 8.0101e+00 8.6108e+00 9.0509e+00
734 735 8.6950e+00 8.0101e+00 8.6108e+00 9.0509e+00
735 736 8.6950e+00 8.0101e+00 8.6108e+00 9.0509e+00
736 737 8.6950e+00 8.0101e+00 8.6108e+00 9.0509e+00
737 738 8.6950e+00 8.0101e+00 8.6108e+00 9.0509e+00
738 739 8.6950e+00 8.0101e+00 8.6108e+00 9.0509e+00
739 740 8.6950e+00 8.0101e+00 8.6108e+00 9.0509e+00
740 741 8.6950e+00 8.0101e+00 8.6108e+00 9.0509e+00
741 742 8.6950e+00 8.0101e+00 8.6108e+00 9.0509e+00
742 743 8.6950e+00 8.0101e+00 8.6108e+00 9.0509e+00
743 744 8.6950e+00 8.0101e+00 8.6108e+00 9.0509e+00
744 745 8.6950e+00 8.0101e+00 8.6108e+00 9.0509e+00
745 746 8.6950e+00 8.0101e+00 8.6108e+00 9.0509e+00
746 748 8.6950e+00 8.0101e+00 8.6108e+00 9.0509e+00
748 749 8.6950e+00 8.0101e+00 8.6108e+00 9.0509e+00
749 750 8.6950e+00 8.0101e+00 8.6108e+00 9.0509e+00
750 751 8.6950e+00 8.0101e+00 8.6108e+00 9.0509e+00
751 752 8.6950e+00 8.0101e+00 8.6108e+00 9.0509e+00
752 753 8.6950e+00 8.0101e+00 8.6108e+00 9.0509e+00
753 755 8.6950e+00 8.0101e+00 8.6108e+00 9.0509e+00
755 756 8.6950e+00 8.0101e+00 8.6108e+00 9.0509e+00
756 757 8.6950e+00 8.0101e+00 8.6108e+00 9.0509e+00
757 758 8.6950e+00 8.0101e+00 8.6108e+00 9.0509e+00
758 759 8.6950e+00 8.0101e+00 8.6108e+00 9.0509e+00
759 760 8.6950e+00 8.0101e+00 8.6108e+00 9.0509e+00
760 761 8.6950e+00 8.0101e+00 8.6108e+00 9.0509e+00
761 762 8.6950e+00 8.0101e+00 8.6108e+00 9.0509e+00
762 763 8.6950e+00 8.0101e+00 8.6108e+00 9.0509e+00
763 764 8.6950e+00 8.0101e+00 8.6108e+00 9.0509e+00
764 765 8.6950e+00 8.0101e+00 8.6108e+00 9.0509e+00
765 766 8.6950e+00 8.0101e+00 8.6108e+00 9.0509e+00
766 767 8.6950e+00 8.0101e+00 8.6108e+00 9.0509e+00
767 768 8.6950e+00 8.0101e+00 8.6108e+00 9.0509e+00
768 769 8.6950e+00 8.0101e+00 8.6108e+00 9.0509e+00
769 770 8.6950e+00 8.0101e+00 8.6108e+00 9.0509e+00
770 771 8.6950e+00 8.0101e+00 8.6108e+00 9.0509e+00
771 772 8.6950e+00 8.0101e+00 8.6108e+00 9.0509e+00
772 773 8.6950e+00 8.0101e+00 8.6108e+00 9.0509e+00
773 774 8.6950e+00 8.0101e+00 8.6108e+00 9.0509e+00
774 775 8.6950e+00 8.0101e+00 8.6108e+00 9.0509e+00
775 776 8.6950e+00 8.0101e+00 8.6108e+00 9.0509e+00
776 777 8.6950e+00 8.0101e+00 8.6108e+00 9.0509e+00
777 778 8.6950e+00 8.0101e+00 8.6108e+00 9.0509e+00
778 779 8.6950e+00 8.0101e+00 8.6108e+00 9.0509e+00
779 780 8.6950e+00 8.0101e+00 8.6108e+00 9.0509e+00
780 781 8.6950e+00 8.0101e+00 8.6108e+00 9.0509e+00
781 782 8.6950e+00 8.0101e+00 8.6108e+00 9.0509e+00
782 783 8.6950e+00 8.0101e+00 8.6108e+00 9.0509e+00
783 784 8.6950e+00 8.0101e+00 8.6108e+00 9.0509e+00
784 785 8.6950e+00 8.0101e+00 8.6108e+00 9.0509e+00
785 786 8.6950e+00 8.0101e+00 8.6108e+00 9.0509e+00
786 787 8.6950e+00 8.0101e+00 8.6108e+00 9.0509e+00
787 788 8.6950e+00 8.0101e+00 8.6108e+00 9.0509e+00
788 789 8.6950e+00 8.0101e+00 8.6108e+00 9.0509e+00
789 790 8.6950e+00 8.0101e+00 8.6108e+00 9.0509e+00
790 791 8.6950e+00 8.0101e+00 8.6108e+00 9.0509e+00
791 792 8.6950e+00 8.0101e+00 8.6108e+00 9.0509e+00
792 793 8.6950e+00 8.0101e+00 8.6108e+00 9.0509e+00
793 794 8.6950e+00 8.0101e+00 8.6108e+00 9.0509e+00
794 795 8.6950e+00 8.0101e+00 8.6108e+00 9.0509e+00
795 796 8.6950e+00 8.0101e+00 8.6108e+00 9.0509e+00
796 797 8.6950e+00 8.0101e+00 8.6108e+00 9.0509e+00
797 798 8.6950e+00 8.0101e+00 8.6108e+00 9.0509e+00
798 799 8.6950e+00 8.0101e+00 8.6108e+00 9.0509e+00
799 800 8.6950e+00 8.0101e+00 8.6108e+00 9.0509e+00
800 801 8.6950e+00 8.0101e+00 8.6108e+00 9.0509e+00
801 802 8.6950e+00 8.0101e+00 8.6108e+00 9.0509e+00
802 803 8.6950e+00 8.0101e+00 8.6108e+00 9.0509e+00
803 804 8.6950e+00 8.0101e+00 8.6108e+00 9.0509e+00
804 805 8.6950e+00 8.0101e+00 8.6108e+00 9.0509e+00
805 806 8.6950e+00 8.0101e+00 8.6108e+00 9.0509e+00
806 807 8.6950e+00 8.0101e+00 8.6108e+00 9.0509e+00
807 808 8.6950e+00 8.0101e+00 8.6108e+00 9.0509e+00
808 810 8.6950e+00 8.0101e+00 8.6108e+00 9.0509e+00
810 811 8.6950e+00 8.0101e+00 8.6108e+00 9.0509e+00
811 812 8.6950e+00 8.0101e+00 8.6108e+00 9.0509e+00
812 813 8.6950e+00 8.0101e+00 8.6108e+00 9.0509e+00
813 814 8.6950e+00 8.0101e+00 8.6108e+00 9.0509e+00
814 815 8.6950e+00 8.0101e+00 8.6108e+00 9.0509e+00
815 816 8.6950e+00 8.0101e+00 8.6108e+00 9.0509e+00
816 817 8.6950e+00 8.0101e+00 8.6108e+00 9.0509e+00
817 818 8.6950e+00 8.0101e+00 8.6108e+00 9.0509e+00
818 819 8.6950e+00 8.0101e+00 8.6108e+00 9.0509e+00
819 820 8.6950e+00 8.0101e+00 8.6108e+00 9.0509e+00
820 821 8.6950e+00 8.0101e+00 8.6108e+00 9.0509e+00
821 822 8.6950e+00 8.0101e+00 8.6108e+00 9.0509e+00
822 823 8.6950e+00 8.0101e+00 8.6108e+00 9.0509e+00
823 824 8.6950e+00 8.0101e+00 8.6108e+00 9.0509e+00
824 825 8.6950e+00 8.0101e+00 8.6108e+00 9.0509e+00
825 826 8.6950e+00 8.0101e+00 8.6108e+00 9.0509e+00
826 827 8.6950e+00 8.0101e+00 8.6108e+00 9.0509e+00
827 828 8.6950e+00 8.0101e+00 8.6108e+00 9.0509e+00
828 829 8.6950e+00 8.0101e+00 8.6108e+00 9.0509e+00
829 830 8.6950e+00 8.0101e+00 8.6108e+00 9.0509e+00
830 831 8.6950e+00 8.0101e+00 8.6108e+00 9.0509e+00
831 832 8.6950e+00 8.0101e+00 8.6108e+00 9.0509e+00
832 833 8.6950e+00 8.0101e+00 8.6108e+00 9.0509e+00
833 834 8.6950e+00 8.0101e+00 8.6108e+00 9.0509e+00
834 835 8.6950e+00 8.0101e+00 8.6108e+00 9.0509e+00
835 836 8.6950e+00 8.0101e+00 8.6108e+00 9.0509e+00
836 837 8.6950e+00 8.0101e+00 8.6108e+00 9.0509e+00
837 838 8.6950e+00 8.0101e+00 8.6108e+00 9.0509e+00
838 839 8.6950e+00 8.0101e+00 8.6108e+00 9.0509e+00
839 840 8.6950e+00 8.0101e+00 8.6108e+00 9.0509e+00
840 841 8.6950e+00 8.0101e+00 8.6108e+00 9.0509e+00
841 842 8.6950e+00 8.0101e+00 8.6108e+00 9.0509e+00
842 843 8.6950e+00 8.0101e+00 8.6108e+00 9.0509e+00
843 844 8.6950e+00 8.0101e+00 8.6108e+00 9.0509e+00
844 845 8.6950e+00 8.0101e+00 8.6108e+00 9.0509e+00
845 847 8.6950e+00 8.0101e+00 8.6108e+00 9.0509e+00
847 848 8.6950e+00 8.0101e+00 8.6108e+00 9.0509e+00
848 849 8.6950e+00 8.0101e+00 8.6108e+00 9.0509e+00
849 850 8.6950e+00 8.0101e+00 8.6108e+00 9.0509e+00
850 851 8.6950e+00 8.0101e+00 8.6108e+00 9.0509e+00
851 852 8.6950e+00 8.0101e+00 8.6108e+00 9.0509e+00
852 853 8.6950e+00 8.0101e+00 8.6108e+00 9.0509e+00
853 856 8.6950e+00 8.0101e+00 8.6108e+00 9.0509e+00
856 857 8.6950e+00 8.0101e+00 8.6108e+00 9.0509e+00
857 858 8.6950e+00 8.0101e+00 8.6108e+00 9.0509e+00
858 859 8.6950e+00 8.0101e+00 8.6108e+00 9.0509e+00
859 860 8.6950e+00 8.0101e+00 8.6108e+00 9.0509e+00
860 861 8.6950e+00 8.0101e+00 8.6108e+00 9.0509e+00
861 862 8.6950e+00 8.0101e+00 8.6108e+00 9.0509e+00
862 863 8.6950e+00 8.0101e+00 8.6108e+00 9.0509e+00
863 864 8.6950e+00 8.0101e+00 8.6108e+00 9.0509e+00
864 865 8.6950e+00 8.0101e+00 8.6108e+00 9.0509e+00
865 866 8.6950e+00 8.0101e+00 8.6108e+00 9.0509e+00
866 867 8.6950e+00 8.0101e+00 8.6108e+00 9.0509e+00
867 868 8.6950e+00 8.0101e+00 8.6108e+00 9.0509e+00
868 869 8.6950e+00 8.0101e+00 8.6108e+00 9.0509e+00
869 870 8.6950e+00 8.0101e+00 8.6108e+00 9.0509e+00
870 871 8.6950e+00 8.0101e+00 8.6108e+00 9.0509e+00
871 872 8.6950e+00 8.0101e+00 8.6108e+00 9.0509e+00
872 873 8.6950e+00 8.0101e+00 8.6108e+00 9.0509e+00
873 874 8.6950e+00 8.0101e+00 8.6108e+00 9.0509e+00
874 875 8.6950e+00 8.0101e+00 8.6108e+00 9.0509e+00
875 876 8.6950e+00 8.0101e+00 8.6108e+00 9.0509e+00
876 877 8.6950e+00 8.0101e+00 8.6108e+00 9.0509e+00
877 878 8.6950e+00 8.0101e+00 8.6108e+00 9.0509e+00
878 879 8.6950e+00 8.0101e+00 8.6108e+00 9.0509e+00
879 880 8.6950e+00 8.0101e+00 8.6108e+00 9.0509e+00
880 881 8.6950e+00 8.0101e+00 8.6108e+00 9.0509e+00
881 882 8.6950e+00 8.0101e+00 8.6108e+00 9.0509e+00
882 883 8.6950e+00 8.0101e+00 8.6108e+00 9.0509e+00
883 884 8.6950e+00 8.0101e+00 8.6108e+00 9.0509e+00
884 885 8.6950e+00 8.0101e+00 8.6108e+00 9.0509e+00
885 886 8.6950e+00 8.0101e+00 8.6108e+00 9.0509e+00
886 887 8.6950e+00 8.0101e+00 8.6108e+00 9.0509e+00
887 888 8.6950e+00 8.0101e+00 8.6108e+00 9.0509e+00
888 889 8.6950e+00 8.0101e+00 8.6108e+00 9.0509e+00
889 890 8.6950e+00 8.0101e+00 8.6108e+00 9.0509e+00
890 891 8.6950e+00 8.0101e+00 8.6108e+00 9.0509e+00
891 892 8.6950e+00 8.0101e+00 8.6108e+00 9.0509e+00
892 893 8.6950e+00 8.0101e+00 8.6108e+00 9.0509e+00
893 894 8.6950e+00 8.0101e+00 8.6108e+00 9.0509e+00
894 895 8.6950e+00 8.0101e+00 8.6108e+00 9.0509e+00
895 896 8.6950e+00 8.0101e+00 8.6108e+00 9.0509e+00
896 898 8.6950e+00 8.0101e+00 8.6108e+00 9.0509e+00
898 899 8.6950e+00 8.0101e+00 8.6108e+00 9.0509e+00
899 900 8.6950e+00 8.0101e+00 8.6108e+00 9.0509e+00
900 901 8.6950e+00 8.0101e+00 8.6108e+00 9.0509e+00
901 902 8.6950e+00 8.0101e+00 8.6108e+00 9.0509e+00
902 903 8.6950e+00 8.0101e+00 8.6108e+00 9.0509e+00
903 904 8.6950e+00 8.0101e+00 8.6108e+00 9.0509e+00
904 905 8.6950e+00 8.0101e+00 8.6108e+00 9.0509e+00
905 906 8.6950e+00 8.0101e+00 8.6108e+00 9.0509e+00
906 907 8.6950e+00 8.0101e+00 8.6108e+00 9.0509e+00
907 908 8.6950e+00 8.0101e+00 8.6108e+00 9.0509e+00
908 909 8.6950e+00 8.0101e+00 8.6108e+00 9.0509e+00
909 910 8.6950e+00 8.0101e+00 8.6108e+00 9.0509e+00
910 911 8.6950e+00 8.0101e+00 8.6108e+00 9.0509e+00
911 912 8.6950e+00 8.0101e+00 8.6108e+00 9.0509e+00
912 913 8.6950e+00 8.0101e+00 8.6108e+00 9.0509e+00
913 915 8.6950e+00 8.0101e+00 8.6108e+00 9.0509e+00
915 916 8.6950e+00 8.0101e+00 8.6108e+00 9.0509e+00
916 917 8.6950e+00 8.0101e+00 8.6108e+00 9.0509e+00
917 918 8.6950e+00 8.0101e+00 8.6108e+00 9.0509e+00
918 919 8.6950e+00 8.0101e+00 8.6108e+00 9.0509e+00
919 920 8.6950e+00 8.0101e+00 8.6108e+00 9.0509e+00
920 921 8.6950e+00 8.0101e+00 8.6108e+00 9.0509e+00
921 922 8.6950e+00 8.0101e+00 8.6108e+00 9.0509e+00
922 923 8.6950e+00 8.0101e+00 8.6108e+00 9.0509e+00
923 924 8.6950e+00 8.0101e+00 8.6108e+00 9.0509e+00
924 925 8.6950e+00 8.0101e+00 8.6108e+00 9.0509e+00
925 926 8.6950e+00 8.0101e+00 8.6108e+00 9.0509e+00
926 928 8.6950e+00 8.0101e+00 8.6108e+00 9.0509e+00
928 929 8.6950e+00 8.0101e+00 8.6108e+00 9.0509e+00
929 930 8.6950e+00 8.0101e+00 8.6108e+00 9.0509e+00
930 932 8.6950e+00 8.0101e+00 8.6108e+00 9.0509e+00
932 933 8.6950e+00 8.0101e+00 8.6108e+00 9.0509e+00
933 934 8.6950e+00 8.0101e+00 8.6108e+00 9.0509e+00
934 935 8.6950e+00 8.0101e+00 8.6108e+00 9.0509e+00
935 936 8.6950e+00 8.0101e+00 8.6108e+00 9.0509e+00
936 937 8.6950e+00 8.0101e+00 8.6108e+00 9.0509e+00
937 938 8.6950e+00 8.0101e+00 8.6108e+00 9.0509e+00
938 939 8.6950e+00 8.0101e+00 8.6108e+00 9.0509e+00
939 940 8.6950e+00 8.0101e+00 8.6108e+00 9.0509e+00
940 941 8.6950e+00 8.0101e+00 8.6108e+00 9.0509e+00
941 942 8.6950e+00 8.0101e+00 8.6108e+00 9.0509e+00
942 943 8.6950e+00 8.0101e+00 8.6108e+00 9.0509e+00
943 944 8.6950e+00 8.0101e+00 8.6108e+00 9.0509e+00
944 945 8.6950e+00 8.0101e+00 8.6108e+00 9.0509e+00
945 946 8.6950e+00 8.0101e+00 8.6108e+00 9.0509e+00
946 947 8.6950e+00 8.0101e+00 8.6108e+00 9.0509e+00
947 948 8.6950e+00 8.0101e+00 8.6108e+00 9.0509e+00
948 949 8.6950e+00 8.0101e+00 8.6108e+00 9.0509e+00
949 950 8.6950e+00 8.0101e+00 8.6108e+00 9.0509e+00
950 951 8.6950e+00 8.0101e+00 8.6108e+00 9.0509e+00
951 952 8.6950e+00 8.0101e+00 8.6108e+00 9.0509e+00
952 953 8.6950e+00 8.0101e+00 8.6108e+00 9.0509e+00
953 954 8.6950e+00 8.0101e+00 8.6108e+00 9.0509e+00
954 955 8.6950e+00 8.0101e+00 8.6108e+00 9.0509e+00
955 956 8.6950e+00 8.0101e+00 8.6108e+00 9.0509e+00
956 957 8.6950e+00 8.0101e+00 8.6108e+00 9.0509e+00
957 958 8.6950e+00 8.0101e+00 8.6108e+00 9.0509e+00
958 959 8.6950e+00 8.0101e+00 8.6108e+00 9.0509e+00
959 960 8.6950e+00 8.0101e+00 8.6108e+00 9.0509e+00
960 961 8.6950e+00 8.0101e+00 8.6108e+00 9.0509e+00
961 962 8.6950e+00 8.0101e+00 8.6108e+00 9.0509e+00
962 963 8.6950e+00 8.0101e+00 8.6108e+00 9.0509e+00
963 964 8.6950e+00 8.0101e+00 8.6108e+00 9.0509e+00
964 965 8.6950e+00 8.0101e+00 8.6108e+00 9.0509e+00
965 966 8.6950e+00 8.0101e+00 8.6108e+00 9.0509e+00
966 967 8.6950e+00 8.0101e+00 8.6108e+00 9.0509e+00
967 968 8.6950e+00 8.0101e+00 8.6108e+00 9.0509e+00
968 969 8.6950e+00 8.0101e+00 8.6108e+00 9.0509e+00
969 970 8.6950e+00 8.0101e+00 8.6108e+00 9.0509e+00
970 971 8.6950e+00 8.0101e+00 8.6108e+00 9.0509e+00
971 972 8.6950e+00 8.0101e+00 8.6108e+00 9.0509e+00
972 973 8.6950e+00 8.0101e+00 8.6108e+00 9.0509e+00
973 974 8.6950e+00 8.0101e+00 8.6108e+00 9.0509e+00
974 975 8.6950e+00 8.0101e+00 8.6108e+00 9.0509e+00
975 976 8.6950e+00 8.0101e+00 8.6108e+00 9.0509e+00
976 977 8.6950e+00 8.0101e+00 8.6108e+00 9.0509e+00
977 978 8.6950e+00 8.0101e+00 8.6108e+00 9.0509e+00
978 979 8.6950e+00 8.0101e+00 8.6108e+00 9.0509e+00
979 980 8.6950e+00 8.0101e+00 8.6108e+00 9.0509e+00
980 981 8.6950e+00 8.0101e+00 8.6108e+00 9.0509e+00
981 982 8.6950e+00 8.0101e+00 8.6108e+00 9.0509e+00
982 984 8.6950e+00 8.0101e+00 8.6108e+00 9.0509e+00
984 985 8.6950e+00 8.0101e+00 8.6108e+00 9.0509e+00
985 986 8.6950e+00 8.0101e+00 8.6108e+00 9.0509e+00
986 987 8.6950e+00 8.0101e+00 8.6108e+00 9.0509e+00
987 988 8.6950e+00 8.0101e+00 8.6108e+00 9.0509e+00
988 989 8.6950e+00 8.0101e+00 8.6108e+00 9.0509e+00
989 990 8.6950e+00 8.0101e+00 8.6108e+00 9.0509e+00
990 991 8.6950e+00 8.0101e+00 8.6108e+00 9.0509e+00
991 993 8.6950e+00 8.0101e+00 8.6108e+00 9.0509e+00
993 994 8.6950e+00 8.0101e+00 8.6108e+00 9.0509e+00
994 995 8.6950e+00 8.0101e+00 8.6108e+00 9.0509e+00
995 996 8.6950e+00 8.0101e+00 8.6108e+00 9.0509e+00
996 998 8.6950e+00 8.0101e+00 8.6108e+00 9.0509e+00
998 999 8.6950e+00 8.0101e+00 8.6108e+00 9.0509e+00
999 1000 8.6950e+00 8.0101e+00 8.6108e+00 9.0509e+00
1000 1001 8.6950e+00 8.0101e+00 8.6108e+00 9.0509e+00
1001 1002 8.6950e+00 8.0101e+00 8.6108e+00 9.0509e+00
1002 1003 8.6950e+00 8.0101e+00 8.6108e+00 9.0509e+00
1003 1004 8.6950e+00 8.0101e+00 8.6108e+00 9.0509e+00
1004 1005 8.6950e+00 8.0101e+00 8.6108e+00 9.0509e+00
1005 1006 8.6950e+00 8.0101e+00 8.6108e+00 9.0509e+00
1006 1007 8.6950e+00 8.0101e+00 8.6108e+00 9.0509e+00
1007 1008 8.6950e+00 8.0101e+00 8.6108e+00 9.0509e+00
1008 1009 8.6950e+00 8.0101e+00 8.6108e+00 9.0509e+00
1009 1010 8.6950e+00 8.0101e+00 8.6108e+00 9.0509e+00
1010 1011 8.6950e+00 8.0101e+00 8.6108e+00 9.0509e+00
1011 1012 8.6950e+00 8.0101e+00 8.6108e+00 9.0509e+00
1012 1013 8.6950e+00 8.0101e+00 8.6108e+00 9.0509e+00
1013 1014 8.6950e+00 8.0101e+00 8.6108e+00 9.0509e+00
1014 1015 8.6950e+00 8.0101e+00 8.6108e+00 9.0509e+00
1015 1016 8.6950e+00 8.0101e+00 8.6108e+00 9.0509e+00
1016 1017 8.6950e+00 8.0101e+00 8.6108e+00 9.0509e+00
1017 1018 8.6950e+00 8.0101e+00 8.6108e+00 9.0509e+00
1018 1019 8.6950e+00 8.0101e+00 8.6108e+00 9.0509e+00
1019 1020 8.6950e+00 8.0101e+00 8.6108e+00 9.0509e+00
1020 1021 8.6950e+00 8.0101e+00 8.6108e+00 9.0509e+00
1021 1022 8.6950e+00 8.0101e+00 8.6108e+00 9.0509e+00
1022 1024 8.6950e+00 8.0101e+00 8.6108e+00 9.0509e+00
1024 1025 8.6950e+00 8.0101e+00 8.6108e+00 9.0509e+00
1025 1026 8.6950e+00 8.0101e+00 8.6108e+00 9.0509e+00
1026 1027 8.6950e+00 8.0101e+00 8.6108e+00 9.0509e+00
1027 1028 8.6950e+00 8.0101e+00 8.6108e+00 9.0509e+00
1028 1029 8.6950e+00 8.0101e+00 8.6108e+00 9.0509e+00
1029 1030 8.6950e+00 8.0101e+00 8.6108e+00 9.0509e+00
1030 1031 8.6950e+00 8.0101e+00 8.6108e+00 9.0509e+00
1031 1032 8.6950e+00 8.0101e+00 8.6108e+00 9.0509e+00
1032 1033 8.6950e+00 8.0101e+00 8.6108e+00 9.0509e+00
1033 1034 8.6950e+00 8.0101e+00 8.6108e+00 9.0509e+00
1034 1035 8.6950e+00 8.0101e+00 8.6108e+00 9.0509e+00
1035 1036 8.6950e+00 8.0101e+00 8.6108e+00 9.0509e+00
1036 1037 8.6950e+00 8.0101e+00 8.6108e+00 9.0509e+00
1037 1038 8.6950e+00 8.0101e+00 8.6108e+00 9.0509e+00
1038 1039 8.6950e+00 8.0101e+00 8.6108e+00 9.0509e+00
1039 1040 8.6950e+00 8.0101e+00 8.6108e+00 9.0509e+00
1040 1041 8.6950e+00 8.0101e+00 8.6108e+00 9.0509e+00
1041 1042 8.6950e+00 8.0101e+00 8.6108e+00 9.0509e+00
1042 1043 8.6950e+00 8.0101e+00 8.6108e+00 9.0509e+00
1043 1044 8.6950e+00 8.0101e+00 8.6108e+00 9.0509e+00
1044 1045 8.6950e+00 8.0101e+00 8.6108e+00 9.0509e+00
1045 1046 8.6950e+00 8.0101e+00 8.6108e+00 9.0509e+00
1046 1047 8.6950e+00 8.0101e+00 8.6108e+00 9.0509e+00
1047 1049 8.6950e+00 8.0101e+00 8.6108e+00 9.0509e+00
1049 1050 8.6950e+00 8.0101e+00 8.6108e+00 9.0509e+00
1050 1051 8.6950e+00 8.0101e+00 8.6108e+00 9.0509e+00
1051 1052 8.6950e+00 8.0101e+00 8.6108e+00 9.0509e+00
1052 1053 8.6950e+00 8.0101e+00 8.6108e+00 9.0509e+00
1053 1054 8.6950e+00 8.0101e+00 8.6108e+00 9.0509e+00
1054 1055 8.6950e+00 8.0101e+00 8.6108e+00 9.0509e+00
1055 1056 8.6950e+00 8.0101e+00 8.6108e+00 9.0509e+00
1056 1057 8.6950e+00 8.0101e+00 8.6108e+00 9.0509e+00
1057 1058 8.6950e+00 8.0101e+00 8.6108e+00 9.0509e+00
1058 1059 8.6950e+00 8.0101e+00 8.6108e+00 9.0509e+00
1059 1060 8.6950e+00 8.0101e+00 8.6108e+00 9.0509e+00
1060 1061 8.6950e+00 8.0101e+00 8.6108e+00 9.0509e+00
1061 1062 8.6950e+00 8.0101e+00 8.6108e+00 9.0509e+00
1062 1063 8.6950e+00 8.0101e+00 8.6108e+00 9.0509e+00
1063 1064 8.6950e+00 8.0101e+00 8.6108e+00 9.0509e+00
1064 1065 8.6950e+00 8.0101e+00 8.6108e+00 9.0509e+00
1065 1066 8.6950e+00 8.0101e+00 8.6108e+00 9.0509e+00
1066 1067 8.6950e+00 8.0101e+00 8.6108e+00 9.0509e+00
1067 1068 8.6950e+00 8.0101e+00 8.6108e+00 9.0509e+00
1068 1069 8.6950e+00 8.0101e+00 8.6108e+00 9.0509e+00
1069 1070 8.6950e+00 8.0101e+00 8.6108e+00 9.0509e+00
1070 1071 8.6950e+00 8.0101e+00 8.6108e+00 9.0509e+00
1071 1073 8.6950e+00 8.0101e+00 8.6108e+00 9.0509e+00
1073 1074 8.6950e+00 8.0101e+00 8.6108e+00 9.0509e+00
1074 1075 8.6950e+00 8.0101e+00 8.6108e+00 9.0509e+00
1075 1076 8.6950e+00 8.0101e+00 8.6108e+00 9.0509e+00
1076 1077 8.6950e+00 8.0101e+00 8.6108e+00 9.0509e+00
1077 1078 8.6950e+00 8.0101e+00 8.6108e+00 9.0509e+00
1078 1079 8.6950e+00 8.0101e+00 8.6108e+00 9.0509e+00
1079 1080 8.6950e+00 8.0101e+00 8.6108e+00 9.0509e+00
1080 1081 8.6950e+00 8.0101e+00 8.6108e+00 9.0509e+00
1081 1082 8.6950e+00 8.0101e+00 8.6108e+00 9.0509e+00
1082 1083 8.6950e+00 8.0101e+00 8.6108e+00 9.0509e+00
1083 1084 8.6950e+00 8.0101e+00 8.6108e+00 9.0509e+00
1084 1085 8.6950e+00 8.0101e+00 8.6108e+00 9.0509e+00
1085 1086 8.6950e+00 8.0101e+00 8.6108e+00 9.0509e+00
1086 1087 8.6950e+00 8.0101e+00 8.6108e+00 9.0509e+00
1087 1088 8.6950e+00 8.0101e+00 8.6108e+00 9.0509e+00
1088 1089 8.6950e+00 8.0101e+00 8.6108e+00 9.0509e+00
1089 1090 8.6950e+00 8.0101e+00 8.6108e+00 9.0509e+00
1090 1091 8.6950e+00 8.0101e+00 8.6108e+00 9.0509e+00
1091 1092 8.6950e+00 8.0101e+00 8.6108e+00 9.0509e+00
1092 1093 8.6950e+00 8.0101e+00 8.6108e+00 9.0509e+00
1093 1094 8.6950e+00 8.0101e+00 8.6108e+00 9.0509e+00
1094 1095 8.6950e+00 8.0101e+00 8.6108e+00 9.0509e+00
1095 1096 8.6950e+00 8.0101e+00 8.6108e+00 9.0509e+00
1096 1097 8.6950e+00 8.0101e+00 8.6108e+00 9.0509e+00
1097 1098 8.6950e+00 8.0101e+00 8.6108e+00 9.0509e+00
1098 1099 8.6950e+00 8.0101e+00 8.6108e+00 9.0509e+00
1099 1100 8.6950e+00 8.0101e+00 8.6108e+00 9.0509e+00
1100 1101 8.6950e+00 8.0101e+00 8.6108e+00 9.0509e+00
1101 1102 8.6950e+00 8.0101e+00 8.6108e+00 9.0509e+00
1102 1103 8.6950e+00 8.0101e+00 8.6108e+00 9.0509e+00
1103 1104 8.6950e+00 8.0101e+00 8.6108e+00 9.0509e+00
1104 1105 8.6950e+00 8.0101e+00 8.6108e+00 9.0509e+00
1105 1106 8.6950e+00 8.0101e+00 8.6108e+00 9.0509e+00
1106 1107 8.6950e+00 8.0101e+00 8.6108e+00 9.0509e+00
1107 1108 8.6950e+00 8.0101e+00 8.6108e+00 9.0509e+00
1108 1109 8.6950e+00 8.0101e+00 8.6108e+00 9.0509e+00
1109 1110 8.6950e+00 8.0101e+00 8.6108e+00 9.0509e+00
1110 1111 8.6950e+00 8.0101e+00 8.6108e+00 9.0509e+00
1111 1113 8.6950e+00 8.0101e+00 8.6108e+00 9.0509e+00
1113 1114 8.6950e+00 8.0101e+00 8.6108e+00 9.0509e+00
1114 1115 8.6950e+00 8.0101e+00 8.6108e+00 9.0509e+00
1115 1116 8.6950e+00 8.0101e+00 8.6108e+00 9.0509e+00
1116 1117 8.6950e+00 8.0101e+00 8.6108e+00 9.0509e+00
1117 1118 8.6950e+00 8.0101e+00 8.6108e+00 9.0509e+00
1118 1119 8.6950e+00 8.0101e+00 8.6108e+00 9.0509e+00
1119 1120 8.6950e+00 8.0101e+00 8.6108e+00 9.0509e+00
1120 1121 8.6950e+00 8.0101e+00 8.6108e+00 9.0509e+00
1121 1122 8.6950e+00 8.0101e+00 8.6108e+00 9.0509e+00
1122 1123 8.6950e+00 8.0101e+00 8.6108e+00 9.0509e+00
1123 1124 8.6950e+00 8.0101e+00 8.6108e+00 9.0509e+00
1124 1125 8.6950e+00 8.0101e+00 8.6108e+00 9.0509e+00
1125 1126 8.6950e+00 8.0101e+00 8.6108e+00 9.0509e+00
1126 1127 8.6950e+00 8.0101e+00 8.6108e+00 9.0509e+00
1127 1128 8.6950e+00 8.0101e+00 8.6108e+00 9.0509e+00
1128 1129 8.6950e+00 8.0101e+00 8.6108e+00 9.0509e+00
1129 1130 8.6950e+00 8.0101e+00 8.6108e+00 9.0509e+00
1130 1131 8.6950e+00 8.0101e+00 8.6108e+00 9.0509e+00
1131 1132 8.6950e+00 8.0101e+00 8.6108e+00 9.0509e+00
1132 1133 8.6950e+00 8.0101e+00 8.6108e+00 9.0509e+00
1133 1134 8.6950e+00 8.0101e+00 8.6108e+00 9.0509e+00
1134 1135 8.6950e+00 8.0101e+00 8.6108e+00 9.0509e+00
1135 1136 8.6950e+00 8.0101e+00 8.6108e+00 9.0509e+00
1136 1137 8.6950e+00 8.0101e+00 8.6108e+00 9.0509e+00
1137 1138 8.6950e+00 8.0101e+00 8.6108e+00 9.0509e+00
1138 1139 8.6950e+00 8.0101e+00 8.6108e+00 9.0509e+00
1139 1140 8.6950e+00 8.0101e+00 8.6108e+00 9.0509e+00
1140 1141 8.6950e+00 8.0101e+00 8.6108e+00 9.0509e+00
1141 1142 8.6950e+00 8.0101e+00 8.6108e+00 9.0509e+00
1142 1143 8.6950e+00 8.0101e+00 8.6108e+00 9.0509e+00
1143 1144 8.6950e+00 8.0101e+00 8.6108e+00 9.0509e+00
1144 1145 8.6950e+00 8.0101e+00 8.6108e+00 9.0509e+00
1145 1146 8.6950e+00 8.0101e+00 8.6108e+00 9.0509e+00
1146 1147 8.6950e+00 8.0101e+00 8.6108e+00 9.0509e+00
1147 1148 8.6950e+00 8.0101e+00 8.6108e+00 9.0509e+00
1148 1149 8.6950e+00 8.0101e+00 8.6108e+00 9.0509e+00
1149 1151 8.6950e+00 8.0101e+00 8.6108e+00 9.0509e+00
1151 1152 8.6950e+00 8.0101e+00 8.6108e+00 9.0509e+00
1152 1153 8.6950e+00 8.0101e+00 8.6108e+00 9.0509e+00
1153 1154 8.6950e+00 8.0101e+00 8.6108e+00 9.0509e+00
1154 1155 8.6950e+00 8.0101e+00 8.6108e+00 9.0509e+00
1155 1156 8.6950e+00 8.0101e+00 8.6108e+00 9.0509e+00
1156 1157 8.6950e+00 8.0101e+00 8.6108e+00 9.0509e+00
1157 1158 8.6950e+00 8.0101e+00 8.6108e+00 9.0509e+00
1158 1159 8.6950e+00 8.0101e+00 8.6108e+00 9.0509e+00
1159 1160 8.6950e+00 8.0101e+00 8.6108e+00 9.0509e+00
1160 1161 8.6950e+00 8.0101e+00 8.6108e+00 9.0509e+00
1161 1162 8.6950e+00 8.0101e+00 8.6108e+00 9.0509e+00
1162 1163 8.6950e+00 8.0101e+00 8.6108e+00 9.0509e+00
1163 1164 8.6950e+00 8.0101e+00 8.6108e+00 9.0509e+00
1164 1165 8.6950e+00 8.0101e+00 8.6108e+00 9.0509e+00
1165 1166 8.6950e+00 8.0101e+00 8.6108e+00 9.0509e+00
1166 1167 8.6950e+00 8.0101e+00 8.6108e+00 9.0509e+00
1167 1169 8.6950e+00 8.0101e+00 8.6108e+00 9.0509e+00
1169 1170 8.6950e+00 8.0101e+00 8.6108e+00 9.0509e+00
1170 1171 8.6950e+00 8.0101e+00 8.6108e+00 9.0509e+00
1171 1172 8.6950e+00 8.0101e+00 8.6108e+00 9.0509e+00
1172 1173 8.6950e+00 8.0101e+00 8.6108e+00 9.0509e+00
1173 1174 8.6950e+00 8.0101e+00 8.6108e+00 9.0509e+00
1174 1175 8.6950e+00 8.0101e+00 8.6108e+00 9.0509e+00
1175 1177 8.6950e+00 8.0101e+00 8.6108e+00 9.0509e+00
1177 1178 8.6950e+00 8.0101e+00 8.6108e+00 9.0509e+00
1178 1179 8.6950e+00 8.0101e+00 8.6108e+00 9.0509e+00
1179 1180 8.6950e+00 8.0101e+00 8.6108e+00 9.0509e+00
1180 1181 8.6950e+00 8.0101e+00 8.6108e+00 9.0509e+00
1181 1182 8.6950e+00 8.0101e+00 8.6108e+00 9.0509e+00
1182 1184 8.6950e+00 8.0101e+00 8.6108e+00 9.0509e+00
1184 1185 8.6950e+00 8.0101e+00 8.6108e+00 9.0509e+00
1185 1186 8.6950e+00 8.0101e+00 8.6108e+00 9.0509e+00
1186 1187 8.6950e+00 8.0101e+00 8.6108e+00 9.0509e+00
1187 1188 8.6950e+00 8.0101e+00 8.6108e+00 9.0509e+00
1188 1189 8.6950e+00 8.0101e+00 8.6108e+00 9.0509e+00
1189 1190 8.6950e+00 8.0101e+00 8.6108e+00 9.0509e+00
1190 1191 8.6950e+00 8.0101e+00 8.6108e+00 9.0509e+00
1191 1192 8.6950e+00 8.0101e+00 8.6108e+00 9.0509e+00
1192 1193 8.6950e+00 8.0101e+00 8.6108e+00 9.0509e+00
1193 1194 8.6950e+00 8.0101e+00 8.6108e+00 9.0509e+00
1194 1195 8.6950e+00 8.0101e+00 8.6108e+00 9.0509e+00
1195 1196 8.6950e+00 8.0101e+00 8.6108e+00 9.0509e+00
1196 1197 8.6950e+00 8.0101e+00 8.6108e+00 9.0509e+00
1197 1198 8.6950e+00 8.0101e+00 8.6108e+00 9.0509e+00
1198 1199 8.6950e+00 8.0101e+00 8.6108e+00 9.0509e+00
1199 1200 8.6950e+00 8.0101e+00 8.6108e+00 9.0509e+00
1200 1201 8.6950e+00 8.0101e+00 8.6108e+00 9.0509e+00
1201 1202 8.6950e+00 8.0101e+00 8.6108e+00 9.0509e+00
1202 1203 8.6950e+00 8.0101e+00 8.6108e+00 9.0509e+00
1203 1204 8.6950e+00 8.0101e+00 8.6108e+00 9.0509e+00
1204 1205 8.6950e+00 8.0101e+00 8.6108e+00 9.0509e+00
1205 1206 8.6950e+00 8.0101e+00 8.6108e+00 9.0509e+00
1206 1207 8.6950e+00 8.0101e+00 8.6108e+00 9.0509e+00
1207 1208 8.6950e+00 8.0101e+00 8.6108e+00 9.0509e+00
1208 1209 8.6950e+00 8.0101e+00 8.6108e+00 9.0509e+00
1209 1210 8.6950e+00 8.0101e+00 8.6108e+00 9.0509e+00
1210 1211 8.6950e+00 8.0101e+00 8.6108e+00 9.0509e+00
1211 1212 8.6950e+00 8.0101e+00 8.6108e+00 9.0509e+00
1212 1213 8.6950e+00 8.0101e+00 8.6108e+00 9.0509e+00
1213 1214 8.6950e+00 8.0101e+00 8.6108e+00 9.0509e+00
1214 1215 8.6950e+00 8.0101e+00 8.6108e+00 9.0509e+00
1215 1216 8.6950e+00 8.0101e+00 8.6108e+00 9.0509e+00
1216 1217 8.6950e+00 8.0101e+00 8.6108e+00 9.0509e+00
1217 1218 8.6950e+00 8.0101e+00 8.6108e+00 9.0509e+00
1218 1219 8.6950e+00 8.0101e+00 8.6108e+00 9.0509e+00
1219 1220 8.6950e+00 8.0101e+00 8.6108e+00 9.0509e+00
1220 1221 8.6950e+00 8.0101e+00 8.6108e+00 9.0509e+00
1221 1222 8.6950e+00 8.0101e+00 8.6108e+00 9.0509e+00
1222 1223 8.6950e+00 8.0101e+00 8.6108e+00 9.0509e+00
1223 1224 8.6950e+00 8.0101e+00 8.6108e+00 9.0509e+00
1224 1225 8.6950e+00 8.0101e+00 8.6108e+00 9.0509e+00
1225 1226 8.6950e+00 8.0101e+00 8.6108e+00 9.0509e+00
1226 1227 8.6950e+00 8.0101e+00 8.6108e+00 9.0509e+00
1227 1228 8.6950e+00 8.0101e+00 8.6108e+00 9.0509e+00
1228 1229 8.6950e+00 8.0101e+00 8.6108e+00 9.0509e+00
1229 1230 8.6950e+00 8.0101e+00 8.6108e+00 9.0509e+00
1230 1231 8.6950e+00 8.0101e+00 8.6108e+00 9.0509e+00
1231 1232 8.6950e+00 8.0101e+00 8.6108e+00 9.0509e+00
1232 1233 8.6950e+00 8.0101e+00 8.6108e+00 9.0509e+00
1233 1234 8.6950e+00 8.0101e+00 8.6108e+00 9.0509e+00
1234 1235 8.6950e+00 8.0101e+00 8.6108e+00 9.0509e+00
1235 1236 8.6950e+00 8.0101e+00 8.6108e+00 9.0509e+00
1236 1237 8.6950e+00 8.0101e+00 8.6108e+00 9.0509e+00
1237 1238 8.6950e+00 8.0101e+00 8.6108e+00 9.0509e+00
1238 1239 8.6950e+00 8.0101e+00 8.6108e+00 9.0509e+00
1239 1240 8.6950e+00 8.0101e+00 8.6108e+00 9.0509e+00
1240 1242 8.6950e+00 8.0101e+00 8.6108e+00 9.0509e+00
1242 1243 8.6950e+00 8.0101e+00 8.6108e+00 9.0509e+00
1243 1244 8.6950e+00 8.0101e+00 8.6108e+00 9.0509e+00
1244 1245 8.6950e+00 8.0101e+00 8.6108e+00 9.0509e+00
1245 1246 8.6950e+00 8.0101e+00 8.6108e+00 9.0509e+00
1246 1247 8.6950e+00 8.0101e+00 8.6108e+00 9.0509e+00
1247 1248 8.6950e+00 8.0101e+00 8.6108e+00 9.0509e+00
1248 1249 8.6950e+00 8.0101e+00 8.6108e+00 9.0509e+00
1249 1250 8.6950e+00 8.0101e+00 8.6108e+00 9.0509e+00
1250 1251 8.6950e+00 8.0101e+00 8.6108e+00 9.0509e+00
1251 1252 8.6950e+00 8.0101e+00 8.6108e+00 9.0509e+00
1252 1253 8.6950e+00 8.0101e+00 8.6108e+00 9.0509e+00
1253 1254 8.6950e+00 8.0101e+00 8.6108e+00 9.0509e+00
1254 1255 8.6950e+00 8.0101e+00 8.6108e+00 9.0509e+00
1255 1256 8.6950e+00 8.0101e+00 8.6108e+00 9.0509e+00
1256 1257 8.6950e+00 8.0101e+00 8.6108e+00 9.0509e+00
1257 1258 8.6950e+00 8.0101e+00 8.6108e+00 9.0509e+00
1258 1259 8.6950e+00 8.0101e+00 8.6108e+00 9.0509e+00
1259 1260 8.6950e+00 8.0101e+00 8.6108e+00 9.0509e+00
1260 1261 8.6950e+00 8.0101e+00 8.6108e+00 9.0509e+00
1261 1262 8.6950e+00 8.0101e+00 8.6108e+00 9.0509e+00
1262 1263 8.6950e+00 8.0101e+00 8.6108e+00 9.0509e+00
1263 1264 8.6950e+00 8.0101e+00 8.6108e+00 9.0509e+00
1264 1265 8.6950e+00 8.0101e+00 8.6108e+00 9.0509e+00
1265 1266 8.6950e+00 8.0101e+00 8.6108e+00 9.0509e+00
1266 1267 8.6950e+00 8.0101e+00 8.6108e+00 9.0509e+00
1267 1269 8.6950e+00 8.0101e+00 8.6108e+00 9.0509e+00
1269 1270 8.6950e+00 8.0101e+00 8.6108e+00 9.0509e+00
1270 1271 8.6950e+00 8.0101e+00 8.6108e+00 9.0509e+00
1271 1272 8.6950e+00 8.0101e+00 8.6108e+00 9.0509e+00
1272 1273 8.6950e+00 8.0101e+00 8.6108e+00 9.0509e+00
1273 1274 8.6950e+00 8.0101e+00 8.6108e+00 9.0509e+00
1274 1275 8.6950e+00 8.0101e+00 8.6108e+00 9.0509e+00
1275 1276 8.6950e+00 8.0101e+00 8.6108e+00 9.0509e+00
1276 1277 8.6950e+00 8.0101e+00 8.6108e+00 9.0509e+00
1277 1278 8.6950e+00 8.0101e+00 8.6108e+00 9.0509e+00
1278 1280 8.6950e+00 8.0101e+00 8.6108e+00 9.0509e+00
1280 1281 8.6950e+00 8.0101e+00 8.6108e+00 9.0509e+00
1281 1282 8.6950e+00 8.0101e+00 8.6108e+00 9.0509e+00
1282 1283 8.6950e+00 8.0101e+00 8.6108e+00 9.0509e+00
1283 1284 8.6950e+00 8.0101e+00 8.6108e+00 9.0509e+00
1284 1285 8.6950e+00 8.0101e+00 8.6108e+00 9.0509e+00
1285 1286 8.6950e+00 8.0101e+00 8.6108e+00 9.0509e+00
1286 1287 8.6950e+00 8.0101e+00 8.6108e+00 9.0509e+00
1287 1288 8.6950e+00 8.0101e+00 8.6108e+00 9.0509e+00
1288 1289 8.6950e+00 8.0101e+00 8.6108e+00 9.0509e+00
1289 1291 8.6950e+00 8.0101e+00 8.6108e+00 9.0509e+00
1291 1292 8.6950e+00 8.0101e+00 8.6108e+00 9.0509e+00
1292 1293 8.6950e+00 8.0101e+00 8.6108e+00 9.0509e+00
1293 1294 8.6950e+00 8.0101e+00 8.6108e+00 9.0509e+00
1294 1295 8.6950e+00 8.0101e+00 8.6108e+00 9.0509e+00
1295 1296 8.6950e+00 8.0101e+00 8.6108e+00 9.0509e+00
1296 1297 8.6950e+00 8.0101e+00 8.6108e+00 9.0509e+00
1297 1298 8.6950e+00 8.0101e+00 8.6108e+00 9.0509e+00
1298 1299 8.6950e+00 8.0101e+00 8.6108e+00 9.0509e+00
1299 1300 8.6950e+00 8.0101e+00 8.6108e+00 9.0509e+00
1300 1301 8.6950e+00 8.0101e+00 8.6108e+00 9.0509e+00
1301 1302 8.6950e+00 8.0101e+00 8.6108e+00 9.0509e+00
1302 1304 8.6950e+00 8.0101e+00 8.6108e+00 9.0509e+00
1304 1305 8.6950e+00 8.0101e+00 8.6108e+00 9.0509e+00
1305 1306 8.6950e+00 8.0101e+00 8.6108e+00 9.0509e+00
1306 1307 8.6950e+00 8.0101e+00 8.6108e+00 9.0509e+00
1307 1308 8.6950e+00 8.0101e+00 8.6108e+00 9.0509e+00
1308 1309 8.6950e+00 8.0101e+00 8.6108e+00 9.0509e+00
1309 1310 8.6950e+00 8.0101e+00 8.6108e+00 9.0509e+00
1310 1311 8.6950e+00 8.0101e+00 8.6108e+00 9.0509e+00
1311 1313 8.6950e+00 8.0101e+00 8.6108e+00 9.0509e+00
1313 1314 8.6950e+00 8.0101e+00 8.6108e+00 9.0509e+00
1314 1315 8.6950e+00 8.0101e+00 8.6108e+00 9.0509e+00
1315 1316 8.6950e+00 8.0101e+00 8.6108e+00 9.0509e+00
1316 1317 8.6950e+00 8.0101e+00 8.6108e+00 9.0509e+00
1317 1318 8.6950e+00 8.0101e+00 8.6108e+00 9.0509e+00
1318 1319 8.6950e+00 8.0101e+00 8.6108e+00 9.0509e+00
1319 1320 8.6950e+00 8.0101e+00 8.6108e+00 9.0509e+00
1320 1321 8.6950e+00 8.0101e+00 8.6108e+00 9.0509e+00
1321 1322 8.6950e+00 8.0101e+00 8.6108e+00 9.0509e+00
1322 1323 8.6950e+00 8.0101e+00 8.6108e+00 9.0509e+00
1323 1324 8.6950e+00 8.0101e+00 8.6108e+00 9.0509e+00
1324 1325 8.6950e+00 8.0101e+00 8.6108e+00 9.0509e+00
1325 1326 8.6950e+00 8.0101e+00 8.6108e+00 9.0509e+00
1326 1327 8.6950e+00 8.0101e+00 8.6108e+00 9.0509e+00
1327 1328 8.6950e+00 8.0101e+00 8.6108e+00 9.0509e+00
1328 1330 8.6950e+00 8.0101e+00 8.6108e+00 9.0509e+00
1330 1331 8.6950e+00 8.0101e+00 8.6108e+00 9.0509e+00
1331 1332 8.6950e+00 8.0101e+00 8.6108e+00 9.0509e+00
1332 1333 8.6950e+00 8.0101e+00 8.6108e+00 9.0509e+00
1333 1334 8.6950e+00 8.0101e+00 8.6108e+00 9.0509e+00
1334 1335 8.6950e+00 8.0101e+00 8.6108e+00 9.0509e+00
1335 1336 8.6950e+00 8.0101e+00 8.6108e+00 9.0509e+00
1336 1337 8.6950e+00 8.0101e+00 8.6108e+00 9.0509e+00
1337 1338 8.6950e+00 8.0101e+00 8.6108e+00 9.0509e+00
1338 1339 8.6950e+00 8.0101e+00 8.6108e+00 9.0509e+00
1339 1341 8.6950e+00 8.0101e+00 8.6108e+00 9.0509e+00
1341 1342 8.6950e+00 8.0101e+00 8.6108e+00 9.0509e+00
1342 1343 8.6950e+00 8.0101e+00 8.6108e+00 9.0509e+00
1343 1344 8.6950e+00 8.0101e+00 8.6108e+00 9.0509e+00
1344 1345 8.6950e+00 8.0101e+00 8.6108e+00 9.0509e+00
1345 1346 8.6950e+00 8.0101e+00 8.6108e+00 9.0509e+00
1346 1347 8.6950e+00 8.0101e+00 8.6108e+00 9.0509e+00
1347 1348 8.6950e+00 8.0101e+00 8.6108e+00 9.0509e+00
1348 1349 8.6950e+00 8.0101e+00 8.6108e+00 9.0509e+00
1349 1350 8.6950e+00 8.0101e+00 8.6108e+00 9.0509e+00
1350 1351 8.6950e+00 8.0101e+00 8.6108e+00 9.0509e+00
1351 1352 8.6950e+00 8.0101e+00 8.6108e+00 9.0509e+00
1352 1353 8.6950e+00 8.0101e+00 8.6108e+00 9.0509e+00
1353 1354 8.6950e+00 8.0101e+00 8.6108e+00 9.0509e+00
1354 1355 8.6941e+00 8.0101e+00 8.6108e+00 9.0509e+00
1355 1356 8.6941e+00 8.0101e+00 8.6108e+00 9.0509e+00
1356 1357 8.6941e+00 8.0101e+00 8.6108e+00 9.0509e+00
1357 1358 8.6941e+00 8.0101e+00 8.6108e+00 9.0509e+00
1358 1359 8.6941e+00 8.0101e+00 8.6108e+00 9.0509e+00
1359 1360 8.6935e+00 8.0101e+00 8.6108e+00 9.0509e+00
1360 1361 8.6934e+00 8.0101e+00 8.6108e+00 9.0509e+00
1361 1362 8.6930e+00 8.0101e+00 8.6108e+00 9.0509e+00
1362 1363 8.6923e+00 8.0101e+00 8.6108e+00 9.0509e+00
1363 1364 8.6910e+00 8.0101e+00 8.6108e+00 9.0509e+00
1364 1365 8.6910e+00 8.0101e+00 8.6108e+00 9.0509e+00
1365 1366 8.6910e+00 8.0101e+00 8.6108e+00 9.0509e+00
1366 1367 8.6906e+00 8.0101e+00 8.6108e+00 9.0509e+00
1367 1368 8.6906e+00 8.0101e+00 8.6108e+00 9.0509e+00
1368 1369 8.6906e+00 8.0101e+00 8.6108e+00 9.0509e+00
1369 1370 8.6906e+00 8.0101e+00 8.6108e+00 9.0509e+00
1370 1371 8.6906e+00 8.0101e+00 8.6108e+00 9.0509e+00
1371 1372 8.6906e+00 8.0101e+00 8.6108e+00 9.0509e+00
1372 1373 8.6906e+00 8.0101e+00 8.6108e+00 9.0509e+00
1373 1374 8.6906e+00 8.0101e+00 8.6108e+00 9.0509e+00
1374 1375 8.6906e+00 8.0101e+00 8.6108e+00 9.0509e+00
1375 1377 8.6906e+00 8.0101e+00 8.6108e+00 9.0509e+00
1377 1378 8.6893e+00 8.0101e+00 8.6108e+00 9.0509e+00
1378 1379 8.6893e+00 8.0101e+00 8.6108e+00 9.0509e+00
1379 1380 8.6873e+00 8.0100e+00 8.6108e+00 9.0509e+00
1380 1381 8.6873e+00 8.0100e+00 8.6108e+00 9.0509e+00
1381 1382 8.6873e+00 8.0100e+00 8.6108e+00 9.0509e+00
1382 1383 8.6873e+00 8.0100e+00 8.6108e+00 9.0509e+00
1383 1384 8.6870e+00 8.0100e+00 8.6108e+00 9.0509e+00
1384 1385 8.6869e+00 8.0100e+00 8.6108e+00 9.0509e+00
1385 1386 8.6869e+00 8.0100e+00 8.6108e+00 9.0509e+00
1386 1387 8.6869e+00 8.0100e+00 8.6108e+00 9.0509e+00
1387 1388 8.6869e+00 8.0100e+00 8.6108e+00 9.0509e+00
1388 1389 8.6869e+00 8.0100e+00 8.6108e+00 9.0509e+00
1389 1390 8.6869e+00 8.0100e+00 8.6108e+00 9.0509e+00
1390 1391 8.6867e+00 8.0100e+00 8.6108e+00 9.0509e+00
1391 1392 8.6867e+00 8.0100e+00 8.6108e+00 9.0509e+00
1392 1393 8.6867e+00 8.0100e+00 8.6108e+00 9.0509e+00
1393 1394 8.6867e+00 8.0100e+00 8.6108e+00 9.0509e+00
1394 1395 8.6867e+00 8.0100e+00 8.6108e+00 9.0509e+00
1395 1396 8.6864e+00 8.0100e+00 8.6108e+00 9.0509e+00
1396 1397 8.6862e+00 8.0100e+00 8.6108e+00 9.0509e+00
1397 1398 8.6862e+00 8.0100e+00 8.6108e+00 9.0509e+00
1398 1399 8.6858e+00 8.0100e+00 8.6108e+00 9.0509e+00
1399 1400 8.6855e+00 8.0100e+00 8.6108e+00 9.0509e+00
1400 1401 8.6855e+00 8.0100e+00 8.6108e+00 9.0509e+00
1401 1402 8.6855e+00 8.0100e+00 8.6108e+00 9.0509e+00
1402 1403 8.6855e+00 8.0100e+00 8.6108e+00 9.0509e+00
1403 1404 8.6855e+00 8.0100e+00 8.6108e+00 9.0509e+00
1404 1406 8.6849e+00 8.0100e+00 8.6108e+00 9.0509e+00
1406 1407 8.6848e+00 8.0100e+00 8.6108e+00 9.0509e+00
1407 1408 8.6847e+00 8.0100e+00 8.6108e+00 9.0509e+00
1408 1409 8.6841e+00 8.0095e+00 8.6108e+00 9.0509e+00
1409 1410 8.6804e+00 8.0095e+00 8.6108e+00 9.0509e+00
1410 1411 8.6796e+00 8.0095e+00 8.6108e+00 9.0509e+00
1411 1412 8.6788e+00 8.0095e+00 8.6108e+00 9.0509e+00
1412 1413 8.6788e+00 8.0095e+00 8.6108e+00 9.0509e+00
1413 1414 8.6779e+00 8.0095e+00 8.6108e+00 9.0509e+00
1414 1415 8.6775e+00 8.0095e+00 8.6108e+00 9.0509e+00
1415 1416 8.6756e+00 8.0093e+00 8.6092e+00 9.0509e+00
1416 1417 8.6687e+00 8.0090e+00 8.6092e+00 9.0509e+00
1417 1418 8.6656e+00 8.0085e+00 8.6092e+00 9.0509e+00
1418 1419 8.6593e+00 8.0081e+00 8.6087e+00 9.0509e+00
1419 1420 8.6539e+00 8.0076e+00 8.6076e+00 9.0509e+00
1420 1421 8.6322e+00 8.0038e+00 8.6018e+00 9.0509e+00
1421 1422 8.6002e+00 8.0033e+00 8.6017e+00 9.0509e+00
1422 1423 8.5280e+00 4.5106e+00 8.5643e+00 9.0509e+00
1423 1424 8.3687e+00 4.2775e+00 8.5538e+00 9.0477e+00
1424 1426 8.1150e+00 4.1435e+00 8.5389e+00 9.0470e+00
1426 1427 7.9074e+00 4.0595e+00 8.5314e+00 9.0469e+00
1427 1428 7.7848e+00 4.0439e+00 8.5289e+00 9.0465e+00
1428 1429 7.7067e+00 4.0439e+00 8.5264e+00 9.0441e+00
1429 1430 7.6714e+00 4.0439e+00 8.5260e+00 9.0440e+00
1430 1431 7.6193e+00 4.0386e+00 8.5247e+00 9.0440e+00
1431 1432 7.5830e+00 4.0376e+00 8.5219e+00 9.0440e+00
1432 1433 7.5361e+00 4.0376e+00 8.5198e+00 9.0440e+00
1433 1434 7.4509e+00 4.0353e+00 8.5171e+00 9.0434e+00
1434 1435 7.2625e+00 4.0262e+00 8.5116e+00 9.0392e+00
1435 1436 7.1119e+00 4.0237e+00 8.5070e+00 9.0385e+00
1436 1437 6.9158e+00 4.0150e+00 8.5013e+00 9.0383e+00
1437 1438 6.7744e+00 4.0139e+00 8.0488e+00 9.0379e+00
1438 1439 6.7209e+00 4.0135e+00 8.0360e+00 9.0367e+00
1439 1440 6.6701e+00 4.0135e+00 8.0282e+00 9.0367e+00
1440 1441 6.6363e+00 4.0132e+00 8.0227e+00 9.0367e+00
1441 1442 6.5834e+00 4.0132e+00 8.0157e+00 9.0360e+00
1442 1443 6.4993e+00 4.0132e+00 8.0089e+00 9.0356e+00
1443 1444 6.2783e+00 4.0132e+00 4.5607e+00 9.0345e+00
1444 1445 6.0901e+00 4.0110e+00 4.5006e+00 9.0312e+00
1445 1446 5.8899e+00 4.0102e+00 4.4386e+00 9.0278e+00
1446 1449 5.6069e+00 4.0086e+00 4.4135e+00 9.0252e+00
1449 1450 5.2668e+00 4.0086e+00 4.3779e+00 9.0213e+00
1450 1451 4.9874e+00 4.0078e+00 4.3568e+00 9.0159e+00
1451 1452 4.6151e+00 4.0068e+00 4.3337e+00 8.7085e+00
1452 1453 4.4356e+00 4.0061e+00 4.3220e+00 8.5014e+00
1453 1454 4.3281e+00 4.0061e+00 4.3146e+00 4.6123e+00
1454 1456 4.2940e+00 4.0061e+00 4.3118e+00 4.6076e+00
1456 1457 4.2940e+00 4.0061e+00 4.3118e+00 4.6076e+00
1457 1458 4.2940e+00 4.0061e+00 4.3118e+00 4.6076e+00
1458 1459 4.2940e+00 4.0061e+00 4.3118e+00 4.6076e+00
1459 1460 4.2940e+00 4.0061e+00 4.3118e+00 4.6076e+00
1460 1461 4.2940e+00 4.0061e+00 4.3118e+00 4.6076e+00
1461 1462 4.2940e+00 4.0061e+00 4.3118e+00 4.6076e+00
1462 1463 4.2940e+00 4.0061e+00 4.3118e+00 4.6076e+00
1463 1464 4.2940e+00 4.0061e+00 4.3118e+00 4.6076e+00
1464 1465 4.2940e+00 4.0061e+00 4.3118e+00 4.6076e+00
1465 1466 4.2940e+00 4.0061e+00 4.3118e+00 4.6076e+00
1466 1467 4.2940e+00 4.0061e+00 4.3118e+00 4.6076e+00
1467 1468 4.2940e+00 4.0061e+00 4.3118e+00 4.6076e+00
1468 1469 4.2940e+00 4.0061e+00 4.3118e+00 4.6076e+00
1469 1470 4.2940e+00 4.0061e+00 4.3118e+00 4.6076e+00
1470 1471 4.2940e+00 4.0061e+00 4.3118e+00 4.6076e+00
1471 1473 4.2940e+00 4.0061e+00 4.3118e+00 4.6076e+00
1473 1474 4.2940e+00 4.0061e+00 4.3118e+00 4.6076e+00
1474 1475 4.2940e+00 4.0061e+00 4.3118e+00 4.6076e+00
1475 1476 4.2940e+00 4.0061e+00 4.3118e+00 4.6076e+00
1476 1477 4.2940e+00 4.0061e+00 4.3118e+00 4.6076e+00
1477 1478 4.2940e+00 4.0061e+00 4.3118e+00 4.6076e+00
1478 1479 4.2940e+00 4.0061e+00 4.3118e+00 4.6076e+00
1479 1480 4.2940e+00 4.0061e+00 4.3118e+00 4.6076e+00
1480 1482 4.2940e+00 4.0061e+00 4.3118e+00 4.6076e+00
1482 1483 4.2940e+00 4.0061e+00 4.3118e+00 4.6076e+00
1483 1485 4.2940e+00 4.0061e+00 4.3118e+00 4.6076e+00
1485 1486 4.2940e+00 4.0061e+00 4.3118e+00 4.6076e+00
1486 1487 4.2940e+00 4.0061e+00 4.3118e+00 4.6076e+00
1487 1488 4.2940e+00 4.0061e+00 4.3118e+00 4.6076e+00
1488 1489 4.2940e+00 4.0061e+00 4.3118e+00 4.6076e+00
1489 1490 4.2940e+00 4.0061e+00 4.3118e+00 4.6076e+00
1490 1491 4.2940e+00 4.0061e+00 4.3118e+00 4.6076e+00
1491 1492 4.2940e+00 4.0061e+00 4.3118e+00 4.6076e+00
1492 1493 4.2940e+00 4.0061e+00 4.3118e+00 4.6076e+00
1493 1494 4.2940e+00 4.0061e+00 4.3118e+00 4.6076e+00
1494 1495 4.2940e+00 4.0061e+00 4.3118e+00 4.6076e+00
1495 1496 4.2940e+00 4.0061e+00 4.3118e+00 4.6076e+00
1496 1498 4.2940e+00 4.0061e+00 4.3118e+00 4.6076e+00
1498 1499 4.2940e+00 4.0061e+00 4.3118e+00 4.6076e+00
1499 1500 4.2940e+00 4.0061e+00 4.3118e+00 4.6076e+00
1500 1501 4.2940e+00 4.0061e+00 4.3118e+00 4.6076e+00
1501 1502 4.2940e+00 4.0061e+00 4.3118e+00 4.6076e+00
1502 1503 4.2940e+00 4.0061e+00 4.3118e+00 4.6076e+00
1503 1504 4.2940e+00 4.0061e+00 4.3118e+00 4.6076e+00
1504 1505 4.2940e+00 4.0061e+00 4.3118e+00 4.6076e+00
1505 1506 4.2940e+00 4.0061e+00 4.3118e+00 4.6076e+00
1506 1507 4.2940e+00 4.0061e+00 4.3118e+00 4.6076e+00
1507 1508 4.2940e+00 4.0061e+00 4.3118e+00 4.6076e+00
1508 1509 4.2940e+00 4.0061e+00 4.3118e+00 4.6076e+00
1509 1510 4.2940e+00 4.0061e+00 4.3118e+00 4.6076e+00
1510 1511 4.2940e+00 4.0061e+00 4.3118e+00 4.6076e+00
1511 1513 4.2940e+00 4.0061e+00 4.3118e+00 4.6076e+00
1513 1514 4.2940e+00 4.0061e+00 4.3118e+00 4.6076e+00
1514 1515 4.2940e+00 4.0061e+00 4.3118e+00 4.6076e+00
1515 1516 4.2940e+00 4.0061e+00 4.3118e+00 4.6076e+00
1516 1517 4.2940e+00 4.0061e+00 4.3118e+00 4.6076e+00
1517 1520 4.2940e+00 4.0061e+00 4.3118e+00 4.6076e+00
1520 1521 4.2940e+00 4.0061e+00 4.3118e+00 4.6076e+00
1521 1522 4.2940e+00 4.0061e+00 4.3118e+00 4.6076e+00
1522 1523 4.2940e+00 4.0061e+00 4.3118e+00 4.6076e+00
1523 1524 4.2940e+00 4.0061e+00 4.3118e+00 4.6076e+00
1524 1525 4.2940e+00 4.0061e+00 4.3118e+00 4.6076e+00
1525 1526 4.2940e+00 4.0061e+00 4.3118e+00 4.6076e+00
1526 1527 4.2940e+00 4.0061e+00 4.3118e+00 4.6076e+00
1527 1528 4.2940e+00 4.0061e+00 4.3118e+00 4.6076e+00
1528 1529 4.2940e+00 4.0061e+00 4.3118e+00 4.6076e+00
1529 1530 4.2940e+00 4.0061e+00 4.3118e+00 4.6076e+00
1530 1531 4.2940e+00 4.0061e+00 4.3118e+00 4.6076e+00
1531 1532 4.2940e+00 4.0061e+00 4.3118e+00 4.6076e+00
1532 1533 4.2940e+00 4.0061e+00 4.3118e+00 4.6076e+00
1533 1534 4.2940e+00 4.0061e+00 4.3118e+00 4.6076e+00
1534 1535 4.2940e+00 4.0061e+00 4.3118e+00 4.6076e+00
1535 1536 4.2940e+00 4.0061e+00 4.3118e+00 4.6076e+00
1536 1537 4.2940e+00 4.0061e+00 4.3118e+00 4.6076e+00
1537 1538 4.2940e+00 4.0061e+00 4.3118e+00 4.6076e+00
1538 1539 4.2940e+00 4.0061e+00 4.3118e+00 4.6076e+00
1539 1540 4.2940e+00 4.0061e+00 4.3118e+00 4.6076e+00
1540 1541 4.2940e+00 4.0061e+00 4.3118e+00 4.6076e+00
1541 1542 4.2940e+00 4.0061e+00 4.3118e+00 4.6076e+00
1542 1543 4.2940e+00 4.0061e+00 4.3118e+00 4.6076e+00
1543 1544 4.2940e+00 4.0061e+00 4.3118e+00 4.6076e+00
1544 1545 4.2940e+00 4.0061e+00 4.3118e+00 4.6076e+00
1545 1546 4.2940e+00 4.0061e+00 4.3118e+00 4.6076e+00
1546 1547 4.2940e+00 4.0061e+00 4.3118e+00 4.6076e+00
1547 1548 4.2940e+00 4.0061e+00 4.3118e+00 4.6076e+00
1548 1549 4.2940e+00 4.0061e+00 4.3118e+00 4.6076e+00
1549 1550 4.2940e+00 4.0061e+00 4.3118e+00 4.6076e+00
1550 1551 4.2940e+00 4.0061e+00 4.3118e+00 4.6076e+00
1551 1552 4.2940e+00 4.0061e+00 4.3118e+00 4.6076e+00
1552 1553 4.2940e+00 4.0061e+00 4.3118e+00 4.6076e+00
1553 1554 4.2940e+00 4.0061e+00 4.3118e+00 4.6076e+00
1554 1555 4.2940e+00 4.0061e+00 4.3118e+00 4.6076e+00
1555 1556 4.2940e+00 4.0061e+00 4.3118e+00 4.6076e+00
1556 1557 4.2940e+00 4.0061e+00 4.3118e+00 4.6076e+00
1557 1558 4.2940e+00 4.0061e+00 4.3118e+00 4.6076e+00
1558 1559 4.2940e+00 4.0061e+00 4.3118e+00 4.6076e+00
1559 1560 4.2940e+00 4.0061e+00 4.3118e+00 4.6076e+00
1560 1561 4.2940e+00 4.0061e+00 4.3118e+00 4.6076e+00
1561 1562 4.2940e+00 4.0061e+00 4.3118e+00 4.6076e+00
1562 1563 4.2940e+00 4.0061e+00 4.3118e+00 4.6076e+00
1563 1564 4.2940e+00 4.0061e+00 4.3118e+00 4.6076e+00
1564 1565 4.2940e+00 4.0061e+00 4.3118e+00 4.6076e+00
1565 1566 4.2940e+00 4.0061e+00 4.3118e+00 4.6076e+00
1566 1567 4.2940e+00 4.0061e+00 4.3118e+00 4.6076e+00
1567 1569 4.2940e+00 4.0061e+00 4.3118e+00 4.6076e+00
1569 1570 4.2940e+00 4.0061e+00 4.3118e+00 4.6076e+00
1570 1571 4.2940e+00 4.0061e+00 4.3118e+00 4.6076e+00
1571 1572 4.2940e+00 4.0061e+00 4.3118e+00 4.6076e+00
1572 1573 4.2940e+00 4.0061e+00 4.3118e+00 4.6076e+00
1573 1574 4.2940e+00 4.0061e+00 4.3118e+00 4.6076e+00
1574 1575 4.2940e+00 4.0061e+00 4.3118e+00 4.6076e+00
1575 1576 4.2940e+00 4.0061e+00 4.3118e+00 4.6076e+00
1576 1577 4.2940e+00 4.0061e+00 4.3118e+00 4.6076e+00
1577 1578 4.2940e+00 4.0061e+00 4.3118e+00 4.6076e+00
1578 1579 4.2940e+00 4.0061e+00 4.3118e+00 4.6076e+00
1579 1580 4.2940e+00 4.0061e+00 4.3118e+00 4.6076e+00
1580 1581 4.2940e+00 4.0061e+00 4.3118e+00 4.6076e+00
1581 1582 4.2940e+00 4.0061e+00 4.3118e+00 4.6076e+00
1582 1583 4.2940e+00 4.0061e+00 4.3118e+00 4.6076e+00
1583 1584 4.2940e+00 4.0061e+00 4.3118e+00 4.6076e+00
1584 1585 4.2940e+00 4.0061e+00 4.3118e+00 4.6076e+00
1585 1587 4.2940e+00 4.0061e+00 4.3118e+00 4.6076e+00
1587 1588 4.2940e+00 4.0061e+00 4.3118e+00 4.6076e+00
1588 1589 4.2940e+00 4.0061e+00 4.3118e+00 4.6076e+00
1589 1590 4.2940e+00 4.0061e+00 4.3118e+00 4.6076e+00
1590 1591 4.2940e+00 4.0061e+00 4.3118e+00 4.6076e+00
1591 1592 4.2940e+00 4.0061e+00 4.3118e+00 4.6076e+00
1592 1593 4.2940e+00 4.0061e+00 4.3118e+00 4.6076e+00
1593 1594 4.2940e+00 4.0061e+00 4.3118e+00 4.6076e+00
1594 1595 4.2940e+00 4.0061e+00 4.3118e+00 4.6076e+00
1595 1596 4.2940e+00 4.0061e+00 4.3118e+00 4.6076e+00
1596 1597 4.2940e+00 4.0061e+00 4.3118e+00 4.6076e+00
1597 1598 4.2940e+00 4.0061e+00 4.3118e+00 4.6076e+00
1598 1600 4.2940e+00 4.0061e+00 4.3118e+00 4.6076e+00
1600 1601 4.2940e+00 4.0061e+00 4.3118e+00 4.6076e+00
1601 1602 4.2940e+00 4.0061e+00 4.3118e+00 4.6076e+00
1602 1603 4.2940e+00 4.0061e+00 4.3118e+00 4.6076e+00
1603 1604 4.2940e+00 4.0061e+00 4.3118e+00 4.6076e+00
1604 1605 4.2940e+00 4.0061e+00 4.3118e+00 4.6076e+00
1605 1606 4.2940e+00 4.0061e+00 4.3118e+00 4.6076e+00
1606 1607 4.2940e+00 4.0061e+00 4.3118e+00 4.6076e+00
1607 1608 4.2940e+00 4.0061e+00 4.3118e+00 4.6076e+00
1608 1609 4.2940e+00 4.0061e+00 4.3118e+00 4.6076e+00
1609 1610 4.2940e+00 4.0061e+00 4.3118e+00 4.6076e+00
1610 1611 4.2940e+00 4.0061e+00 4.3118e+00 4.6076e+00
1611 1612 4.2940e+00 4.0061e+00 4.3118e+00 4.6076e+00
1612 1613 4.2940e+00 4.0061e+00 4.3118e+00 4.6076e+00
1613 1614 4.2940e+00 4.0061e+00 4.3118e+00 4.6076e+00
1614 1615 4.2940e+00 4.0061e+00 4.3118e+00 4.6076e+00
1615 1616 4.2940e+00 4.0061e+00 4.3118e+00 4.6076e+00
1616 1617 4.2940e+00 4.0061e+00 4.3118e+00 4.6076e+00
1617 1618 4.2940e+00 4.0061e+00 4.3118e+00 4.6076e+00
1618 1619 4.2940e+00 4.0061e+00 4.3118e+00 4.6076e+00
1619 1620 4.2940e+00 4.0061e+00 4.3118e+00 4.6076e+00
1620 1621 4.2940e+00 4.0061e+00 4.3118e+00 4.6076e+00
1621 1622 4.2940e+00 4.0061e+00 4.3118e+00 4.6076e+00
1622 1623 4.2940e+00 4.0061e+00 4.3118e+00 4.6076e+00
1623 1624 4.2940e+00 4.0061e+00 4.3118e+00 4.6076e+00
1624 1625 4.2940e+00 4.0061e+00 4.3118e+00 4.6076e+00
1625 1626 4.2940e+00 4.0061e+00 4.3118e+00 4.6076e+00
1626 1627 4.2940e+00 4.0061e+00 4.3118e+00 4.6076e+00
1627 1628 4.2940e+00 4.0061e+00 4.3118e+00 4.6076e+00
1628 1629 4.2940e+00 4.0061e+00 4.3118e+00 4.6076e+00
1629 1630 4.2940e+00 4.0061e+00 4.3118e+00 4.6076e+00
1630 1631 4.2940e+00 4.0061e+00 4.3118e+00 4.6076e+00
1631 1632 4.2940e+00 4.0061e+00 4.3118e+00 4.6076e+00
1632 1633 4.2940e+00 4.0061e+00 4.3118e+00 4.6076e+00
1633 1634 4.2940e+00 4.0061e+00 4.3118e+00 4.6076e+00
1634 1635 4.2940e+00 4.0061e+00 4.3118e+00 4.6076e+00
1635 1636 4.2940e+00 4.0061e+00 4.3118e+00 4.6076e+00
1636 1637 4.2940e+00 4.0061e+00 4.3118e+00 4.6076e+00
1637 1638 4.2940e+00 4.0061e+00 4.3118e+00 4.6076e+00
1638 1639 4.2940e+00 4.0061e+00 4.3118e+00 4.6076e+00
1639 1640 4.2940e+00 4.0061e+00 4.3118e+00 4.6076e+00
1640 1641 4.2940e+00 4.0061e+00 4.3118e+00 4.6076e+00
1641 1642 4.2940e+00 4.0061e+00 4.3118e+00 4.6076e+00
1642 1643 4.2940e+00 4.0061e+00 4.3118e+00 4.6076e+00
1643 1644 4.2940e+00 4.0061e+00 4.3118e+00 4.6076e+00
1644 1645 4.2940e+00 4.0061e+00 4.3118e+00 4.6076e+00
1645 1646 4.2940e+00 4.0061e+00 4.3118e+00 4.6076e+00
1646 1647 4.2940e+00 4.0061e+00 4.3118e+00 4.6076e+00
1647 1648 4.2940e+00 4.0061e+00 4.3118e+00 4.6076e+00
1648 1649 4.2940e+00 4.0061e+00 4.3118e+00 4.6076e+00
1649 1650 4.2940e+00 4.0061e+00 4.3118e+00 4.6076e+00
1650 1651 4.2940e+00 4.0061e+00 4.3118e+00 4.6076e+00
1651 1652 4.2940e+00 4.0061e+00 4.3118e+00 4.6076e+00
1652 1654 4.2940e+00 4.0061e+00 4.3118e+00 4.6076e+00
1654 1655 4.2940e+00 4.0061e+00 4.3118e+00 4.6076e+00
1655 1656 4.2940e+00 4.0061e+00 4.3118e+00 4.6076e+00
1656 1657 4.2940e+00 4.0061e+00 4.3118e+00 4.6076e+00
1657 1658 4.2940e+00 4.0061e+00 4.3118e+00 4.6076e+00
1658 1659 4.2940e+00 4.0061e+00 4.3118e+00 4.6076e+00
1659 1660 4.2940e+00 4.0061e+00 4.3118e+00 4.6076e+00
1660 1661 4.2940e+00 4.0061e+00 4.3118e+00 4.6076e+00
1661 1662 4.2940e+00 4.0061e+00 4.3118e+00 4.6076e+00
1662 1663 4.2940e+00 4.0061e+00 4.3118e+00 4.6076e+00
1663 1664 4.2940e+00 4.0061e+00 4.3118e+00 4.6076e+00
1664 1665 4.2940e+00 4.0061e+00 4.3118e+00 4.6076e+00
1665 1666 4.2940e+00 4.0061e+00 4.3118e+00 4.6076e+00
1666 1667 4.2940e+00 4.0061e+00 4.3118e+00 4.6076e+00
1667 1668 4.2940e+00 4.0061e+00 4.3118e+00 4.6076e+00
1668 1669 4.2940e+00 4.0061e+00 4.3118e+00 4.6076e+00
1669 1670 4.2940e+00 4.0061e+00 4.3118e+00 4.6076e+00
1670 1672 4.2940e+00 4.0061e+00 4.3118e+00 4.6076e+00
1672 1673 4.2940e+00 4.0061e+00 4.3118e+00 4.6076e+00
1673 1674 4.2940e+00 4.0061e+00 4.3118e+00 4.6076e+00
1674 1675 4.2940e+00 4.0061e+00 4.3118e+00 4.6076e+00
1675 1676 4.2940e+00 4.0061e+00 4.3118e+00 4.6076e+00
1676 1677 4.2940e+00 4.0061e+00 4.3118e+00 4.6076e+00
1677 1678 4.2940e+00 4.0061e+00 4.3118e+00 4.6076e+00
1678 1679 4.2940e+00 4.0061e+00 4.3118e+00 4.6076e+00
1679 1680 4.2940e+00 4.0061e+00 4.3118e+00 4.6076e+00
1680 1682 4.2940e+00 4.0061e+00 4.3118e+00 4.6076e+00
1682 1683 4.2940e+00 4.0061e+00 4.3118e+00 4.6076e+00
1683 1684 4.2940e+00 4.0061e+00 4.3118e+00 4.6076e+00
1684 1685 4.2940e+00 4.0061e+00 4.3118e+00 4.6076e+00
1685 1686 4.2940e+00 4.0061e+00 4.3118e+00 4.6076e+00
1686 1687 4.2940e+00 4.0061e+00 4.3118e+00 4.6076e+00
1687 1688 4.2940e+00 4.0061e+00 4.3118e+00 4.6076e+00
1688 1689 4.2940e+00 4.0061e+00 4.3118e+00 4.6076e+00
1689 1690 4.2940e+00 4.0061e+00 4.3118e+00 4.6076e+00
1690 1691 4.2940e+00 4.0061e+00 4.3118e+00 4.6076e+00
1691 1692 4.2940e+00 4.0061e+00 4.3118e+00 4.6076e+00
1692 1693 4.2940e+00 4.0061e+00 4.3118e+00 4.6076e+00
1693 1694 4.2940e+00 4.0061e+00 4.3118e+00 4.6076e+00
1694 1695 4.2940e+00 4.0061e+00 4.3118e+00 4.6076e+00
1695 1696 4.2940e+00 4.0061e+00 4.3118e+00 4.6076e+00
1696 1697 4.2940e+00 4.0061e+00 4.3118e+00 4.6076e+00
1697 1698 4.2940e+00 4.0061e+00 4.3118e+00 4.6076e+00
1698 1699 4.2940e+00 4.0061e+00 4.3118e+00 4.6076e+00
1699 1700 4.2940e+00 4.0061e+00 4.3118e+00 4.6076e+00
1700 1701 4.2940e+00 4.0061e+00 4.3118e+00 4.6076e+00
1701 1702 4.2940e+00 4.0061e+00 4.3118e+00 4.6076e+00
1702 1703 4.2940e+00 4.0061e+00 4.3118e+00 4.6076e+00
1703 1704 4.2940e+00 4.0061e+00 4.3118e+00 4.6076e+00
1704 1705 4.2940e+00 4.0061e+00 4.3118e+00 4.6076e+00
1705 1706 4.2940e+00 4.0061e+00 4.3118e+00 4.6076e+00
1706 1707 4.2940e+00 4.0061e+00 4.3118e+00 4.6076e+00
1707 1708 4.2940e+00 4.0061e+00 4.3118e+00 4.6076e+00
1708 1709 4.2940e+00 4.0061e+00 4.3118e+00 4.6076e+00
1709 1710 4.2940e+00 4.0061e+00 4.3118e+00 4.6076e+00
1710 1711 4.2940e+00 4.0061e+00 4.3118e+00 4.6076e+00
1711 1712 4.2940e+00 4.0061e+00 4.3118e+00 4.6076e+00
1712 1713 4.2940e+00 4.0061e+00 4.3118e+00 4.6076e+00
1713 1714 4.2940e+00 4.0061e+00 4.3118e+00 4.6076e+00
1714 1715 4.2940e+00 4.0061e+00 4.3118e+00 4.6076e+00
1715 1716 4.2940e+00 4.0061e+00 4.3118e+00 4.6076e+00
1716 1717 4.2940e+00 4.0061e+00 4.3118e+00 4.6076e+00
1717 1718 4.2940e+00 4.0061e+00 4.3118e+00 4.6076e+00
1718 1719 4.2940e+00 4.0061e+00 4.3118e+00 4.6076e+00
1719 1720 4.2940e+00 4.0061e+00 4.3118e+00 4.6076e+00
1720 1721 4.2940e+00 4.0061e+00 4.3118e+00 4.6076e+00
1721 1722 4.2940e+00 4.0061e+00 4.3118e+00 4.6076e+00
1722 1723 4.2940e+00 4.0061e+00 4.3118e+00 4.6076e+00
1723 1724 4.2940e+00 4.0061e+00 4.3118e+00 4.6076e+00
1724 1725 4.2940e+00 4.0061e+00 4.3118e+00 4.6076e+00
1725 1726 4.2940e+00 4.0061e+00 4.3118e+00 4.6076e+00
1726 1727 4.2940e+00 4.0061e+00 4.3118e+00 4.6076e+00
1727 1728 4.2940e+00 4.0061e+00 4.3118e+00 4.6076e+00
1728 1729 4.2940e+00 4.0061e+00 4.3118e+00 4.6076e+00
1729 1730 4.2940e+00 4.0061e+00 4.3118e+00 4.6076e+00
1730 1731 4.2940e+00 4.0061e+00 4.3118e+00 4.6076e+00
1731 1732 4.2940e+00 4.0061e+00 4.3118e+00 4.6076e+00
1732 1733 4.2940e+00 4.0061e+00 4.3118e+00 4.6076e+00
1733 1734 4.2940e+00 4.0061e+00 4.3118e+00 4.6076e+00
1734 1735 4.2940e+00 4.0061e+00 4.3118e+00 4.6076e+00
1735 1736 4.2940e+00 4.0061e+00 4.3118e+00 4.6076e+00
1736 1737 4.2940e+00 4.0061e+00 4.3118e+00 4.6076e+00
1737 1738 4.2940e+00 4.0061e+00 4.3118e+00 4.6076e+00
1738 1739 4.2940e+00 4.0061e+00 4.3118e+00 4.6076e+00
1739 1740 4.2940e+00 4.0061e+00 4.3118e+00 4.6076e+00
1740 1741 4.2940e+00 4.0061e+00 4.3118e+00 4.6076e+00
1741 1742 4.2940e+00 4.0061e+00 4.3118e+00 4.6076e+00
1742 1743 4.2940e+00 4.0061e+00 4.3118e+00 4.6076e+00
1743 1744 4.2940e+00 4.0061e+00 4.3118e+00 4.6076e+00
1744 1745 4.2940e+00 4.0061e+00 4.3118e+00 4.6076e+00
1745 1746 4.2940e+00 4.0061e+00 4.3118e+00 4.6076e+00
1746 1747 4.2940e+00 4.0061e+00 4.3118e+00 4.6076e+00
1747 1748 4.2940e+00 4.0061e+00 4.3118e+00 4.6076e+00
1748 1749 4.2940e+00 4.0061e+00 4.3118e+00 4.6076e+00
1749 1750 4.2940e+00 4.0061e+00 4.3118e+00 4.6076e+00
1750 1751 4.2940e+00 4.0061e+00 4.3118e+00 4.6076e+00
1751 1752 4.2940e+00 4.0061e+00 4.3118e+00 4.6076e+00
1752 1753 4.2940e+00 4.0061e+00 4.3118e+00 4.6076e+00
1753 1754 4.2940e+00 4.0061e+00 4.3118e+00 4.6076e+00
1754 1755 4.2940e+00 4.0061e+00 4.3118e+00 4.6076e+00
1755 1756 4.2940e+00 4.0061e+00 4.3118e+00 4.6076e+00
1756 1757 4.2940e+00 4.0061e+00 4.3118e+00 4.6076e+00
1757 1758 4.2940e+00 4.0061e+00 4.3118e+00 4.6076e+00
1758 1759 4.2940e+00 4.0061e+00 4.3118e+00 4.6076e+00
1759 1760 4.2940e+00 4.0061e+00 4.3118e+00 4.6076e+00
1760 1761 4.2940e+00 4.0061e+00 4.3118e+00 4.6076e+00
1761 1762 4.2940e+00 4.0061e+00 4.3118e+00 4.6076e+00
1762 1763 4.2940e+00 4.0061e+00 4.3118e+00 4.6076e+00
1763 1764 4.2940e+00 4.0061e+00 4.3118e+00 4.6076e+00
1764 1765 4.2940e+00 4.0061e+00 4.3118e+00 4.6076e+00
1765 1766 4.2940e+00 4.0061e+00 4.3118e+00 4.6076e+00
1766 1767 4.2940e+00 4.0061e+00 4.3118e+00 4.6076e+00
1767 1768 4.2940e+00 4.0061e+00 4.3118e+00 4.6076e+00
1768 1769 4.2940e+00 4.0061e+00 4.3118e+00 4.6076e+00
1769 1770 4.2940e+00 4.0061e+00 4.3118e+00 4.6076e+00
1770 1771 4.2940e+00 4.0061e+00 4.3118e+00 4.6076e+00
1771 1772 4.2940e+00 4.0061e+00 4.3118e+00 4.6076e+00
1772 1773 4.2940e+00 4.0061e+00 4.3118e+00 4.6076e+00
1773 1774 4.2940e+00 4.0061e+00 4.3118e+00 4.6076e+00
1774 1775 4.2940e+00 4.0061e+00 4.3118e+00 4.6076e+00
1775 1776 4.2940e+00 4.0061e+00 4.3118e+00 4.6076e+00
1776 1777 4.2940e+00 4.0061e+00 4.3118e+00 4.6076e+00
1777 1778 4.2940e+00 4.0061e+00 4.3118e+00 4.6076e+00
1778 1779 4.2940e+00 4.0061e+00 4.3118e+00 4.6076e+00
1779 1780 4.2940e+00 4.0061e+00 4.3118e+00 4.6076e+00
