# parameters
version_bit_string:13816762181795971082,seed:5489,burn_in:100000,num_iter:1000000,stats_thin:1000,block_penalty:50,prior_rate_mean:1,window_size:50,partition_length:4001,overlap_length:200,pade_resolution:10,pade_max:1000,max_lk_start:0.001,max_lk_resolution:0.001,num_snps:1001,num_snp_partitions:1,num_samps:1000
# left_snp right_snp mean p0.025 p0.500 p0.975
0 1 4.2784e+00 3.8092e+00 4.2740e+00 4.7610e+00
1 2 4.2784e+00 3.8092e+00 4.2740e+00 4.7610e+00
2 3 4.2784e+00 3.8092e+00 4.2740e+00 4.7610e+00
3 4 4.2784e+00 3.8092e+00 4.2740e+00 4.7610e+00
4 5 4.2784e+00 3.8092e+00 4.2740e+00 4.7610e+00
5 6 4.2784e+00 3.8092e+00 4.2740e+00 4.7610e+00
6 7 4.2784e+00 3.8092e+00 4.2740e+00 4.7610e+00
7 8 4.2784e+00 3.8092e+00 4.2740e+00 4.7610e+00
8 9 4.2784e+00 3.8092e+00 4.2740e+00 4.7610e+00
9 10 4.2784e+00 3.8092e+00 4.2740e+00 4.7610e+00
10 11 4.2784e+00 3.8092e+00 4.2740e+00 4.7610e+00
11 12 4.2784e+00 3.8092e+00 4.2740e+00 4.7610e+00
12 13 4.2784e+00 3.8092e+00 4.2740e+00 4.7610e+00
13 14 4.2784e+00 3.8092e+00 4.2740e+00 4.7610e+00
14 15 4.2784e+00 3.8092e+00 4.2740e+00 4.7610e+00
15 16 4.2784e+00 3.8092e+00 4.2740e+00 4.7610e+00
16 17 4.2784e+00 3.8092e+00 4.2740e+00 4.7610e+00
17 18 4.2784e+00 3.8092e+00 4.2740e+00 4.7610e+00
18 19 4.2784e+00 3.8092e+00 4.2740e+00 4.7610e+00
19 20 4.2784e+00 3.8092e+00 4.2740e+00 4.7610e+00
20 21 4.2784e+00 3.8092e+00 4.2740e+00 4.7610e+00
21 22 4.2784e+00 3.8092e+00 4.2740e+00 4.7610e+00
22 23 4.2784e+00 3.8092e+00 4.2740e+00 4.7610e+00
23 25 4.2784e+00 3.8092e+00 4.2740e+00 4.7610e+00
25 26 4.2784e+00 3.8092e+00 4.2740e+00 4.7610e+00
26 27 4.2784e+00 3.8092e+00 4.2740e+00 4.7610e+00
27 28 4.2784e+00 3.8092e+00 4.2740e+00 4.7610e+00
28 29 4.2784e+00 3.8092e+00 4.2740e+00 4.7610e+00
29 30 4.2784e+00 3.8092e+00 4.2740e+00 4.7610e+00
30 31 4.2784e+00 3.8092e+00 4.2740e+00 4.7610e+00
31 32 4.2784e+00 3.8092e+00 4.2740e+00 4.7610e+00
32 34 4.2784e+00 3.8092e+00 4.2740e+00 4.7610e+00
34 35 4.2784e+00 3.8092e+00 4.2740e+00 4.7610e+00
35 36 4.2784e+00 3.8092e+00 4.2740e+00 4.7610e+00
36 37 4.2784e+00 3.8092e+00 4.2740e+00 4.7610e+00
37 38 4.2784e+00 3.8092e+00 4.2740e+00 4.7610e+00
38 39 4.2784e+00 3.8092e+00 4.2740e+00 4.7610e+00
39 40 4.2784e+00 3.8092e+00 4.2740e+00 4.7610e+00
40 41 4.2784e+00 3.8092e+00 4.2740e+00 4.7610e+00
41 42 4.2784e+00 3.8092e+00 4.2740e+00 4.7610e+00
42 43 4.2784e+00 3.8092e+00 4.2740e+00 4.7610e+00
43 44 4.2784e+00 3.8092e+00 4.2740e+00 4.7610e+00
44 45 4.2784e+00 3.8092e+00 4.2740e+00 4.7610e+00
45 46 4.2784e+00 3.8092e+00 4.2740e+00 4.7610e+00
46 47 4.2784e+00 3.8092e+00 4.2740e+00 4.7610e+00
47 48 4.2784e+00 3.8092e+00 4.2740e+00 4.7610e+00
48 49 4.2784e+00 3.8092e+00 4.2740e+00 4.7610e+00
49 50 4.2784e+00 3.8092e+00 4.2740e+00 4.7610e+00
50 51 4.2784e+00 3.8092e+00 4.2740e+00 4.7610e+00
51 52 4.2784e+00 3.8092e+00 4.2740e+00 4.7610e+00
52 53 4.2784e+00 3.8092e+00 4.2740e+00 4.7610e+00
53 54 4.2784e+00 3.8092e+00 4.2740e+00 4.7610e+00
54 55 4.2784e+00 3.8092e+00 4.2740e+00 4.7610e+00
55 56 4.2784e+00 3.8092e+00 4.2740e+00 4.7610e+00
56 57 4.2784e+00 3.8092e+00 4.2740e+00 4.7610e+00
57 58 4.2784e+00 3.8092e+00 4.2740e+00 4.7610e+00
58 60 4.2784e+00 3.8092e+00 4.2740e+00 4.7610e+00
60 61 4.2784e+00 3.8092e+00 4.2740e+00 4.7610e+00
61 62 4.2784e+00 3.8092e+00 4.2740e+00 4.7610e+00
62 63 4.2784e+00 3.8092e+00 4.2740e+00 4.7610e+00
63 64 4.2784e+00 3.8092e+00 4.2740e+00 4.7610e+00
64 65 4.2784e+00 3.8092e+00 4.2740e+00 4.7610e+00
65 66 4.2784e+00 3.8092e+00 4.2740e+00 4.7610e+00
66 67 4.2784e+00 3.8092e+00 4.2740e+00 4.7610e+00
67 68 4.2784e+00 3.8092e+00 4.2740e+00 4.7610e+00
68 69 4.2784e+00 3.8092e+00 4.2740e+00 4.7610e+00
69 70 4.2784e+00 3.8092e+00 4.2740e+00 4.7610e+00
70 71 4.2784e+00 3.8092e+00 4.2740e+00 4.7610e+00
71 72 4.2784e+00 3.8092e+00 4.2740e+00 4.7610e+00
72 73 4.2784e+00 3.8092e+00 4.2740e+00 4.7610e+00
73 74 4.2784e+00 3.8092e+00 4.2740e+00 4.7610e+00
74 75 4.2784e+00 3.8092e+00 4.2740e+00 4.7610e+00
75 76 4.2784e+00 3.8092e+00 4.2740e+00 4.7610e+00
76 77 4.2784e+00 3.8092e+00 4.2740e+00 4.7610e+00
77 78 4.2784e+00 3.8092e+00 4.2740e+00 4.7610e+00
78 79 4.2784e+00 3.8092e+00 4.2740e+00 4.7610e+00
79 80 4.2784e+00 3.8092e+00 4.2740e+00 4.7610e+00
80 81 4.2784e+00 3.8092e+00 4.2740e+00 4.7610e+00
81 82 4.2784e+00 3.8092e+00 4.2740e+00 4.7610e+00
82 83 4.2784e+00 3.8092e+00 4.2740e+00 4.7610e+00
83 84 4.2784e+00 3.8092e+00 4.2740e+00 4.7610e+00
84 85 4.2784e+00 3.8092e+00 4.2740e+00 4.7610e+00
85 86 4.2784e+00 3.8092e+00 4.2740e+00 4.7610e+00
86 87 4.2784e+00 3.8092e+00 4.2740e+00 4.7610e+00
87 88 4.2784e+00 3.8092e+00 4.2740e+00 4.7610e+00
88 89 4.2784e+00 3.8092e+00 4.2740e+00 4.7610e+00
89 90 4.2784e+00 3.8092e+00 4.2740e+00 4.7610e+00
90 91 4.2784e+00 3.8092e+00 4.2740e+00 4.7610e+00
91 92 4.2784e+00 3.8092e+00 4.2740e+00 4.7610e+00
92 93 4.2784e+00 3.8092e+00 4.2740e+00 4.7610e+00
93 94 4.2784e+00 3.8092e+00 4.2740e+00 4.7610e+00
94 95 4.2784e+00 3.8092e+00 4.2740e+00 4.7610e+00
95 96 4.2784e+00 3.8092e+00 4.2740e+00 4.7610e+00
96 97 4.2784e+00 3.8092e+00 4.2740e+00 4.7610e+00
97 98 4.2784e+00 3.8092e+00 4.2740e+00 4.7610e+00
98 99 4.2784e+00 3.8092e+00 4.2740e+00 4.7610e+00
99 100 4.2784e+00 3.8092e+00 4.2740e+00 4.7610e+00
100 101 4.2784e+00 3.8092e+00 4.2740e+00 4.7610e+00
101 102 4.2784e+00 3.8092e+00 4.2740e+00 4.7610e+00
102 103 4.2784e+00 3.8092e+00 4.2740e+00 4.7610e+00
103 104 4.2784e+00 3.8092e+00 4.2740e+00 4.7610e+00
104 105 4.2784e+00 3.8092e+00 4.2740e+00 4.7610e+00
105 106 4.2784e+00 3.8092e+00 4.2740e+00 4.7610e+00
106 108 4.2784e+00 3.8092e+00 4.2740e+00 4.7610e+00
108 109 4.2784e+00 3.8092e+00 4.2740e+00 4.7610e+00
109 110 4.2784e+00 3.8092e+00 4.2740e+00 4.7610e+00
110 111 4.2784e+00 3.8092e+00 4.2740e+00 4.7610e+00
111 112 4.2784e+00 3.8092e+00 4.2740e+00 4.7610e+00
112 113 4.2784e+00 3.8092e+00 4.2740e+00 4.7610e+00
113 114 4.2784e+00 3.8092e+00 4.2740e+00 4.7610e+00
114 115 4.2784e+00 3.8092e+00 4.2740e+00 4.7610e+00
115 116 4.2784e+00 3.8092e+00 4.2740e+00 4.7610e+00
116 117 4.2784e+00 3.8092e+00 4.2740e+00 4.7610e+00
117 118 1.7106e+00 1.1837e+00 1.4381e+00 4.3347e+00
118 119 1.4069e+00 1.1705e+00 1.4148e+00 1.6810e+00
119 120 1.4069e+00 1.1705e+00 1.4148e+00 1.6810e+00
120 121 1.4069e+00 1.1705e+00 1.4148e+00 1.6810e+00
121 122 1.4069e+00 1.1705e+00 1.4148e+00 1.6810e+00
122 123 1.4069e+00 1.1705e+00 1.4148e+00 1.6810e+00
123 124 1.4069e+00 1.1705e+00 1.4148e+00 1.6810e+00
124 125 1.4069e+00 1.1705e+00 1.4148e+00 1.6810e+00
125 126 1.4069e+00 1.1705e+00 1.4148e+00 1.6810e+00
126 127 1.4069e+00 1.1705e+00 1.4148e+00 1.6810e+00
127 128 1.4069e+00 1.1705e+00 1.4148e+00 1.6810e+00
128 129 1.4069e+00 1.1705e+00 1.4148e+00 1.6810e+00
129 130 1.4069e+00 1.1705e+00 1.4148e+00 1.6810e+00
130 131 1.4069e+00 1.1705e+00 1.4148e+00 1.6810e+00
131 132 1.4069e+00 1.1705e+00 1.4148e+00 1.6810e+00
132 133 1.4069e+00 1.1705e+00 1.4148e+00 1.6810e+00
133 134 1.4069e+00 1.1705e+00 1.4148e+00 1.6810e+00
134 135 1.4069e+00 1.1705e+00 1.4148e+00 1.6810e+00
135 136 1.4069e+00 1.1705e+00 1.4148e+00 1.6810e+00
136 137 1.4069e+00 1.1705e+00 1.4148e+00 1.6810e+00
137 138 1.4069e+00 1.1705e+00 1.4148e+00 1.6810e+00
138 139 1.4295e+00 1.1741e+00 1.4186e+00 1.6894e+00
139 140 1.4295e+00 1.1741e+00 1.4186e+00 1.6894e+00
140 141 1.4295e+00 1.1741e+00 1.4186e+00 1.6894e+00
141 142 1.7619e+00 1.1894e+00 1.4317e+00 7.5252e+00
142 143 2.6614e+00 1.2251e+00 1.4703e+00 8.0141e+00
143 144 2.7216e+00 1.2265e+00 1.4729e+00 8.0161e+00
144 145 2.7623e+00 1.2265e+00 1.4748e+00 8.0167e+00
145 146 2.9614e+00 1.2268e+00 1.4820e+00 8.0369e+00
146 147 3.7347e+00 1.2502e+00 1.5429e+00 8.0646e+00
147 148 4.4375e+00 1.2531e+00 1.7183e+00 8.0851e+00
148 149 6.7518e+00 1.3759e+00 7.5661e+00 8.1406e+00
149 150 7.3174e+00 1.5226e+00 7.6257e+00 8.1507e+00
150 151 7.5450e+00 7.0029e+00 7.6381e+00 8.1628e+00
151 152 7.5955e+00 7.0051e+00 7.6460e+00 8.1628e+00
152 153 7.5955e+00 7.0051e+00 7.6460e+00 8.1628e+00
153 154 7.5955e+00 7.0051e+00 7.6460e+00 8.1628e+00
154 155 7.5955e+00 7.0051e+00 7.6460e+00 8.1628e+00
155 156 7.5955e+00 7.0051e+00 7.6460e+00 8.1628e+00
156 157 7.6116e+00 7.0067e+00 7.6608e+00 8.1628e+00
157 158 7.6116e+00 7.0067e+00 7.6608e+00 8.1628e+00
158 159 7.6116e+00 7.0067e+00 7.6608e+00 8.1628e+00
159 160 7.6221e+00 7.0070e+00 7.6653e+00 8.1628e+00
160 161 7.6221e+00 7.0070e+00 7.6653e+00 8.1628e+00
161 162 7.6221e+00 7.0070e+00 7.6653e+00 8.1628e+00
162 163 7.6221e+00 7.0070e+00 7.6653e+00 8.1628e+00
163 164 7.6221e+00 7.0070e+00 7.6653e+00 8.1628e+00
164 165 7.6221e+00 7.0070e+00 7.6653e+00 8.1628e+00
165 166 7.6221e+00 7.0070e+00 7.6653e+00 8.1628e+00
166 167 7.6221e+00 7.0070e+00 7.6653e+00 8.1628e+00
167 168 7.6221e+00 7.0070e+00 7.6653e+00 8.1628e+00
168 169 7.6221e+00 7.0070e+00 7.6653e+00 8.1628e+00
169 170 7.6221e+00 7.0070e+00 7.6653e+00 8.1628e+00
170 171 7.6221e+00 7.0070e+00 7.6653e+00 8.1628e+00
171 172 7.6221e+00 7.0070e+00 7.6653e+00 8.1628e+00
172 173 7.6221e+00 7.0070e+00 7.6653e+00 8.1628e+00
173 174 7.6221e+00 7.0070e+00 7.6653e+00 8.1628e+00
174 175 7.6221e+00 7.0070e+00 7.6653e+00 8.1628e+00
175 176 7.6221e+00 7.0070e+00 7.6653e+00 8.1628e+00
176 177 7.6221e+00 7.0070e+00 7.6653e+00 8.1628e+00
177 178 7.6221e+00 7.0070e+00 7.6653e+00 8.1628e+00
178 179 7.6221e+00 7.0070e+00 7.6653e+00 8.1628e+00
179 180 7.6221e+00 7.0070e+00 7.6653e+00 8.1628e+00
180 181 7.6221e+00 7.0070e+00 7.6653e+00 8.1628e+00
181 182 7.6221e+00 7.0070e+00 7.6653e+00 8.1628e+00
182 183 7.6221e+00 7.0070e+00 7.6653e+00 8.1628e+00
183 184 7.6221e+00 7.0070e+00 7.6653e+00 8.1628e+00
184 185 7.6221e+00 7.0070e+00 7.6653e+00 8.1628e+00
185 186 7.6221e+00 7.0070e+00 7.6653e+00 8.1628e+00
186 187 7.6221e+00 7.0070e+00 7.6653e+00 8.1628e+00
187 188 7.6221e+00 7.0070e+00 7.6653e+00 8.1628e+00
188 189 7.6221e+00 7.0070e+00 7.6653e+00 8.1628e+00
189 190 7.6221e+00 7.0070e+00 7.6653e+00 8.1628e+00
190 191 7.6221e+00 7.0070e+00 7.6653e+00 8.1628e+00
191 192 7.6221e+00 7.0070e+00 7.6653e+00 8.1628e+00
192 193 7.6221e+00 7.0070e+00 7.6653e+00 8.1628e+00
193 194 7.6221e+00 7.0070e+00 7.6653e+00 8.1628e+00
194 195 7.6221e+00 7.0070e+00 7.6653e+00 8.1628e+00
195 196 7.6221e+00 7.0070e+00 7.6653e+00 8.1628e+00
196 197 7.6221e+00 7.0070e+00 7.6653e+00 8.1628e+00
197 198 7.6221e+00 7.0070e+00 7.6653e+00 8.1628e+00
198 199 7.6221e+00 7.0070e+00 7.6653e+00 8.1628e+00
199 200 7.6221e+00 7.0070e+00 7.6653e+00 8.1628e+00
200 203 7.6221e+00 7.0070e+00 7.6653e+00 8.1628e+00
203 205 7.6221e+00 7.0070e+00 7.6653e+00 8.1628e+00
205 206 7.6221e+00 7.0070e+00 7.6653e+00 8.1628e+00
206 207 7.6221e+00 7.0070e+00 7.6653e+00 8.1628e+00
207 208 7.6221e+00 7.0070e+00 7.6653e+00 8.1628e+00
208 209 7.6221e+00 7.0070e+00 7.6653e+00 8.1628e+00
209 210 7.6221e+00 7.0070e+00 7.6653e+00 8.1628e+00
210 211 7.6221e+00 7.0070e+00 7.6653e+00 8.1628e+00
211 213 7.6221e+00 7.0070e+00 7.6653e+00 8.1628e+00
213 214 7.6221e+00 7.0070e+00 7.6653e+00 8.1628e+00
214 215 7.6221e+00 7.0070e+00 7.6653e+00 8.1628e+00
215 216 7.6221e+00 7.0070e+00 7.6653e+00 8.1628e+00
216 217 7.6221e+00 7.0070e+00 7.6653e+00 8.1628e+00
217 218 7.6221e+00 7.0070e+00 7.6653e+00 8.1628e+00
218 219 7.6221e+00 7.0070e+00 7.6653e+00 8.1628e+00
219 220 7.6221e+00 7.0070e+00 7.6653e+00 8.1628e+00
220 222 7.6221e+00 7.0070e+00 7.6653e+00 8.1628e+00
222 223 7.6221e+00 7.0070e+00 7.6653e+00 8.1628e+00
223 224 7.6221e+00 7.0070e+00 7.6653e+00 8.1628e+00
224 225 7.6221e+00 7.0070e+00 7.6653e+00 8.1628e+00
225 226 7.6221e+00 7.0070e+00 7.6653e+00 8.1628e+00
226 227 7.6221e+00 7.0070e+00 7.6653e+00 8.1628e+00
227 228 7.6221e+00 7.0070e+00 7.6653e+00 8.1628e+00
228 230 7.6221e+00 7.0070e+00 7.6653e+00 8.1628e+00
230 232 7.6221e+00 7.0070e+00 7.6653e+00 8.1628e+00
232 233 7.6221e+00 7.0070e+00 7.6653e+00 8.1628e+00
233 234 7.6221e+00 7.0070e+00 7.6653e+00 8.1628e+00
234 235 7.6221e+00 7.0070e+00 7.6653e+00 8.1628e+00
235 236 7.6221e+00 7.0070e+00 7.6653e+00 8.1628e+00
236 237 7.6221e+00 7.0070e+00 7.6653e+00 8.1628e+00
237 239 7.6221e+00 7.0070e+00 7.6653e+00 8.1628e+00
239 240 7.6221e+00 7.0070e+00 7.6653e+00 8.1628e+00
240 241 7.6221e+00 7.0070e+00 7.6653e+00 8.1628e+00
241 242 7.6221e+00 7.0070e+00 7.6653e+00 8.1628e+00
242 243 7.6221e+00 7.0070e+00 7.6653e+00 8.1628e+00
243 244 7.6221e+00 7.0070e+00 7.6653e+00 8.1628e+00
244 245 7.6221e+00 7.0070e+00 7.6653e+00 8.1628e+00
245 246 7.6221e+00 7.0070e+00 7.6653e+00 8.1628e+00
246 247 7.6221e+00 7.0070e+00 7.6653e+00 8.1628e+00
247 248 7.6221e+00 7.0070e+00 7.6653e+00 8.1628e+00
248 249 7.6221e+00 7.0070e+00 7.6653e+00 8.1628e+00
249 250 7.6221e+00 7.0070e+00 7.6653e+00 8.1628e+00
250 251 7.6221e+00 7.0070e+00 7.6653e+00 8.1628e+00
251 252 7.6221e+00 7.0070e+00 7.6653e+00 8.1628e+00
252 253 7.6221e+00 7.0070e+00 7.6653e+00 8.1628e+00
253 254 7.6221e+00 7.0070e+00 7.6653e+00 8.1628e+00
254 255 7.6221e+00 7.0070e+00 7.6653e+00 8.1628e+00
255 256 7.6221e+00 7.0070e+00 7.6653e+00 8.1628e+00
256 257 7.6221e+00 7.0070e+00 7.6653e+00 8.1628e+00
257 258 7.6221e+00 7.0070e+00 7.6653e+00 8.1628e+00
258 259 7.6221e+00 7.0070e+00 7.6653e+00 8.1628e+00
259 260 7.6221e+00 7.0070e+00 7.6653e+00 8.1628e+00
260 261 7.6221e+00 7.0070e+00 7.6653e+00 8.1628e+00
261 263 7.6221e+00 7.0070e+00 7.6653e+00 8.1628e+00
263 264 7.6221e+00 7.0070e+00 7.6653e+00 8.1628e+00
264 265 7.6221e+00 7.0070e+00 7.6653e+00 8.1628e+00
265 266 7.6221e+00 7.0070e+00 7.6653e+00 8.1628e+00
266 267 7.6221e+00 7.0070e+00 7.6653e+00 8.1628e+00
267 268 7.6221e+00 7.0070e+00 7.6653e+00 8.1628e+00
268 269 7.6221e+00 7.0070e+00 7.6653e+00 8.1628e+00
269 270 7.6221e+00 7.0070e+00 7.6653e+00 8.1628e+00
270 271 7.6221e+00 7.0070e+00 7.6653e+00 8.1628e+00
271 272 7.6221e+00 7.0070e+00 7.6653e+00 8.1628e+00
272 273 7.6221e+00 7.0070e+00 7.6653e+00 8.1628e+00
273 274 7.6221e+00 7.0070e+00 7.6653e+00 8.1628e+00
274 275 7.6221e+00 7.0070e+00 7.6653e+00 8.1628e+00
275 276 7.6221e+00 7.0070e+00 7.6653e+00 8.1628e+00
276 277 7.6221e+00 7.0070e+00 7.6653e+00 8.1628e+00
277 278 7.6221e+00 7.0070e+00 7.6653e+00 8.1628e+00
278 279 7.6221e+00 7.0070e+00 7.6653e+00 8.1628e+00
279 280 7.6221e+00 7.0070e+00 7.6653e+00 8.1628e+00
280 281 7.6221e+00 7.0070e+00 7.6653e+00 8.1628e+00
281 282 7.6221e+00 7.0070e+00 7.6653e+00 8.1628e+00
282 283 7.6221e+00 7.0070e+00 7.6653e+00 8.1628e+00
283 285 7.6221e+00 7.0070e+00 7.6653e+00 8.1628e+00
285 286 7.6221e+00 7.0070e+00 7.6653e+00 8.1628e+00
286 287 7.6221e+00 7.0070e+00 7.6653e+00 8.1628e+00
287 288 7.6221e+00 7.0070e+00 7.6653e+00 8.1628e+00
288 289 7.6221e+00 7.0070e+00 7.6653e+00 8.1628e+00
289 290 7.6221e+00 7.0070e+00 7.6653e+00 8.1628e+00
290 291 7.6221e+00 7.0070e+00 7.6653e+00 8.1628e+00
291 292 7.6221e+00 7.0070e+00 7.6653e+00 8.1628e+00
292 293 7.6221e+00 7.0070e+00 7.6653e+00 8.1628e+00
293 294 7.6221e+00 7.0070e+00 7.6653e+00 8.1628e+00
294 295 7.6221e+00 7.0070e+00 7.6653e+00 8.1628e+00
295 296 7.6221e+00 7.0070e+00 7.6653e+00 8.1628e+00
296 297 7.6221e+00 7.0070e+00 7.6653e+00 8.1628e+00
297 298 7.6221e+00 7.0070e+00 7.6653e+00 8.1628e+00
298 299 7.6221e+00 7.0070e+00 7.6653e+00 8.1628e+00
299 300 7.6221e+00 7.0070e+00 7.6653e+00 8.1628e+00
300 301 7.6221e+00 7.0070e+00 7.6653e+00 8.1628e+00
301 302 7.6221e+00 7.0070e+00 7.6653e+00 8.1628e+00
302 303 7.6221e+00 7.0070e+00 7.6653e+00 8.1628e+00
303 304 7.6221e+00 7.0070e+00 7.6653e+00 8.1628e+00
304 305 7.6221e+00 7.0070e+00 7.6653e+00 8.1628e+00
305 306 7.6221e+00 7.0070e+00 7.6653e+00 8.1628e+00
306 307 7.6221e+00 7.0070e+00 7.6653e+00 8.1628e+00
307 308 7.6221e+00 7.0070e+00 7.6653e+00 8.1628e+00
308 309 7.6221e+00 7.0070e+00 7.6653e+00 8.1628e+00
309 310 7.6221e+00 7.0070e+00 7.6653e+00 8.1628e+00
310 312 7.6221e+00 7.0070e+00 7.6653e+00 8.1628e+00
312 313 7.6221e+00 7.0070e+00 7.6653e+00 8.1628e+00
313 314 7.6221e+00 7.0070e+00 7.6653e+00 8.1628e+00
314 315 7.6221e+00 7.0070e+00 7.6653e+00 8.1628e+00
315 316 7.6221e+00 7.0070e+00 7.6653e+00 8.1628e+00
316 317 7.6221e+00 7.0070e+00 7.6653e+00 8.1628e+00
317 318 7.6221e+00 7.0070e+00 7.6653e+00 8.1628e+00
318 319 7.6221e+00 7.0070e+00 7.6653e+00 8.1628e+00
319 320 7.6221e+00 7.0070e+00 7.6653e+00 8.1628e+00
320 321 7.6221e+00 7.0070e+00 7.6653e+00 8.1628e+00
321 322 7.6221e+00 7.0070e+00 7.6653e+00 8.1628e+00
322 323 7.6221e+00 7.0070e+00 7.6653e+00 8.1628e+00
323 324 7.6221e+00 7.0070e+00 7.6653e+00 8.1628e+00
324 325 7.6221e+00 7.0070e+00 7.6653e+00 8.1628e+00
325 326 7.6221e+00 7.0070e+00 7.6653e+00 8.1628e+00
326 327 7.6221e+00 7.0070e+00 7.6653e+00 8.1628e+00
327 328 7.6221e+00 7.0070e+00 7.6653e+00 8.1628e+00
328 330 7.6221e+00 7.0070e+00 7.6653e+00 8.1628e+00
330 331 7.6221e+00 7.0070e+00 7.6653e+00 8.1628e+00
331 332 7.6221e+00 7.0070e+00 7.6653e+00 8.1628e+00
332 333 7.6221e+00 7.0070e+00 7.6653e+00 8.1628e+00
333 334 7.6221e+00 7.0070e+00 7.6653e+00 8.1628e+00
334 335 7.6221e+00 7.0070e+00 7.6653e+00 8.1628e+00
335 336 7.6221e+00 7.0070e+00 7.6653e+00 8.1628e+00
336 338 7.6221e+00 7.0070e+00 7.6653e+00 8.1628e+00
338 339 7.6221e+00 7.0070e+00 7.6653e+00 8.1628e+00
339 340 7.6221e+00 7.0070e+00 7.6653e+00 8.1628e+00
340 341 7.6221e+00 7.0070e+00 7.6653e+00 8.1628e+00
341 342 7.6221e+00 7.0070e+00 7.6653e+00 8.1628e+00
342 343 7.6221e+00 7.0070e+00 7.6653e+00 8.1628e+00
343 344 7.6221e+00 7.0070e+00 7.6653e+00 8.1628e+00
344 345 7.6221e+00 7.0070e+00 7.6653e+00 8.1628e+00
345 346 7.6221e+00 7.0070e+00 7.6653e+00 8.1628e+00
346 347 7.6221e+00 7.0070e+00 7.6653e+00 8.1628e+00
347 348 7.6221e+00 7.0070e+00 7.6653e+00 8.1628e+00
348 349 7.6221e+00 7.0070e+00 7.6653e+00 8.1628e+00
349 350 7.6221e+00 7.0070e+00 7.6653e+00 8.1628e+00
350 351 7.6221e+00 7.0070e+00 7.6653e+00 8.1628e+00
351 352 7.6221e+00 7.0070e+00 7.6653e+00 8.1628e+00
352 353 7.6221e+00 7.0070e+00 7.6653e+00 8.1628e+00
353 354 7.6221e+00 7.0070e+00 7.6653e+00 8.1628e+00
354 356 7.6221e+00 7.0070e+00 7.6653e+00 8.1628e+00
356 357 7.6221e+00 7.0070e+00 7.6653e+00 8.1628e+00
357 358 7.6221e+00 7.0070e+00 7.6653e+00 8.1628e+00
358 360 7.6221e+00 7.0070e+00 7.6653e+00 8.1628e+00
360 361 7.6221e+00 7.0070e+00 7.6653e+00 8.1628e+00
361 362 7.6221e+00 7.0070e+00 7.6653e+00 8.1628e+00
362 363 7.6221e+00 7.0070e+00 7.6653e+00 8.1628e+00
363 364 7.6221e+00 7.0070e+00 7.6653e+00 8.1628e+00
364 365 7.6221e+00 7.0070e+00 7.6653e+00 8.1628e+00
365 366 7.6221e+00 7.0070e+00 7.6653e+00 8.1628e+00
366 367 7.6221e+00 7.0070e+00 7.6653e+00 8.1628e+00
367 368 7.6221e+00 7.0070e+00 7.6653e+00 8.1628e+00
368 369 7.6221e+00 7.0070e+00 7.6653e+00 8.1628e+00
369 370 7.6221e+00 7.0070e+00 7.6653e+00 8.1628e+00
370 371 7.6221e+00 7.0070e+00 7.6653e+00 8.1628e+00
371 372 7.6221e+00 7.0070e+00 7.6653e+00 8.1628e+00
372 373 7.6221e+00 7.0070e+00 7.6653e+00 8.1628e+00
373 374 7.6221e+00 7.0070e+00 7.6653e+00 8.1628e+00
374 375 7.6221e+00 7.0070e+00 7.6653e+00 8.1628e+00
375 376 7.6221e+00 7.0070e+00 7.6653e+00 8.1628e+00
376 377 7.6221e+00 7.0070e+00 7.6653e+00 8.1628e+00
377 378 7.6221e+00 7.0070e+00 7.6653e+00 8.1628e+00
378 379 7.6221e+00 7.0070e+00 7.6653e+00 8.1628e+00
379 380 7.6221e+00 7.0070e+00 7.6653e+00 8.1628e+00
380 381 7.6221e+00 7.0070e+00 7.6653e+00 8.1628e+00
381 382 7.6221e+00 7.0070e+00 7.6653e+00 8.1628e+00
382 383 7.6221e+00 7.0070e+00 7.6653e+00 8.1628e+00
383 384 7.6221e+00 7.0070e+00 7.6653e+00 8.1628e+00
384 385 7.6221e+00 7.0070e+00 7.6653e+00 8.1628e+00
385 386 7.6221e+00 7.0070e+00 7.6653e+00 8.1628e+00
386 387 7.6221e+00 7.0070e+00 7.6653e+00 8.1628e+00
387 388 7.6221e+00 7.0070e+00 7.6653e+00 8.1628e+00
388 389 7.6221e+00 7.0070e+00 7.6653e+00 8.1628e+00
389 390 7.6221e+00 7.0070e+00 7.6653e+00 8.1628e+00
390 391 7.6221e+00 7.0070e+00 7.6653e+00 8.1628e+00
391 392 7.6221e+00 7.0070e+00 7.6653e+00 8.1628e+00
392 393 7.6221e+00 7.0070e+00 7.6653e+00 8.1628e+00
393 394 7.6221e+00 7.0070e+00 7.6653e+00 8.1628e+00
394 395 7.6221e+00 7.0070e+00 7.6653e+00 8.1628e+00
395 396 7.6221e+00 7.0070e+00 7.6653e+00 8.1628e+00
396 397 7.6221e+00 7.0070e+00 7.6653e+00 8.1628e+00
397 398 7.6221e+00 7.0070e+00 7.6653e+00 8.1628e+00
398 399 7.6221e+00 7.0070e+00 7.6653e+00 8.1628e+00
399 400 7.6221e+00 7.0070e+00 7.6653e+00 8.1628e+00
400 401 7.6221e+00 7.0070e+00 7.6653e+00 8.1628e+00
401 402 7.6221e+00 7.0070e+00 7.6653e+00 8.1628e+00
402 403 7.6221e+00 7.0070e+00 7.6653e+00 8.1628e+00
403 404 7.6221e+00 7.0070e+00 7.6653e+00 8.1628e+00
404 405 7.6221e+00 7.0070e+00 7.6653e+00 8.1628e+00
405 406 7.6221e+00 7.0070e+00 7.6653e+00 8.1628e+00
406 407 7.6221e+00 7.0070e+00 7.6653e+00 8.1628e+00
407 408 7.6221e+00 7.0070e+00 7.6653e+00 8.1628e+00
408 409 7.6221e+00 7.0070e+00 7.6653e+00 8.1628e+00
409 410 7.6221e+00 7.0070e+00 7.6653e+00 8.1628e+00
410 411 7.6221e+00 7.0070e+00 7.6653e+00 8.1628e+00
411 412 7.6221e+00 7.0070e+00 7.6653e+00 8.1628e+00
412 413 7.6221e+00 7.0070e+00 7.6653e+00 8.1628e+00
413 414 7.6221e+00 7.0070e+00 7.6653e+00 8.1628e+00
414 415 7.6221e+00 7.0070e+00 7.6653e+00 8.1628e+00
415 416 7.6221e+00 7.0070e+00 7.6653e+00 8.1628e+00
416 419 7.6221e+00 7.0070e+00 7.6653e+00 8.1628e+00
419 420 7.6221e+00 7.0070e+00 7.6653e+00 8.1628e+00
420 421 7.6221e+00 7.0070e+00 7.6653e+00 8.1628e+00
421 422 7.6221e+00 7.0070e+00 7.6653e+00 8.1628e+00
422 423 7.6221e+00 7.0070e+00 7.6653e+00 8.1628e+00
423 424 7.6221e+00 7.0070e+00 7.6653e+00 8.1628e+00
424 425 7.6221e+00 7.0070e+00 7.6653e+00 8.1628e+00
425 426 7.6221e+00 7.0070e+00 7.6653e+00 8.1628e+00
426 427 7.6221e+00 7.0070e+00 7.6653e+00 8.1628e+00
427 428 7.6221e+00 7.0070e+00 7.6653e+00 8.1628e+00
428 429 7.6221e+00 7.0070e+00 7.6653e+00 8.1628e+00
429 430 7.6221e+00 7.0070e+00 7.6653e+00 8.1628e+00
430 431 7.6221e+00 7.0070e+00 7.6653e+00 8.1628e+00
431 432 7.6221e+00 7.0070e+00 7.6653e+00 8.1628e+00
432 433 7.6221e+00 7.0070e+00 7.6653e+00 8.1628e+00
433 434 7.6221e+00 7.0070e+00 7.6653e+00 8.1628e+00
434 435 7.6221e+00 7.0070e+00 7.6653e+00 8.1628e+00
435 436 7.6221e+00 7.0070e+00 7.6653e+00 8.1628e+00
436 438 7.6221e+00 7.0070e+00 7.6653e+00 8.1628e+00
438 439 7.6221e+00 7.0070e+00 7.6653e+00 8.1628e+00
439 440 7.6221e+00 7.0070e+00 7.6653e+00 8.1628e+00
440 441 7.6221e+00 7.0070e+00 7.6653e+00 8.1628e+00
441 442 7.6221e+00 7.0070e+00 7.6653e+00 8.1628e+00
442 443 7.6221e+00 7.0070e+00 7.6653e+00 8.1628e+00
443 444 7.6221e+00 7.0070e+00 7.6653e+00 8.1628e+00
444 445 7.6221e+00 7.0070e+00 7.6653e+00 8.1628e+00
445 446 7.6221e+00 7.0070e+00 7.6653e+00 8.1628e+00
446 447 7.6221e+00 7.0070e+00 7.6653e+00 8.1628e+00
447 448 7.6221e+00 7.0070e+00 7.6653e+00 8.1628e+00
448 449 7.6221e+00 7.0070e+00 7.6653e+00 8.1628e+00
449 450 7.6221e+00 7.0070e+00 7.6653e+00 8.1628e+00
450 451 7.6221e+00 7.0070e+00 7.6653e+00 8.1628e+00
451 452 7.6221e+00 7.0070e+00 7.6653e+00 8.1628e+00
452 453 7.6221e+00 7.0070e+00 7.6653e+00 8.1628e+00
453 454 7.6221e+00 7.0070e+00 7.6653e+00 8.1628e+00
454 455 7.6221e+00 7.0070e+00 7.6653e+00 8.1628e+00
455 456 7.6221e+00 7.0070e+00 7.6653e+00 8.1628e+00
456 457 7.6221e+00 7.0070e+00 7.6653e+00 8.1628e+00
457 458 7.6221e+00 7.0070e+00 7.6653e+00 8.1628e+00
458 459 7.6221e+00 7.0070e+00 7.6653e+00 8.1628e+00
459 461 7.6221e+00 7.0070e+00 7.6653e+00 8.1628e+00
461 462 7.6221e+00 7.0070e+00 7.6653e+00 8.1628e+00
462 463 7.6221e+00 7.0070e+00 7.6653e+00 8.1628e+00
463 464 7.6221e+00 7.0070e+00 7.6653e+00 8.1628e+00
464 465 7.6221e+00 7.0070e+00 7.6653e+00 8.1628e+00
465 466 7.6221e+00 7.0070e+00 7.6653e+00 8.1628e+00
466 467 7.6221e+00 7.0070e+00 7.6653e+00 8.1628e+00
467 468 7.6221e+00 7.0070e+00 7.6653e+00 8.1628e+00
468 469 7.6221e+00 7.0070e+00 7.6653e+00 8.1628e+00
469 470 7.6221e+00 7.0070e+00 7.6653e+00 8.1628e+00
470 471 7.6221e+00 7.0070e+00 7.6653e+00 8.1628e+00
471 472 7.6221e+00 7.0070e+00 7.6653e+00 8.1628e+00
472 473 7.6221e+00 7.0070e+00 7.6653e+00 8.1628e+00
473 474 7.6221e+00 7.0070e+00 7.6653e+00 8.1628e+00
474 475 7.6221e+00 7.0070e+00 7.6653e+00 8.1628e+00
475 477 7.6221e+00 7.0070e+00 7.6653e+00 8.1628e+00
477 478 7.6221e+00 7.0070e+00 7.6653e+00 8.1628e+00
478 479 7.6221e+00 7.0070e+00 7.6653e+00 8.1628e+00
479 480 7.6221e+00 7.0070e+00 7.6653e+00 8.1628e+00
480 481 7.6221e+00 7.0070e+00 7.6653e+00 8.1628e+00
481 483 7.6221e+00 7.0070e+00 7.6653e+00 8.1628e+00
483 484 7.6221e+00 7.0070e+00 7.6653e+00 8.1628e+00
484 485 7.6221e+00 7.0070e+00 7.6653e+00 8.1628e+00
485 486 7.6221e+00 7.0070e+00 7.6653e+00 8.1628e+00
486 487 7.6221e+00 7.0070e+00 7.6653e+00 8.1628e+00
487 488 7.6221e+00 7.0070e+00 7.6653e+00 8.1628e+00
488 489 7.6221e+00 7.0070e+00 7.6653e+00 8.1628e+00
489 490 7.6221e+00 7.0070e+00 7.6653e+00 8.1628e+00
490 491 7.6221e+00 7.0070e+00 7.6653e+00 8.1628e+00
491 492 7.6221e+00 7.0070e+00 7.6653e+00 8.1628e+00
492 493 7.6221e+00 7.0070e+00 7.6653e+00 8.1628e+00
493 494 7.6221e+00 7.0070e+00 7.6653e+00 8.1628e+00
494 495 7.6221e+00 7.0070e+00 7.6653e+00 8.1628e+00
495 496 7.6221e+00 7.0070e+00 7.6653e+00 8.1628e+00
496 497 7.6221e+00 7.0070e+00 7.6653e+00 8.1628e+00
497 498 7.6221e+00 7.0070e+00 7.6653e+00 8.1628e+00
498 499 7.6221e+00 7.0070e+00 7.6653e+00 8.1628e+00
499 500 7.6221e+00 7.0070e+00 7.6653e+00 8.1628e+00
500 501 7.6221e+00 7.0070e+00 7.6653e+00 8.1628e+00
501 502 7.6221e+00 7.0070e+00 7.6653e+00 8.1628e+00
502 503 7.6221e+00 7.0070e+00 7.6653e+00 8.1628e+00
503 504 7.6221e+00 7.0070e+00 7.6653e+00 8.1628e+00
504 505 7.6221e+00 7.0070e+00 7.6653e+00 8.1628e+00
505 506 7.6221e+00 7.0070e+00 7.6653e+00 8.1628e+00
506 507 7.6221e+00 7.0070e+00 7.6653e+00 8.1628e+00
507 508 7.6221e+00 7.0070e+00 7.6653e+00 8.1628e+00
508 509 7.6221e+00 7.0070e+00 7.6653e+00 8.1628e+00
509 510 7.6221e+00 7.0070e+00 7.6653e+00 8.1628e+00
510 511 7.6221e+00 7.0070e+00 7.6653e+00 8.1628e+00
511 512 7.6221e+00 7.0070e+00 7.6653e+00 8.1628e+00
512 513 7.6221e+00 7.0070e+00 7.6653e+00 8.1628e+00
513 514 7.6221e+00 7.0070e+00 7.6653e+00 8.1628e+00
514 515 7.6221e+00 7.0070e+00 7.6653e+00 8.1628e+00
515 516 7.6221e+00 7.0070e+00 7.6653e+00 8.1628e+00
516 517 7.6221e+00 7.0070e+00 7.6653e+00 8.1628e+00
517 518 7.6221e+00 7.0070e+00 7.6653e+00 8.1628e+00
518 519 7.6221e+00 7.0070e+00 7.6653e+00 8.1628e+00
519 520 7.6221e+00 7.0070e+00 7.6653e+00 8.1628e+00
520 521 7.6221e+00 7.0070e+00 7.6653e+00 8.1628e+00
521 522 7.6221e+00 7.0070e+00 7.6653e+00 8.1628e+00
522 523 7.6221e+00 7.0070e+00 7.6653e+00 8.1628e+00
523 524 7.6221e+00 7.0070e+00 7.6653e+00 8.1628e+00
524 525 7.6221e+00 7.0070e+00 7.6653e+00 8.1628e+00
525 526 7.6221e+00 7.0070e+00 7.6653e+00 8.1628e+00
526 527 7.6221e+00 7.0070e+00 7.6653e+00 8.1628e+00
527 529 7.6221e+00 7.0070e+00 7.6653e+00 8.1628e+00
529 530 7.6221e+00 7.0070e+00 7.6653e+00 8.1628e+00
530 531 7.6221e+00 7.0070e+00 7.6653e+00 8.1628e+00
531 532 7.6221e+00 7.0070e+00 7.6653e+00 8.1628e+00
532 533 7.6221e+00 7.0070e+00 7.6653e+00 8.1628e+00
533 534 7.6221e+00 7.0070e+00 7.6653e+00 8.1628e+00
534 535 7.6221e+00 7.0070e+00 7.6653e+00 8.1628e+00
535 536 7.6221e+00 7.0070e+00 7.6653e+00 8.1628e+00
536 537 7.6221e+00 7.0070e+00 7.6653e+00 8.1628e+00
537 538 7.6221e+00 7.0070e+00 7.6653e+00 8.1628e+00
538 539 7.6221e+00 7.0070e+00 7.6653e+00 8.1628e+00
539 540 7.6221e+00 7.0070e+00 7.6653e+00 8.1628e+00
540 541 7.6221e+00 7.0070e+00 7.6653e+00 8.1628e+00
541 542 7.6221e+00 7.0070e+00 7.6653e+00 8.1628e+00
542 543 7.6221e+00 7.0070e+00 7.6653e+00 8.1628e+00
543 544 7.6221e+00 7.0070e+00 7.6653e+00 8.1628e+00
544 545 7.6221e+00 7.0070e+00 7.6653e+00 8.1628e+00
545 546 7.6221e+00 7.0070e+00 7.6653e+00 8.1628e+00
546 547 7.6221e+00 7.0070e+00 7.6653e+00 8.1628e+00
547 548 7.6221e+00 7.0070e+00 7.6653e+00 8.1628e+00
548 549 7.6221e+00 7.0070e+00 7.6653e+00 8.1628e+00
549 550 7.6221e+00 7.0070e+00 7.6653e+00 8.1628e+00
550 551 7.6221e+00 7.0070e+00 7.6653e+00 8.1628e+00
551 552 7.6221e+00 7.0070e+00 7.6653e+00 8.1628e+00
552 553 7.6221e+00 7.0070e+00 7.6653e+00 8.1628e+00
553 554 7.6221e+00 7.0070e+00 7.6653e+00 8.1628e+00
554 555 7.6221e+00 7.0070e+00 7.6653e+00 8.1628e+00
555 556 7.6221e+00 7.0070e+00 7.6653e+00 8.1628e+00
556 557 7.6221e+00 7.0070e+00 7.6653e+00 8.1628e+00
557 558 7.6221e+00 7.0070e+00 7.6653e+00 8.1628e+00
558 559 7.6221e+00 7.0070e+00 7.6653e+00 8.1628e+00
559 560 7.6221e+00 7.0070e+00 7.6653e+00 8.1628e+00
560 561 7.6221e+00 7.0070e+00 7.6653e+00 8.1628e+00
561 562 7.6221e+00 7.0070e+00 7.6653e+00 8.1628e+00
562 563 7.6221e+00 7.0070e+00 7.6653e+00 8.1628e+00
563 564 7.6221e+00 7.0070e+00 7.6653e+00 8.1628e+00
564 567 7.6221e+00 7.0070e+00 7.6653e+00 8.1628e+00
567 568 7.6221e+00 7.0070e+00 7.6653e+00 8.1628e+00
568 569 7.6221e+00 7.0070e+00 7.6653e+00 8.1628e+00
569 570 7.6221e+00 7.0070e+00 7.6653e+00 8.1628e+00
570 571 7.6221e+00 7.0070e+00 7.6653e+00 8.1628e+00
571 572 7.6221e+00 7.0070e+00 7.6653e+00 8.1628e+00
572 573 7.6221e+00 7.0070e+00 7.6653e+00 8.1628e+00
573 574 7.6221e+00 7.0070e+00 7.6653e+00 8.1628e+00
574 575 7.6221e+00 7.0070e+00 7.6653e+00 8.1628e+00
575 577 7.6221e+00 7.0070e+00 7.6653e+00 8.1628e+00
577 578 7.6221e+00 7.0070e+00 7.6653e+00 8.1628e+00
578 579 7.6221e+00 7.0070e+00 7.6653e+00 8.1628e+00
579 580 7.6221e+00 7.0070e+00 7.6653e+00 8.1628e+00
580 581 7.6221e+00 7.0070e+00 7.6653e+00 8.1628e+00
581 582 7.6221e+00 7.0070e+00 7.6653e+00 8.1628e+00
582 583 7.6221e+00 7.0070e+00 7.6653e+00 8.1628e+00
583 584 7.6221e+00 7.0070e+00 7.6653e+00 8.1628e+00
584 585 7.6221e+00 7.0070e+00 7.6653e+00 8.1628e+00
585 586 7.6221e+00 7.0070e+00 7.6653e+00 8.1628e+00
586 587 7.6221e+00 7.0070e+00 7.6653e+00 8.1628e+00
587 588 7.6221e+00 7.0070e+00 7.6653e+00 8.1628e+00
588 589 7.6221e+00 7.0070e+00 7.6653e+00 8.1628e+00
589 590 7.6221e+00 7.0070e+00 7.6653e+00 8.1628e+00
590 591 7.6221e+00 7.0070e+00 7.6653e+00 8.1628e+00
591 592 7.6221e+00 7.0070e+00 7.6653e+00 8.1628e+00
592 593 7.6221e+00 7.0070e+00 7.6653e+00 8.1628e+00
593 594 7.6221e+00 7.0070e+00 7.6653e+00 8.1628e+00
594 595 7.6221e+00 7.0070e+00 7.6653e+00 8.1628e+00
595 596 7.6221e+00 7.0070e+00 7.6653e+00 8.1628e+00
596 597 7.6221e+00 7.0070e+00 7.6653e+00 8.1628e+00
597 598 7.6221e+00 7.0070e+00 7.6653e+00 8.1628e+00
598 599 7.6221e+00 7.0070e+00 7.6653e+00 8.1628e+00
599 600 7.6221e+00 7.0070e+00 7.6653e+00 8.1628e+00
600 601 7.6221e+00 7.0070e+00 7.6653e+00 8.1628e+00
601 602 7.6221e+00 7.0070e+00 7.6653e+00 8.1628e+00
602 603 7.6221e+00 7.0070e+00 7.6653e+00 8.1628e+00
603 604 7.6221e+00 7.0070e+00 7.6653e+00 8.1628e+00
604 605 7.6221e+00 7.0070e+00 7.6653e+00 8.1628e+00
605 606 7.6221e+00 7.0070e+00 7.6653e+00 8.1628e+00
606 607 7.6221e+00 7.0070e+00 7.6653e+00 8.1628e+00
607 608 7.6221e+00 7.0070e+00 7.6653e+00 8.1628e+00
608 609 7.6221e+00 7.0070e+00 7.6653e+00 8.1628e+00
609 610 7.6221e+00 7.0070e+00 7.6653e+00 8.1628e+00
610 611 7.6221e+00 7.0070e+00 7.6653e+00 8.1628e+00
611 612 7.6221e+00 7.0070e+00 7.6653e+00 8.1628e+00
612 613 7.6221e+00 7.0070e+00 7.6653e+00 8.1628e+00
613 614 7.6221e+00 7.0070e+00 7.6653e+00 8.1628e+00
614 615 7.6221e+00 7.0070e+00 7.6653e+00 8.1628e+00
615 616 7.6221e+00 7.0070e+00 7.6653e+00 8.1628e+00
616 617 7.6221e+00 7.0070e+00 7.6653e+00 8.1628e+00
617 618 7.6221e+00 7.0070e+00 7.6653e+00 8.1628e+00
618 619 7.6221e+00 7.0070e+00 7.6653e+00 8.1628e+00
619 620 7.6221e+00 7.0070e+00 7.6653e+00 8.1628e+00
620 621 7.6221e+00 7.0070e+00 7.6653e+00 8.1628e+00
621 622 7.6221e+00 7.0070e+00 7.6653e+00 8.1628e+00
622 623 7.6221e+00 7.0070e+00 7.6653e+00 8.1628e+00
623 624 7.6221e+00 7.0070e+00 7.6653e+00 8.1628e+00
624 625 7.6221e+00 7.0070e+00 7.6653e+00 8.1628e+00
625 626 7.6221e+00 7.0070e+00 7.6653e+00 8.1628e+00
626 627 7.6221e+00 7.0070e+00 7.6653e+00 8.1628e+00
627 628 7.6221e+00 7.0070e+00 7.6653e+00 8.1628e+00
628 629 7.6221e+00 7.0070e+00 7.6653e+00 8.1628e+00
629 630 7.6221e+00 7.0070e+00 7.6653e+00 8.1628e+00
630 631 7.6221e+00 7.0070e+00 7.6653e+00 8.1628e+00
631 632 7.6221e+00 7.0070e+00 7.6653e+00 8.1628e+00
632 633 7.6221e+00 7.0070e+00 7.6653e+00 8.1628e+00
633 634 7.6221e+00 7.0070e+00 7.6653e+00 8.1628e+00
634 635 7.6221e+00 7.0070e+00 7.6653e+00 8.1628e+00
635 636 7.6221e+00 7.0070e+00 7.6653e+00 8.1628e+00
636 637 7.6221e+00 7.0070e+00 7.6653e+00 8.1628e+00
637 638 7.6221e+00 7.0070e+00 7.6653e+00 8.1628e+00
638 639 7.6221e+00 7.0070e+00 7.6653e+00 8.1628e+00
639 640 7.6221e+00 7.0070e+00 7.6653e+00 8.1628e+00
640 641 7.6221e+00 7.0070e+00 7.6653e+00 8.1628e+00
641 642 7.6221e+00 7.0070e+00 7.6653e+00 8.1628e+00
642 643 7.6221e+00 7.0070e+00 7.6653e+00 8.1628e+00
643 644 7.6221e+00 7.0070e+00 7.6653e+00 8.1628e+00
644 645 7.6221e+00 7.0070e+00 7.6653e+00 8.1628e+00
645 646 7.6221e+00 7.0070e+00 7.6653e+00 8.1628e+00
646 647 7.6221e+00 7.0070e+00 7.6653e+00 8.1628e+00
647 648 7.6221e+00 7.0070e+00 7.6653e+00 8.1628e+00
648 649 7.6221e+00 7.0070e+00 7.6653e+00 8.1628e+00
649 650 7.6221e+00 7.0070e+00 7.6653e+00 8.1628e+00
650 651 7.6221e+00 7.0070e+00 7.6653e+00 8.1628e+00
651 652 7.6221e+00 7.0070e+00 7.6653e+00 8.1628e+00
652 653 7.6221e+00 7.0070e+00 7.6653e+00 8.1628e+00
653 654 7.6221e+00 7.0070e+00 7.6653e+00 8.1628e+00
654 655 7.6221e+00 7.0070e+00 7.6653e+00 8.1628e+00
655 656 7.6221e+00 7.0070e+00 7.6653e+00 8.1628e+00
656 657 7.6221e+00 7.0070e+00 7.6653e+00 8.1628e+00
657 658 7.6221e+00 7.0070e+00 7.6653e+00 8.1628e+00
658 659 7.6221e+00 7.0070e+00 7.6653e+00 8.1628e+00
659 660 7.6221e+00 7.0070e+00 7.6653e+00 8.1628e+00
660 661 7.6221e+00 7.0070e+00 7.6653e+00 8.1628e+00
661 662 7.6221e+00 7.0070e+00 7.6653e+00 8.1628e+00
662 663 7.6221e+00 7.0070e+00 7.6653e+00 8.1628e+00
663 664 7.6221e+00 7.0070e+00 7.6653e+00 8.1628e+00
664 665 7.6221e+00 7.0070e+00 7.6653e+00 8.1628e+00
665 666 7.6221e+00 7.0070e+00 7.6653e+00 8.1628e+00
666 667 7.6221e+00 7.0070e+00 7.6653e+00 8.1628e+00
667 668 7.6221e+00 7.0070e+00 7.6653e+00 8.1628e+00
668 669 7.6221e+00 7.0070e+00 7.6653e+00 8.1628e+00
669 670 7.6221e+00 7.0070e+00 7.6653e+00 8.1628e+00
670 671 7.6221e+00 7.0070e+00 7.6653e+00 8.1628e+00
671 672 7.6221e+00 7.0070e+00 7.6653e+00 8.1628e+00
672 673 7.6221e+00 7.0070e+00 7.6653e+00 8.1628e+00
673 674 7.6221e+00 7.0070e+00 7.6653e+00 8.1628e+00
674 675 7.6221e+00 7.0070e+00 7.6653e+00 8.1628e+00
675 676 7.6221e+00 7.0070e+00 7.6653e+00 8.1628e+00
676 677 7.6221e+00 7.0070e+00 7.6653e+00 8.1628e+00
677 678 7.6221e+00 7.0070e+00 7.6653e+00 8.1628e+00
678 679 7.6221e+00 7.0070e+00 7.6653e+00 8.1628e+00
679 680 7.6221e+00 7.0070e+00 7.6653e+00 8.1628e+00
680 681 7.6221e+00 7.0070e+00 7.6653e+00 8.1628e+00
681 682 7.6221e+00 7.0070e+00 7.6653e+00 8.1628e+00
682 683 7.6221e+00 7.0070e+00 7.6653e+00 8.1628e+00
683 684 7.6221e+00 7.0070e+00 7.6653e+00 8.1628e+00
684 685 7.6221e+00 7.0070e+00 7.6653e+00 8.1628e+00
685 686 7.6221e+00 7.0070e+00 7.6653e+00 8.1628e+00
686 687 7.6221e+00 7.0070e+00 7.6653e+00 8.1628e+00
687 688 7.6221e+00 7.0070e+00 7.6653e+00 8.1628e+00
688 689 7.6221e+00 7.0070e+00 7.6653e+00 8.1628e+00
689 690 7.6221e+00 7.0070e+00 7.6653e+00 8.1628e+00
690 691 7.6221e+00 7.0070e+00 7.6653e+00 8.1628e+00
691 692 7.6221e+00 7.0070e+00 7.6653e+00 8.1628e+00
692 693 7.6221e+00 7.0070e+00 7.6653e+00 8.1628e+00
693 694 7.6221e+00 7.0070e+00 7.6653e+00 8.1628e+00
694 695 7.6221e+00 7.0070e+00 7.6653e+00 8.1628e+00
695 696 7.6221e+00 7.0070e+00 7.6653e+00 8.1628e+00
696 697 7.6221e+00 7.0070e+00 7.6653e+00 8.1628e+00
697 698 7.6221e+00 7.0070e+00 7.6653e+00 8.1628e+00
698 699 7.6221e+00 7.0070e+00 7.6653e+00 8.1628e+00
699 700 7.6221e+00 7.0070e+00 7.6653e+00 8.1628e+00
700 701 7.6221e+00 7.0070e+00 7.6653e+00 8.1628e+00
701 702 7.6221e+00 7.0070e+00 7.6653e+00 8.1628e+00
702 703 7.6221e+00 7.0070e+00 7.6653e+00 8.1628e+00
703 704 7.6221e+00 7.0070e+00 7.6653e+00 8.1628e+00
704 705 7.6221e+00 7.0070e+00 7.6653e+00 8.1628e+00
705 706 7.6221e+00 7.0070e+00 7.6653e+00 8.1628e+00
706 707 7.6221e+00 7.0070e+00 7.6653e+00 8.1628e+00
707 708 7.6221e+00 7.0070e+00 7.6653e+00 8.1628e+00
708 709 7.6221e+00 7.0070e+00 7.6653e+00 8.1628e+00
709 710 7.6221e+00 7.0070e+00 7.6653e+00 8.1628e+00
710 711 7.6221e+00 7.0070e+00 7.6653e+00 8.1628e+00
711 712 7.6221e+00 7.0070e+00 7.6653e+00 8.1628e+00
712 713 7.6221e+00 7.0070e+00 7.6653e+00 8.1628e+00
713 714 1.9364e+00 1.7902e+00 1.9550e+00 2.0866e+00
714 715 1.9364e+00 1.7902e+00 1.9550e+00 2.0866e+00
715 716 1.9364e+00 1.7902e+00 1.9550e+00 2.0866e+00
716 717 1.9364e+00 1.7902e+00 1.9550e+00 2.0866e+00
717 718 1.9364e+00 1.7902e+00 1.9550e+00 2.0866e+00
718 719 1.9364e+00 1.7902e+00 1.9550e+00 2.0866e+00
719 720 1.9364e+00 1.7902e+00 1.9550e+00 2.0866e+00
720 721 1.9364e+00 1.7902e+00 1.9550e+00 2.0866e+00
721 722 1.9364e+00 1.7902e+00 1.9550e+00 2.0866e+00
722 723 1.9364e+00 1.7902e+00 1.9550e+00 2.0866e+00
723 724 1.9364e+00 1.7902e+00 1.9550e+00 2.0866e+00
724 725 1.9364e+00 1.7902e+00 1.9550e+00 2.0866e+00
725 726 1.9364e+00 1.7902e+00 1.9550e+00 2.0866e+00
726 727 1.9364e+00 1.7902e+00 1.9550e+00 2.0866e+00
727 728 1.9364e+00 1.7902e+00 1.9550e+00 2.0866e+00
728 729 1.9364e+00 1.7902e+00 1.9550e+00 2.0866e+00
729 730 1.9364e+00 1.7902e+00 1.9550e+00 2.0866e+00
730 731 1.9364e+00 1.7902e+00 1.9550e+00 2.0866e+00
731 732 1.9364e+00 1.7902e+00 1.9550e+00 2.0866e+00
732 733 1.9364e+00 1.7902e+00 1.9550e+00 2.0866e+00
733 734 1.9364e+00 1.7902e+00 1.9550e+00 2.0866e+00
734 735 1.9364e+00 1.7902e+00 1.9550e+00 2.0866e+00
735 736 1.9364e+00 1.7902e+00 1.9550e+00 2.0866e+00
736 737 1.9364e+00 1.7902e+00 1.9550e+00 2.0866e+00
737 738 1.9364e+00 1.7902e+00 1.9550e+00 2.0866e+00
738 739 1.9364e+00 1.7902e+00 1.9550e+00 2.0866e+00
739 740 1.9364e+00 1.7902e+00 1.9550e+00 2.0866e+00
740 741 1.9364e+00 1.7902e+00 1.9550e+00 2.0866e+00
741 742 1.9364e+00 1.7902e+00 1.9550e+00 2.0866e+00
742 743 1.9364e+00 1.7902e+00 1.9550e+00 2.0866e+00
743 744 1.9364e+00 1.7902e+00 1.9550e+00 2.0866e+00
744 745 1.9364e+00 1.7902e+00 1.9550e+00 2.0866e+00
745 746 1.9364e+00 1.7902e+00 1.9550e+00 2.0866e+00
746 747 1.9364e+00 1.7902e+00 1.9550e+00 2.0866e+00
747 748 1.9364e+00 1.7902e+00 1.9550e+00 2.0866e+00
748 749 1.9364e+00 1.7902e+00 1.9550e+00 2.0866e+00
749 750 1.9364e+00 1.7902e+00 1.9550e+00 2.0866e+00
750 751 1.9364e+00 1.7902e+00 1.9550e+00 2.0866e+00
751 752 1.9364e+00 1.7902e+00 1.9550e+00 2.0866e+00
752 753 1.9364e+00 1.7902e+00 1.9550e+00 2.0866e+00
753 754 1.9364e+00 1.7902e+00 1.9550e+00 2.0866e+00
754 755 1.9364e+00 1.7902e+00 1.9550e+00 2.0866e+00
755 756 1.9364e+00 1.7902e+00 1.9550e+00 2.0866e+00
756 757 1.9364e+00 1.7902e+00 1.9550e+00 2.0866e+00
757 758 1.9364e+00 1.7902e+00 1.9550e+00 2.0866e+00
758 759 1.9364e+00 1.7902e+00 1.9550e+00 2.0866e+00
759 760 1.9364e+00 1.7902e+00 1.9550e+00 2.0866e+00
760 761 1.9364e+00 1.7902e+00 1.9550e+00 2.0866e+00
761 762 1.9364e+00 1.7902e+00 1.9550e+00 2.0866e+00
762 763 1.9364e+00 1.7902e+00 1.9550e+00 2.0866e+00
763 764 1.9364e+00 1.7902e+00 1.9550e+00 2.0866e+00
764 765 1.9364e+00 1.7902e+00 1.9550e+00 2.0866e+00
765 766 1.9364e+00 1.7902e+00 1.9550e+00 2.0866e+00
766 768 1.9364e+00 1.7902e+00 1.9550e+00 2.0866e+00
768 769 1.9364e+00 1.7902e+00 1.9550e+00 2.0866e+00
769 770 1.9364e+00 1.7902e+00 1.9550e+00 2.0866e+00
770 771 1.9364e+00 1.7902e+00 1.9550e+00 2.0866e+00
771 772 1.9364e+00 1.7902e+00 1.9550e+00 2.0866e+00
772 773 1.9364e+00 1.7902e+00 1.9550e+00 2.0866e+00
773 774 1.9364e+00 1.7902e+00 1.9550e+00 2.0866e+00
774 775 1.9364e+00 1.7902e+00 1.9550e+00 2.0866e+00
775 776 1.9364e+00 1.7902e+00 1.9550e+00 2.0866e+00
776 777 1.9364e+00 1.7902e+00 1.9550e+00 2.0866e+00
777 778 1.9364e+00 1.7902e+00 1.9550e+00 2.0866e+00
778 779 1.9364e+00 1.7902e+00 1.9550e+00 2.0866e+00
779 780 1.9364e+00 1.7902e+00 1.9550e+00 2.0866e+00
780 781 1.9364e+00 1.7902e+00 1.9550e+00 2.0866e+00
781 782 1.9364e+00 1.7902e+00 1.9550e+00 2.0866e+00
782 783 1.9364e+00 1.7902e+00 1.9550e+00 2.0866e+00
783 784 1.9364e+00 1.7902e+00 1.9550e+00 2.0866e+00
784 785 1.9364e+00 1.7902e+00 1.9550e+00 2.0866e+00
785 786 1.9364e+00 1.7902e+00 1.9550e+00 2.0866e+00
786 788 1.9364e+00 1.7902e+00 1.9550e+00 2.0866e+00
788 789 1.9364e+00 1.7902e+00 1.9550e+00 2.0866e+00
789 790 1.9364e+00 1.7902e+00 1.9550e+00 2.0866e+00
790 791 1.9364e+00 1.7902e+00 1.9550e+00 2.0866e+00
791 792 1.9364e+00 1.7902e+00 1.9550e+00 2.0866e+00
792 793 1.9364e+00 1.7902e+00 1.9550e+00 2.0866e+00
793 794 1.9364e+00 1.7902e+00 1.9550e+00 2.0866e+00
794 795 1.9364e+00 1.7902e+00 1.9550e+00 2.0866e+00
795 796 1.9364e+00 1.7902e+00 1.9550e+00 2.0866e+00
796 797 1.9364e+00 1.7902e+00 1.9550e+00 2.0866e+00
797 798 1.9364e+00 1.7902e+00 1.9550e+00 2.0866e+00
798 799 1.9364e+00 1.7902e+00 1.9550e+00 2.0866e+00
799 800 1.9364e+00 1.7902e+00 1.9550e+00 2.0866e+00
800 801 1.9364e+00 1.7902e+00 1.9550e+00 2.0866e+00
801 802 1.9364e+00 1.7902e+00 1.9550e+00 2.0866e+00
802 803 1.9364e+00 1.7902e+00 1.9550e+00 2.0866e+00
803 804 1.9364e+00 1.7902e+00 1.9550e+00 2.0866e+00
804 805 1.9364e+00 1.7902e+00 1.9550e+00 2.0866e+00
805 806 1.9364e+00 1.7902e+00 1.9550e+00 2.0866e+00
806 808 1.9364e+00 1.7902e+00 1.9550e+00 2.0866e+00
808 809 1.9364e+00 1.7902e+00 1.9550e+00 2.0866e+00
809 810 1.9364e+00 1.7902e+00 1.9550e+00 2.0866e+00
810 811 1.9364e+00 1.7902e+00 1.9550e+00 2.0866e+00
811 812 1.9181e+00 1.7796e+00 1.9530e+00 2.0866e+00
812 813 1.6019e+00 3.4101e-01 1.9206e+00 2.0663e+00
813 814 8.9186e-01 3.0502e-01 4.1429e-01 1.9986e+00
814 815 4.4591e-01 3.0265e-01 3.7760e-01 1.8997e+00
815 816 3.7476e-01 3.0226e-01 3.7269e-01 4.7483e-01
816 817 3.7261e-01 3.0226e-01 3.7259e-01 4.7279e-01
817 818 3.7261e-01 3.0226e-01 3.7259e-01 4.7279e-01
818 820 3.7234e-01 3.0226e-01 3.7259e-01 4.7279e-01
820 821 3.7234e-01 3.0226e-01 3.7259e-01 4.7279e-01
821 822 3.7234e-01 3.0226e-01 3.7259e-01 4.7279e-01
822 823 3.7234e-01 3.0226e-01 3.7259e-01 4.7279e-01
823 824 3.7234e-01 3.0226e-01 3.7259e-01 4.7279e-01
824 825 3.7234e-01 3.0226e-01 3.7259e-01 4.7279e-01
825 827 3.7234e-01 3.0226e-01 3.7259e-01 4.7279e-01
827 828 3.7234e-01 3.0226e-01 3.7259e-01 4.7279e-01
828 829 3.7234e-01 3.0226e-01 3.7259e-01 4.7279e-01
829 830 3.7234e-01 3.0226e-01 3.7259e-01 4.7279e-01
830 831 3.7234e-01 3.0226e-01 3.7259e-01 4.7279e-01
831 832 3.7234e-01 3.0226e-01 3.7259e-01 4.7279e-01
832 833 3.7234e-01 3.0226e-01 3.7259e-01 4.7279e-01
833 834 3.7234e-01 3.0226e-01 3.7259e-01 4.7279e-01
834 835 3.7234e-01 3.0226e-01 3.7259e-01 4.7279e-01
835 836 3.7234e-01 3.0226e-01 3.7259e-01 4.7279e-01
836 837 3.7234e-01 3.0226e-01 3.7259e-01 4.7279e-01
837 838 3.7234e-01 3.0226e-01 3.7259e-01 4.7279e-01
838 839 3.7234e-01 3.0226e-01 3.7259e-01 4.7279e-01
839 840 3.7234e-01 3.0226e-01 3.7259e-01 4.7279e-01
840 841 3.7234e-01 3.0226e-01 3.7259e-01 4.7279e-01
841 842 3.7234e-01 3.0226e-01 3.7259e-01 4.7279e-01
842 843 3.7234e-01 3.0226e-01 3.7259e-01 4.7279e-01
843 844 3.7234e-01 3.0226e-01 3.7259e-01 4.7279e-01
844 845 3.7234e-01 3.0226e-01 3.7259e-01 4.7279e-01
845 846 3.7234e-01 3.0226e-01 3.7259e-01 4.7279e-01
846 847 9.4532e-01 3.0349e-01 3.9034e-01 4.8829e+00
847 848 2.7203e+00 3.1137e-01 4.2859e+00 5.0775e+00
848 849 3.7411e+00 3.7503e-01 4.7670e+00 5.2363e+00
849 851 3.7501e+00 3.7645e-01 4.7688e+00 5.2363e+00
851 852 4.3433e+00 4.0200e-01 4.8124e+00 5.2858e+00
852 853 4.7486e+00 4.1802e+00 4.8403e+00 5.3112e+00
853 854 4.8181e+00 4.2571e+00 4.8428e+00 5.3221e+00
854 855 4.8181e+00 4.2571e+00 4.8428e+00 5.3221e+00
855 856 4.8181e+00 4.2571e+00 4.8428e+00 5.3221e+00
856 857 4.8181e+00 4.2571e+00 4.8428e+00 5.3221e+00
857 858 4.8181e+00 4.2571e+00 4.8428e+00 5.3221e+00
858 859 4.8181e+00 4.2571e+00 4.8428e+00 5.3221e+00
859 860 4.8181e+00 4.2571e+00 4.8428e+00 5.3221e+00
860 861 4.8181e+00 4.2571e+00 4.8428e+00 5.3221e+00
861 863 4.8181e+00 4.2571e+00 4.8428e+00 5.3221e+00
863 864 4.8181e+00 4.2571e+00 4.8428e+00 5.3221e+00
864 865 4.8181e+00 4.2571e+00 4.8428e+00 5.3221e+00
865 866 4.8181e+00 4.2571e+00 4.8428e+00 5.3221e+00
866 867 4.8181e+00 4.2571e+00 4.8428e+00 5.3221e+00
867 868 4.8181e+00 4.2571e+00 4.8428e+00 5.3221e+00
868 869 4.8181e+00 4.2571e+00 4.8428e+00 5.3221e+00
869 870 4.8181e+00 4.2571e+00 4.8428e+00 5.3221e+00
870 871 4.8181e+00 4.2571e+00 4.8428e+00 5.3221e+00
871 872 4.8181e+00 4.2571e+00 4.8428e+00 5.3221e+00
872 873 4.8181e+00 4.2571e+00 4.8428e+00 5.3221e+00
873 874 4.8181e+00 4.2571e+00 4.8428e+00 5.3221e+00
874 875 4.8181e+00 4.2571e+00 4.8428e+00 5.3221e+00
875 876 4.8181e+00 4.2571e+00 4.8428e+00 5.3221e+00
876 877 4.8181e+00 4.2571e+00 4.8428e+00 5.3221e+00
877 878 4.8181e+00 4.2571e+00 4.8428e+00 5.3221e+00
878 880 4.8181e+00 4.2571e+00 4.8428e+00 5.3221e+00
880 881 4.8181e+00 4.2571e+00 4.8428e+00 5.3221e+00
881 882 4.8181e+00 4.2571e+00 4.8428e+00 5.3221e+00
882 883 4.8181e+00 4.2571e+00 4.8428e+00 5.3221e+00
883 884 4.8181e+00 4.2571e+00 4.8428e+00 5.3221e+00
884 885 4.8181e+00 4.2571e+00 4.8428e+00 5.3221e+00
885 886 4.8181e+00 4.2571e+00 4.8428e+00 5.3221e+00
886 887 4.8181e+00 4.2571e+00 4.8428e+00 5.3221e+00
887 888 4.8181e+00 4.2571e+00 4.8428e+00 5.3221e+00
888 889 4.8181e+00 4.2571e+00 4.8428e+00 5.3221e+00
889 890 4.8181e+00 4.2571e+00 4.8428e+00 5.3221e+00
890 891 4.8181e+00 4.2571e+00 4.8428e+00 5.3221e+00
891 892 4.8181e+00 4.2571e+00 4.8428e+00 5.3221e+00
892 893 4.8181e+00 4.2571e+00 4.8428e+00 5.3221e+00
893 894 4.8181e+00 4.2571e+00 4.8428e+00 5.3221e+00
894 895 4.8181e+00 4.2571e+00 4.8428e+00 5.3221e+00
895 896 4.8181e+00 4.2571e+00 4.8428e+00 5.3221e+00
896 897 4.8181e+00 4.2571e+00 4.8428e+00 5.3221e+00
897 898 4.8181e+00 4.2571e+00 4.8428e+00 5.3221e+00
898 899 4.8181e+00 4.2571e+00 4.8428e+00 5.3221e+00
899 900 4.8181e+00 4.2571e+00 4.8428e+00 5.3221e+00
900 901 4.8181e+00 4.2571e+00 4.8428e+00 5.3221e+00
901 902 4.8181e+00 4.2571e+00 4.8428e+00 5.3221e+00
902 903 4.8181e+00 4.2571e+00 4.8428e+00 5.3221e+00
903 904 4.8181e+00 4.2571e+00 4.8428e+00 5.3221e+00
904 905 4.8181e+00 4.2571e+00 4.8428e+00 5.3221e+00
905 906 4.8181e+00 4.2571e+00 4.8428e+00 5.3221e+00
906 907 4.8181e+00 4.2571e+00 4.8428e+00 5.3221e+00
907 908 4.8181e+00 4.2571e+00 4.8428e+00 5.3221e+00
908 909 4.8181e+00 4.2571e+00 4.8428e+00 5.3221e+00
909 910 4.8181e+00 4.2571e+00 4.8428e+00 5.3221e+00
910 911 4.8181e+00 4.2571e+00 4.8428e+00 5.3221e+00
911 912 4.8181e+00 4.2571e+00 4.8428e+00 5.3221e+00
912 913 4.8181e+00 4.2571e+00 4.8428e+00 5.3221e+00
913 914 4.8181e+00 4.2571e+00 4.8428e+00 5.3221e+00
914 915 4.8181e+00 4.2571e+00 4.8428e+00 5.3221e+00
915 916 4.8181e+00 4.2571e+00 4.8428e+00 5.3221e+00
916 917 4.8181e+00 4.2571e+00 4.8428e+00 5.3221e+00
917 918 4.8181e+00 4.2571e+00 4.8428e+00 5.3221e+00
918 919 4.8181e+00 4.2571e+00 4.8428e+00 5.3221e+00
919 920 4.8181e+00 4.2571e+00 4.8428e+00 5.3221e+00
920 921 4.8181e+00 4.2571e+00 4.8428e+00 5.3221e+00
921 922 4.8181e+00 4.2571e+00 4.8428e+00 5.3221e+00
922 923 4.8181e+00 4.2571e+00 4.8428e+00 5.3221e+00
923 925 4.8181e+00 4.2571e+00 4.8428e+00 5.3221e+00
925 926 4.8181e+00 4.2571e+00 4.8428e+00 5.3221e+00
926 927 4.8181e+00 4.2571e+00 4.8428e+00 5.3221e+00
927 928 4.8181e+00 4.2571e+00 4.8428e+00 5.3221e+00
928 930 4.8181e+00 4.2571e+00 4.8428e+00 5.3221e+00
930 931 4.8181e+00 4.2571e+00 4.8428e+00 5.3221e+00
931 932 4.8181e+00 4.2571e+00 4.8428e+00 5.3221e+00
932 933 4.8181e+00 4.2571e+00 4.8428e+00 5.3221e+00
933 934 4.8181e+00 4.2571e+00 4.8428e+00 5.3221e+00
934 935 4.8181e+00 4.2571e+00 4.8428e+00 5.3221e+00
935 936 4.8181e+00 4.2571e+00 4.8428e+00 5.3221e+00
936 937 4.8181e+00 4.2571e+00 4.8428e+00 5.3221e+00
937 938 4.8181e+00 4.2571e+00 4.8428e+00 5.3221e+00
938 939 4.8181e+00 4.2571e+00 4.8428e+00 5.3221e+00
939 940 4.8181e+00 4.2571e+00 4.8428e+00 5.3221e+00
940 941 4.8181e+00 4.2571e+00 4.8428e+00 5.3221e+00
941 942 4.8181e+00 4.2571e+00 4.8428e+00 5.3221e+00
942 943 2.3022e-01 3.3520e-02 3.8214e-02 4.2285e+00
943 944 3.7818e-02 3.3475e-02 3.7904e-02 4.3462e-02
944 945 3.7818e-02 3.3475e-02 3.7904e-02 4.3462e-02
945 946 3.7818e-02 3.3475e-02 3.7904e-02 4.3462e-02
946 947 3.7818e-02 3.3475e-02 3.7904e-02 4.3462e-02
947 948 3.7818e-02 3.3475e-02 3.7904e-02 4.3462e-02
948 949 3.7818e-02 3.3475e-02 3.7904e-02 4.3462e-02
949 950 3.7818e-02 3.3475e-02 3.7904e-02 4.3462e-02
950 951 3.7818e-02 3.3475e-02 3.7904e-02 4.3462e-02
951 952 3.7818e-02 3.3475e-02 3.7904e-02 4.3462e-02
952 953 3.7818e-02 3.3475e-02 3.7904e-02 4.3462e-02
953 954 3.7818e-02 3.3475e-02 3.7904e-02 4.3462e-02
954 955 3.7818e-02 3.3475e-02 3.7904e-02 4.3462e-02
955 956 3.7818e-02 3.3475e-02 3.7904e-02 4.3462e-02
956 957 3.7818e-02 3.3475e-02 3.7904e-02 4.3462e-02
957 958 3.7818e-02 3.3475e-02 3.7904e-02 4.3462e-02
958 959 3.7818e-02 3.3475e-02 3.7904e-02 4.3462e-02
959 960 3.7818e-02 3.3475e-02 3.7904e-02 4.3462e-02
960 961 3.7818e-02 3.3475e-02 3.7904e-02 4.3462e-02
961 962 3.7818e-02 3.3475e-02 3.7904e-02 4.3462e-02
962 963 3.7818e-02 3.3475e-02 3.7904e-02 4.3462e-02
963 964 3.7818e-02 3.3475e-02 3.7904e-02 4.3462e-02
964 965 3.7818e-02 3.3475e-02 3.7904e-02 4.3462e-02
965 966 3.7818e-02 3.3475e-02 3.7904e-02 4.3462e-02
966 967 3.7818e-02 3.3475e-02 3.7904e-02 4.3462e-02
967 968 3.7818e-02 3.3475e-02 3.7904e-02 4.3462e-02
968 969 3.7818e-02 3.3475e-02 3.7904e-02 4.3462e-02
969 970 3.7818e-02 3.3475e-02 3.7904e-02 4.3462e-02
970 971 3.7818e-02 3.3475e-02 3.7904e-02 4.3462e-02
971 972 3.7818e-02 3.3475e-02 3.7904e-02 4.3462e-02
972 973 3.7818e-02 3.3475e-02 3.7904e-02 4.3462e-02
973 974 3.7818e-02 3.3475e-02 3.7904e-02 4.3462e-02
974 975 3.7818e-02 3.3475e-02 3.7904e-02 4.3462e-02
975 976 3.7818e-02 3.3475e-02 3.7904e-02 4.3462e-02
976 977 3.7818e-02 3.3475e-02 3.7904e-02 4.3462e-02
977 978 3.7818e-02 3.3475e-02 3.7904e-02 4.3462e-02
978 979 3.7818e-02 3.3475e-02 3.7904e-02 4.3462e-02
979 980 3.7818e-02 3.3475e-02 3.7904e-02 4.3462e-02
980 981 3.7818e-02 3.3475e-02 3.7904e-02 4.3462e-02
981 983 8.8229e+00 7.4428e+00 8.7312e+00 1.0407e+01
983 984 8.8229e+00 7.4428e+00 8.7312e+00 1.0407e+01
984 985 8.8229e+00 7.4428e+00 8.7312e+00 1.0407e+01
985 986 8.8229e+00 7.4428e+00 8.7312e+00 1.0407e+01
986 987 8.8229e+00 7.4428e+00 8.7312e+00 1.0407e+01
987 988 8.8229e+00 7.4428e+00 8.7312e+00 1.0407e+01
988 989 8.8229e+00 7.4428e+00 8.7312e+00 1.0407e+01
989 990 8.8229e+00 7.4428e+00 8.7312e+00 1.0407e+01
990 991 8.8229e+00 7.4428e+00 8.7312e+00 1.0407e+01
991 993 8.8229e+00 7.4428e+00 8.7312e+00 1.0407e+01
993 994 8.8229e+00 7.4428e+00 8.7312e+00 1.0407e+01
994 996 8.8229e+00 7.4428e+00 8.7312e+00 1.0407e+01
996 997 8.8229e+00 7.4428e+00 8.7312e+00 1.0407e+01
997 998 8.8229e+00 7.4428e+00 8.7312e+00 1.0407e+01
998 999 8.8229e+00 7.4428e+00 8.7312e+00 1.0407e+01
999 1000 8.8229e+00 7.4428e+00 8.7312e+00 1.0407e+01
1000 1002 8.8229e+00 7.4428e+00 8.7312e+00 1.0407e+01
1002 1003 8.8229e+00 7.4428e+00 8.7312e+00 1.0407e+01
1003 1004 8.8229e+00 7.4428e+00 8.7312e+00 1.0407e+01
1004 1005 8.8229e+00 7.4428e+00 8.7312e+00 1.0407e+01
1005 1006 8.8229e+00 7.4428e+00 8.7312e+00 1.0407e+01
1006 1007 8.8229e+00 7.4428e+00 8.7312e+00 1.0407e+01
1007 1008 8.8229e+00 7.4428e+00 8.7312e+00 1.0407e+01
1008 1009 8.8229e+00 7.4428e+00 8.7312e+00 1.0407e+01
1009 1010 8.8229e+00 7.4428e+00 8.7312e+00 1.0407e+01
1010 1011 8.8229e+00 7.4428e+00 8.7312e+00 1.0407e+01
1011 1012 8.8229e+00 7.4428e+00 8.7312e+00 1.0407e+01
1012 1013 8.8229e+00 7.4428e+00 8.7312e+00 1.0407e+01
1013 1014 8.8229e+00 7.4428e+00 8.7312e+00 1.0407e+01
1014 1015 8.8229e+00 7.4428e+00 8.7312e+00 1.0407e+01
1015 1016 8.8229e+00 7.4428e+00 8.7312e+00 1.0407e+01
1016 1017 8.8229e+00 7.4428e+00 8.7312e+00 1.0407e+01
1017 1018 8.8229e+00 7.4428e+00 8.7312e+00 1.0407e+01
1018 1020 8.8229e+00 7.4428e+00 8.7312e+00 1.0407e+01
1020 1021 8.8229e+00 7.4428e+00 8.7312e+00 1.0407e+01
1021 1022 8.8229e+00 7.4428e+00 8.7312e+00 1.0407e+01
1022 1023 8.8229e+00 7.4428e+00 8.7312e+00 1.0407e+01
1023 1024 8.8229e+00 7.4428e+00 8.7312e+00 1.0407e+01
1024 1025 8.8229e+00 7.4428e+00 8.7312e+00 1.0407e+01
1025 1026 8.8229e+00 7.4428e+00 8.7312e+00 1.0407e+01
1026 1027 8.8229e+00 7.4428e+00 8.7312e+00 1.0407e+01
1027 1028 8.8229e+00 7.4428e+00 8.7312e+00 1.0407e+01
1028 1029 8.8229e+00 7.4428e+00 8.7312e+00 1.0407e+01
1029 1030 8.8229e+00 7.4428e+00 8.7312e+00 1.0407e+01
1030 1031 8.8229e+00 7.4428e+00 8.7312e+00 1.0407e+01
1031 1032 8.8229e+00 7.4428e+00 8.7312e+00 1.0407e+01
1032 1033 8.8229e+00 7.4428e+00 8.7312e+00 1.0407e+01
1033 1034 8.8229e+00 7.4428e+00 8.7312e+00 1.0407e+01
1034 1035 8.8229e+00 7.4428e+00 8.7312e+00 1.0407e+01
1035 1036 8.8229e+00 7.4428e+00 8.7312e+00 1.0407e+01
1036 1037 8.8229e+00 7.4428e+00 8.7312e+00 1.0407e+01
1037 1038 8.8229e+00 7.4428e+00 8.7312e+00 1.0407e+01
1038 1039 8.8229e+00 7.4428e+00 8.7312e+00 1.0407e+01
1039 1040 8.8229e+00 7.4428e+00 8.7312e+00 1.0407e+01
1040 1041 8.8229e+00 7.4428e+00 8.7312e+00 1.0407e+01
1041 1042 8.8229e+00 7.4428e+00 8.7312e+00 1.0407e+01
1042 1043 8.8229e+00 7.4428e+00 8.7312e+00 1.0407e+01
1043 1044 8.8229e+00 7.4428e+00 8.7312e+00 1.0407e+01
