# parameters
version_bit_string:13816762181795971082,seed:5489,burn_in:100000,num_iter:1000000,stats_thin:1000,block_penalty:50,prior_rate_mean:1,window_size:50,partition_length:4001,overlap_length:200,pade_resolution:10,pade_max:1000,max_lk_start:0.001,max_lk_resolution:0.001,num_snps:539,num_snp_partitions:1,num_samps:1000
# left_snp right_snp mean p0.025 p0.500 p0.975
0 1 5.6844e+00 5.2926e+00 5.7045e+00 6.0758e+00
1 2 5.6844e+00 5.2926e+00 5.7045e+00 6.0758e+00
2 3 5.6844e+00 5.2926e+00 5.7045e+00 6.0758e+00
3 4 5.6844e+00 5.2926e+00 5.7045e+00 6.0758e+00
4 5 5.6844e+00 5.2926e+00 5.7045e+00 6.0758e+00
5 6 5.6844e+00 5.2926e+00 5.7045e+00 6.0758e+00
6 7 5.6844e+00 5.2926e+00 5.7045e+00 6.0758e+00
7 8 5.6844e+00 5.2926e+00 5.7045e+00 6.0758e+00
8 9 5.6844e+00 5.2926e+00 5.7045e+00 6.0758e+00
9 10 5.6844e+00 5.2926e+00 5.7045e+00 6.0758e+00
10 11 5.6844e+00 5.2926e+00 5.7045e+00 6.0758e+00
11 12 5.6844e+00 5.2926e+00 5.7045e+00 6.0758e+00
12 13 5.6844e+00 5.2926e+00 5.7045e+00 6.0758e+00
13 14 5.6844e+00 5.2926e+00 5.7045e+00 6.0758e+00
14 15 5.6844e+00 5.2926e+00 5.7045e+00 6.0758e+00
15 16 5.6844e+00 5.2926e+00 5.7045e+00 6.0758e+00
16 17 5.6844e+00 5.2926e+00 5.7045e+00 6.0758e+00
17 18 5.6844e+00 5.2926e+00 5.7045e+00 6.0758e+00
18 19 5.6844e+00 5.2926e+00 5.7045e+00 6.0758e+00
19 20 5.6844e+00 5.2926e+00 5.7045e+00 6.0758e+00
20 21 5.6844e+00 5.2926e+00 5.7045e+00 6.0758e+00
21 22 5.6844e+00 5.2926e+00 5.7045e+00 6.0758e+00
22 23 5.6844e+00 5.2926e+00 5.7045e+00 6.0758e+00
23 24 5.6844e+00 5.2926e+00 5.7045e+00 6.0758e+00
24 25 5.6844e+00 5.2926e+00 5.7045e+00 6.0758e+00
25 26 5.6844e+00 5.2926e+00 5.7045e+00 6.0758e+00
26 27 5.6844e+00 5.2926e+00 5.7045e+00 6.0758e+00
27 28 5.6844e+00 5.2926e+00 5.7045e+00 6.0758e+00
28 29 5.6844e+00 5.2926e+00 5.7045e+00 6.0758e+00
29 30 5.6844e+00 5.2926e+00 5.7045e+00 6.0758e+00
30 31 5.6844e+00 5.2926e+00 5.7045e+00 6.0758e+00
31 32 5.6844e+00 5.2926e+00 5.7045e+00 6.0758e+00
32 33 5.6844e+00 5.2926e+00 5.7045e+00 6.0758e+00
33 34 5.6844e+00 5.2926e+00 5.7045e+00 6.0758e+00
34 35 5.6844e+00 5.2926e+00 5.7045e+00 6.0758e+00
35 36 5.6844e+00 5.2926e+00 5.7045e+00 6.0758e+00
36 37 5.6844e+00 5.2926e+00 5.7045e+00 6.0758e+00
37 38 5.6844e+00 5.2926e+00 5.7045e+00 6.0758e+00
38 39 5.6844e+00 5.2926e+00 5.7045e+00 6.0758e+00
39 40 5.6844e+00 5.2926e+00 5.7045e+00 6.0758e+00
40 41 5.6844e+00 5.2926e+00 5.7045e+00 6.0758e+00
41 42 5.6844e+00 5.2926e+00 5.7045e+00 6.0758e+00
42 43 5.6844e+00 5.2926e+00 5.7045e+00 6.0758e+00
43 44 5.6844e+00 5.2926e+00 5.7045e+00 6.0758e+00
44 45 5.6844e+00 5.2926e+00 5.7045e+00 6.0758e+00
45 46 5.6844e+00 5.2926e+00 5.7045e+00 6.0758e+00
46 47 5.6844e+00 5.2926e+00 5.7045e+00 6.0758e+00
47 48 5.6844e+00 5.2926e+00 5.7045e+00 6.0758e+00
48 50 5.6844e+00 5.2926e+00 5.7045e+00 6.0758e+00
50 51 5.6844e+00 5.2926e+00 5.7045e+00 6.0758e+00
51 52 5.6844e+00 5.2926e+00 5.7045e+00 6.0758e+00
52 53 5.6844e+00 5.2926e+00 5.7045e+00 6.0758e+00
53 54 5.6844e+00 5.2926e+00 5.7045e+00 6.0758e+00
54 55 5.6844e+00 5.2926e+00 5.7045e+00 6.0758e+00
55 56 5.6844e+00 5.2926e+00 5.7045e+00 6.0758e+00
56 57 5.6844e+00 5.2926e+00 5.7045e+00 6.0758e+00
57 58 5.6844e+00 5.2926e+00 5.7045e+00 6.0758e+00
58 59 5.6844e+00 5.2926e+00 5.7045e+00 6.0758e+00
59 60 5.6844e+00 5.2926e+00 5.7045e+00 6.0758e+00
60 61 5.6844e+00 5.2926e+00 5.7045e+00 6.0758e+00
61 62 5.6844e+00 5.2926e+00 5.7045e+00 6.0758e+00
62 63 5.6844e+00 5.2926e+00 5.7045e+00 6.0758e+00
63 64 5.6844e+00 5.2926e+00 5.7045e+00 6.0758e+00
64 65 5.6844e+00 5.2926e+00 5.7045e+00 6.0758e+00
65 66 5.6844e+00 5.2926e+00 5.7045e+00 6.0758e+00
66 67 5.6844e+00 5.2926e+00 5.7045e+00 6.0758e+00
67 68 5.6844e+00 5.2926e+00 5.7045e+00 6.0758e+00
68 69 5.6844e+00 5.2926e+00 5.7045e+00 6.0758e+00
69 70 5.6844e+00 5.2926e+00 5.7045e+00 6.0758e+00
70 71 5.6844e+00 5.2926e+00 5.7045e+00 6.0758e+00
71 72 5.6844e+00 5.2926e+00 5.7045e+00 6.0758e+00
72 73 5.6844e+00 5.2926e+00 5.7045e+00 6.0758e+00
73 74 5.6844e+00 5.2926e+00 5.7045e+00 6.0758e+00
74 75 5.6844e+00 5.2926e+00 5.7045e+00 6.0758e+00
75 76 5.6844e+00 5.2926e+00 5.7045e+00 6.0758e+00
76 77 5.6844e+00 5.2926e+00 5.7045e+00 6.0758e+00
77 78 5.6844e+00 5.2926e+00 5.7045e+00 6.0758e+00
78 79 5.6844e+00 5.2926e+00 5.7045e+00 6.0758e+00
79 80 5.6844e+00 5.2926e+00 5.7045e+00 6.0758e+00
80 81 5.6844e+00 5.2926e+00 5.7045e+00 6.0758e+00
81 82 5.6844e+00 5.2926e+00 5.7045e+00 6.0758e+00
82 83 5.6844e+00 5.2926e+00 5.7045e+00 6.0758e+00
83 84 5.6844e+00 5.2926e+00 5.7045e+00 6.0758e+00
84 85 5.6844e+00 5.2926e+00 5.7045e+00 6.0758e+00
85 86 5.6844e+00 5.2926e+00 5.7045e+00 6.0758e+00
86 87 5.6844e+00 5.2926e+00 5.7045e+00 6.0758e+00
87 88 5.6844e+00 5.2926e+00 5.7045e+00 6.0758e+00
88 89 5.6844e+00 5.2926e+00 5.7045e+00 6.0758e+00
89 90 5.6844e+00 5.2926e+00 5.7045e+00 6.0758e+00
90 91 5.6844e+00 5.2926e+00 5.7045e+00 6.0758e+00
91 92 5.6844e+00 5.2926e+00 5.7045e+00 6.0758e+00
92 93 5.6844e+00 5.2926e+00 5.7045e+00 6.0758e+00
93 94 5.6844e+00 5.2926e+00 5.7045e+00 6.0758e+00
94 95 5.6844e+00 5.2926e+00 5.7045e+00 6.0758e+00
95 96 5.6844e+00 5.2926e+00 5.7045e+00 6.0758e+00
96 97 5.6844e+00 5.2926e+00 5.7045e+00 6.0758e+00
97 98 5.6844e+00 5.2926e+00 5.7045e+00 6.0758e+00
98 101 5.6844e+00 5.2926e+00 5.7045e+00 6.0758e+00
101 102 5.6844e+00 5.2926e+00 5.7045e+00 6.0758e+00
102 103 5.6844e+00 5.2926e+00 5.7045e+00 6.0758e+00
103 104 5.6844e+00 5.2926e+00 5.7045e+00 6.0758e+00
104 105 5.6844e+00 5.2926e+00 5.7045e+00 6.0758e+00
105 106 5.6844e+00 5.2926e+00 5.7045e+00 6.0758e+00
106 107 5.6844e+00 5.2926e+00 5.7045e+00 6.0758e+00
107 108 5.6844e+00 5.2926e+00 5.7045e+00 6.0758e+00
108 109 5.6844e+00 5.2926e+00 5.7045e+00 6.0758e+00
109 110 5.6844e+00 5.2926e+00 5.7045e+00 6.0758e+00
110 111 5.6844e+00 5.2926e+00 5.7045e+00 6.0758e+00
111 112 5.6844e+00 5.2926e+00 5.7045e+00 6.0758e+00
112 113 5.6844e+00 5.2926e+00 5.7045e+00 6.0758e+00
113 114 5.6844e+00 5.2926e+00 5.7045e+00 6.0758e+00
114 115 5.6844e+00 5.2926e+00 5.7045e+00 6.0758e+00
115 116 5.6844e+00 5.2926e+00 5.7045e+00 6.0758e+00
116 117 5.6844e+00 5.2926e+00 5.7045e+00 6.0758e+00
117 118 5.6844e+00 5.2926e+00 5.7045e+00 6.0758e+00
118 119 5.6844e+00 5.2926e+00 5.7045e+00 6.0758e+00
119 120 5.6844e+00 5.2926e+00 5.7045e+00 6.0758e+00
120 121 5.6844e+00 5.2926e+00 5.7045e+00 6.0758e+00
121 122 5.6844e+00 5.2926e+00 5.7045e+00 6.0758e+00
122 123 5.6844e+00 5.2926e+00 5.7045e+00 6.0758e+00
123 124 5.6844e+00 5.2926e+00 5.7045e+00 6.0758e+00
124 125 5.6844e+00 5.2926e+00 5.7045e+00 6.0758e+00
125 126 5.6844e+00 5.2926e+00 5.7045e+00 6.0758e+00
126 127 5.6844e+00 5.2926e+00 5.7045e+00 6.0758e+00
127 128 5.6844e+00 5.2926e+00 5.7045e+00 6.0758e+00
128 129 5.6844e+00 5.2926e+00 5.7045e+00 6.0758e+00
129 130 5.6844e+00 5.2926e+00 5.7045e+00 6.0758e+00
130 131 5.6844e+00 5.2926e+00 5.7045e+00 6.0758e+00
131 132 5.6844e+00 5.2926e+00 5.7045e+00 6.0758e+00
132 133 5.6844e+00 5.2926e+00 5.7045e+00 6.0758e+00
133 134 5.6844e+00 5.2926e+00 5.7045e+00 6.0758e+00
134 135 5.6844e+00 5.2926e+00 5.7045e+00 6.0758e+00
135 136 5.6844e+00 5.2926e+00 5.7045e+00 6.0758e+00
136 137 5.6844e+00 5.2926e+00 5.7045e+00 6.0758e+00
137 138 5.6844e+00 5.2926e+00 5.7045e+00 6.0758e+00
138 139 5.6844e+00 5.2926e+00 5.7045e+00 6.0758e+00
139 140 5.6844e+00 5.2926e+00 5.7045e+00 6.0758e+00
140 141 5.6844e+00 5.2926e+00 5.7045e+00 6.0758e+00
141 143 5.6844e+00 5.2926e+00 5.7045e+00 6.0758e+00
143 144 5.6844e+00 5.2926e+00 5.7045e+00 6.0758e+00
144 145 5.6844e+00 5.2926e+00 5.7045e+00 6.0758e+00
145 146 5.6844e+00 5.2926e+00 5.7045e+00 6.0758e+00
146 147 5.6844e+00 5.2926e+00 5.7045e+00 6.0758e+00
147 148 5.6844e+00 5.2926e+00 5.7045e+00 6.0758e+00
148 149 5.6844e+00 5.2926e+00 5.7045e+00 6.0758e+00
149 150 5.6844e+00 5.2926e+00 5.7045e+00 6.0758e+00
150 151 5.6844e+00 5.2926e+00 5.7045e+00 6.0758e+00
151 153 5.6844e+00 5.2926e+00 5.7045e+00 6.0758e+00
153 154 5.6844e+00 5.2926e+00 5.7045e+00 6.0758e+00
154 155 5.6844e+00 5.2926e+00 5.7045e+00 6.0758e+00
155 156 5.6844e+00 5.2926e+00 5.7045e+00 6.0758e+00
156 157 5.6844e+00 5.2926e+00 5.7045e+00 6.0758e+00
157 158 5.6844e+00 5.2926e+00 5.7045e+00 6.0758e+00
158 160 5.6844e+00 5.2926e+00 5.7045e+00 6.0758e+00
160 161 5.6844e+00 5.2926e+00 5.7045e+00 6.0758e+00
161 162 5.6844e+00 5.2926e+00 5.7045e+00 6.0758e+00
162 163 5.6844e+00 5.2926e+00 5.7045e+00 6.0758e+00
163 164 5.6844e+00 5.2926e+00 5.7045e+00 6.0758e+00
164 166 5.6844e+00 5.2926e+00 5.7045e+00 6.0758e+00
166 167 5.6844e+00 5.2926e+00 5.7045e+00 6.0758e+00
167 168 5.6844e+00 5.2926e+00 5.7045e+00 6.0758e+00
168 169 5.6844e+00 5.2926e+00 5.7045e+00 6.0758e+00
169 171 5.6844e+00 5.2926e+00 5.7045e+00 6.0758e+00
171 172 5.6844e+00 5.2926e+00 5.7045e+00 6.0758e+00
172 173 5.6844e+00 5.2926e+00 5.7045e+00 6.0758e+00
173 174 5.6844e+00 5.2926e+00 5.7045e+00 6.0758e+00
174 175 5.6844e+00 5.2926e+00 5.7045e+00 6.0758e+00
175 176 5.6844e+00 5.2926e+00 5.7045e+00 6.0758e+00
176 177 5.6844e+00 5.2926e+00 5.7045e+00 6.0758e+00
177 178 5.6844e+00 5.2926e+00 5.7045e+00 6.0758e+00
178 179 5.6844e+00 5.2926e+00 5.7045e+00 6.0758e+00
179 180 5.6844e+00 5.2926e+00 5.7045e+00 6.0758e+00
180 183 5.6844e+00 5.2926e+00 5.7045e+00 6.0758e+00
183 184 5.6844e+00 5.2926e+00 5.7045e+00 6.0758e+00
184 185 5.6844e+00 5.2926e+00 5.7045e+00 6.0758e+00
185 186 5.6844e+00 5.2926e+00 5.7045e+00 6.0758e+00
186 187 5.6844e+00 5.2926e+00 5.7045e+00 6.0758e+00
187 188 5.6844e+00 5.2926e+00 5.7045e+00 6.0758e+00
188 189 5.6844e+00 5.2926e+00 5.7045e+00 6.0758e+00
189 190 5.6844e+00 5.2926e+00 5.7045e+00 6.0758e+00
190 191 5.6844e+00 5.2926e+00 5.7045e+00 6.0758e+00
191 192 5.6844e+00 5.2926e+00 5.7045e+00 6.0758e+00
192 193 5.6844e+00 5.2926e+00 5.7045e+00 6.0758e+00
193 194 5.6844e+00 5.2926e+00 5.7045e+00 6.0758e+00
194 196 5.6844e+00 5.2926e+00 5.7045e+00 6.0758e+00
196 198 5.6844e+00 5.2926e+00 5.7045e+00 6.0758e+00
198 199 5.6844e+00 5.2926e+00 5.7045e+00 6.0758e+00
199 200 5.6844e+00 5.2926e+00 5.7045e+00 6.0758e+00
200 201 5.6844e+00 5.2926e+00 5.7045e+00 6.0758e+00
201 202 5.6844e+00 5.2926e+00 5.7045e+00 6.0758e+00
202 203 5.6844e+00 5.2926e+00 5.7045e+00 6.0758e+00
203 204 5.6844e+00 5.2926e+00 5.7045e+00 6.0758e+00
204 205 5.6844e+00 5.2926e+00 5.7045e+00 6.0758e+00
205 206 5.6844e+00 5.2926e+00 5.7045e+00 6.0758e+00
206 207 5.6844e+00 5.2926e+00 5.7045e+00 6.0758e+00
207 208 5.6844e+00 5.2926e+00 5.7045e+00 6.0758e+00
208 209 5.6844e+00 5.2926e+00 5.7045e+00 6.0758e+00
209 210 5.6844e+00 5.2926e+00 5.7045e+00 6.0758e+00
210 211 5.6844e+00 5.2926e+00 5.7045e+00 6.0758e+00
211 212 5.6844e+00 5.2926e+00 5.7045e+00 6.0758e+00
212 213 5.6844e+00 5.2926e+00 5.7045e+00 6.0758e+00
213 214 5.6844e+00 5.2926e+00 5.7045e+00 6.0758e+00
214 215 5.6844e+00 5.2926e+00 5.7045e+00 6.0758e+00
215 216 5.6844e+00 5.2926e+00 5.7045e+00 6.0758e+00
216 217 5.6844e+00 5.2926e+00 5.7045e+00 6.0758e+00
217 218 5.6844e+00 5.2926e+00 5.7045e+00 6.0758e+00
218 219 5.6844e+00 5.2926e+00 5.7045e+00 6.0758e+00
219 220 5.6844e+00 5.2926e+00 5.7045e+00 6.0758e+00
220 221 5.6844e+00 5.2926e+00 5.7045e+00 6.0758e+00
221 222 5.6844e+00 5.2926e+00 5.7045e+00 6.0758e+00
222 223 5.6844e+00 5.2926e+00 5.7045e+00 6.0758e+00
223 224 5.6844e+00 5.2926e+00 5.7045e+00 6.0758e+00
224 225 5.6844e+00 5.2926e+00 5.7045e+00 6.0758e+00
225 226 5.6844e+00 5.2926e+00 5.7045e+00 6.0758e+00
226 227 5.6844e+00 5.2926e+00 5.7045e+00 6.0758e+00
227 228 5.6844e+00 5.2926e+00 5.7045e+00 6.0758e+00
228 229 5.6844e+00 5.2926e+00 5.7045e+00 6.0758e+00
229 230 5.6844e+00 5.2926e+00 5.7045e+00 6.0758e+00
230 231 5.6844e+00 5.2926e+00 5.7045e+00 6.0758e+00
231 232 5.6844e+00 5.2926e+00 5.7045e+00 6.0758e+00
232 233 5.6844e+00 5.2926e+00 5.7045e+00 6.0758e+00
233 234 5.6844e+00 5.2926e+00 5.7045e+00 6.0758e+00
234 235 5.6844e+00 5.2926e+00 5.7045e+00 6.0758e+00
235 236 5.6844e+00 5.2926e+00 5.7045e+00 6.0758e+00
236 237 5.6844e+00 5.2926e+00 5.7045e+00 6.0758e+00
237 238 5.6844e+00 5.2926e+00 5.7045e+00 6.0758e+00
238 239 5.6844e+00 5.2926e+00 5.7045e+00 6.0758e+00
239 240 5.6844e+00 5.2926e+00 5.7045e+00 6.0758e+00
240 241 5.6844e+00 5.2926e+00 5.7045e+00 6.0758e+00
241 242 5.6844e+00 5.2926e+00 5.7045e+00 6.0758e+00
242 243 5.6844e+00 5.2926e+00 5.7045e+00 6.0758e+00
243 244 5.6844e+00 5.2926e+00 5.7045e+00 6.0758e+00
244 245 5.6844e+00 5.2926e+00 5.7045e+00 6.0758e+00
245 246 5.6844e+00 5.2926e+00 5.7045e+00 6.0758e+00
246 247 5.6844e+00 5.2926e+00 5.7045e+00 6.0758e+00
247 248 5.6844e+00 5.2926e+00 5.7045e+00 6.0758e+00
248 249 5.6844e+00 5.2926e+00 5.7045e+00 6.0758e+00
249 250 5.6844e+00 5.2926e+00 5.7045e+00 6.0758e+00
250 251 5.6844e+00 5.2926e+00 5.7045e+00 6.0758e+00
251 252 5.6844e+00 5.2926e+00 5.7045e+00 6.0758e+00
252 253 5.6844e+00 5.2926e+00 5.7045e+00 6.0758e+00
253 254 5.6844e+00 5.2926e+00 5.7045e+00 6.0758e+00
254 255 5.6844e+00 5.2926e+00 5.7045e+00 6.0758e+00
255 256 5.6844e+00 5.2926e+00 5.7045e+00 6.0758e+00
256 257 5.6844e+00 5.2926e+00 5.7045e+00 6.0758e+00
257 258 5.6844e+00 5.2926e+00 5.7045e+00 6.0758e+00
258 259 5.6844e+00 5.2926e+00 5.7045e+00 6.0758e+00
259 260 5.6844e+00 5.2926e+00 5.7045e+00 6.0758e+00
260 261 5.6844e+00 5.2926e+00 5.7045e+00 6.0758e+00
261 262 5.6844e+00 5.2926e+00 5.7045e+00 6.0758e+00
262 263 5.6844e+00 5.2926e+00 5.7045e+00 6.0758e+00
263 264 5.6844e+00 5.2926e+00 5.7045e+00 6.0758e+00
264 265 5.6844e+00 5.2926e+00 5.7045e+00 6.0758e+00
265 266 5.6844e+00 5.2926e+00 5.7045e+00 6.0758e+00
266 267 5.6844e+00 5.2926e+00 5.7045e+00 6.0758e+00
267 268 5.6844e+00 5.2926e+00 5.7045e+00 6.0758e+00
268 269 5.6844e+00 5.2926e+00 5.7045e+00 6.0758e+00
269 270 5.6844e+00 5.2926e+00 5.7045e+00 6.0758e+00
270 271 5.6844e+00 5.2926e+00 5.7045e+00 6.0758e+00
271 272 5.6844e+00 5.2926e+00 5.7045e+00 6.0758e+00
272 273 5.6844e+00 5.2926e+00 5.7045e+00 6.0758e+00
273 274 5.6844e+00 5.2926e+00 5.7045e+00 6.0758e+00
274 275 5.6844e+00 5.2926e+00 5.7045e+00 6.0758e+00
275 276 5.6844e+00 5.2926e+00 5.7045e+00 6.0758e+00
276 277 5.6844e+00 5.2926e+00 5.7045e+00 6.0758e+00
277 278 5.6844e+00 5.2926e+00 5.7045e+00 6.0758e+00
278 279 5.6844e+00 5.2926e+00 5.7045e+00 6.0758e+00
279 280 5.6844e+00 5.2926e+00 5.7045e+00 6.0758e+00
280 281 5.6844e+00 5.2926e+00 5.7045e+00 6.0758e+00
281 282 5.6844e+00 5.2926e+00 5.7045e+00 6.0758e+00
282 283 5.6844e+00 5.2926e+00 5.7045e+00 6.0758e+00
283 284 5.6844e+00 5.2926e+00 5.7045e+00 6.0758e+00
284 285 5.6844e+00 5.2926e+00 5.7045e+00 6.0758e+00
285 286 5.6844e+00 5.2926e+00 5.7045e+00 6.0758e+00
286 287 5.6844e+00 5.2926e+00 5.7045e+00 6.0758e+00
287 288 5.6844e+00 5.2926e+00 5.7045e+00 6.0758e+00
288 289 5.6844e+00 5.2926e+00 5.7045e+00 6.0758e+00
289 290 5.6844e+00 5.2926e+00 5.7045e+00 6.0758e+00
290 291 5.6844e+00 5.2926e+00 5.7045e+00 6.0758e+00
291 292 5.6844e+00 5.2926e+00 5.7045e+00 6.0758e+00
292 293 5.6844e+00 5.2926e+00 5.7045e+00 6.0758e+00
293 294 5.6844e+00 5.2926e+00 5.7045e+00 6.0758e+00
294 295 5.6844e+00 5.2926e+00 5.7045e+00 6.0758e+00
295 296 5.6844e+00 5.2926e+00 5.7045e+00 6.0758e+00
296 297 5.6844e+00 5.2926e+00 5.7045e+00 6.0758e+00
297 298 5.6844e+00 5.2926e+00 5.7045e+00 6.0758e+00
298 299 5.6844e+00 5.2926e+00 5.7045e+00 6.0758e+00
299 300 5.6844e+00 5.2926e+00 5.7045e+00 6.0758e+00
300 301 5.6844e+00 5.2926e+00 5.7045e+00 6.0758e+00
301 302 5.6844e+00 5.2926e+00 5.7045e+00 6.0758e+00
302 303 5.6844e+00 5.2926e+00 5.7045e+00 6.0758e+00
303 304 5.6844e+00 5.2926e+00 5.7045e+00 6.0758e+00
304 305 5.6844e+00 5.2926e+00 5.7045e+00 6.0758e+00
305 306 5.6844e+00 5.2926e+00 5.7045e+00 6.0758e+00
306 307 5.6844e+00 5.2926e+00 5.7045e+00 6.0758e+00
307 308 5.6844e+00 5.2926e+00 5.7045e+00 6.0758e+00
308 309 5.6844e+00 5.2926e+00 5.7045e+00 6.0758e+00
309 310 5.6844e+00 5.2926e+00 5.7045e+00 6.0758e+00
310 311 2.9576e-02 4.7530e-03 2.7486e-02 6.1555e-02
311 312 2.9576e-02 4.7530e-03 2.7486e-02 6.1555e-02
312 313 2.9576e-02 4.7530e-03 2.7486e-02 6.1555e-02
313 314 2.9576e-02 4.7530e-03 2.7486e-02 6.1555e-02
314 315 2.9576e-02 4.7530e-03 2.7486e-02 6.1555e-02
315 316 2.9576e-02 4.7530e-03 2.7486e-02 6.1555e-02
316 317 2.9576e-02 4.7530e-03 2.7486e-02 6.1555e-02
317 318 2.9576e-02 4.7530e-03 2.7486e-02 6.1555e-02
318 319 2.9576e-02 4.7530e-03 2.7486e-02 6.1555e-02
319 320 2.9576e-02 4.7530e-03 2.7486e-02 6.1555e-02
320 321 2.9576e-02 4.7530e-03 2.7486e-02 6.1555e-02
321 322 4.0411e-02 4.7530e-03 2.7518e-02 6.1958e-02
322 323 4.9324e+00 4.4558e+00 4.9274e+00 5.4807e+00
323 324 4.9521e+00 4.4664e+00 4.9309e+00 5.4825e+00
324 325 4.9521e+00 4.4664e+00 4.9309e+00 5.4825e+00
325 326 4.9521e+00 4.4664e+00 4.9309e+00 5.4825e+00
326 327 4.9521e+00 4.4664e+00 4.9309e+00 5.4825e+00
327 328 4.9521e+00 4.4664e+00 4.9309e+00 5.4825e+00
328 329 4.9521e+00 4.4664e+00 4.9309e+00 5.4825e+00
329 330 4.9521e+00 4.4664e+00 4.9309e+00 5.4825e+00
330 331 4.9521e+00 4.4664e+00 4.9309e+00 5.4825e+00
331 332 4.9521e+00 4.4664e+00 4.9309e+00 5.4825e+00
332 333 4.9521e+00 4.4664e+00 4.9309e+00 5.4825e+00
333 334 4.9521e+00 4.4664e+00 4.9309e+00 5.4825e+00
334 335 4.9521e+00 4.4664e+00 4.9309e+00 5.4825e+00
335 336 4.9521e+00 4.4664e+00 4.9309e+00 5.4825e+00
336 337 4.9521e+00 4.4664e+00 4.9309e+00 5.4825e+00
337 338 4.9521e+00 4.4664e+00 4.9309e+00 5.4825e+00
338 339 4.9521e+00 4.4664e+00 4.9309e+00 5.4825e+00
339 340 4.9521e+00 4.4664e+00 4.9309e+00 5.4825e+00
340 341 4.9521e+00 4.4664e+00 4.9309e+00 5.4825e+00
341 342 4.9521e+00 4.4664e+00 4.9309e+00 5.4825e+00
342 343 4.9521e+00 4.4664e+00 4.9309e+00 5.4825e+00
343 344 4.9521e+00 4.4664e+00 4.9309e+00 5.4825e+00
344 345 4.9521e+00 4.4664e+00 4.9309e+00 5.4825e+00
345 346 4.9521e+00 4.4664e+00 4.9309e+00 5.4825e+00
346 347 4.9521e+00 4.4664e+00 4.9309e+00 5.4825e+00
347 348 4.9521e+00 4.4664e+00 4.9309e+00 5.4825e+00
348 349 4.9521e+00 4.4664e+00 4.9309e+00 5.4825e+00
349 350 4.9521e+00 4.4664e+00 4.9309e+00 5.4825e+00
350 351 4.9521e+00 4.4664e+00 4.9309e+00 5.4825e+00
351 352 4.9521e+00 4.4664e+00 4.9309e+00 5.4825e+00
352 353 4.9521e+00 4.4664e+00 4.9309e+00 5.4825e+00
353 354 4.9521e+00 4.4664e+00 4.9309e+00 5.4825e+00
354 355 4.9521e+00 4.4664e+00 4.9309e+00 5.4825e+00
355 356 4.9521e+00 4.4664e+00 4.9309e+00 5.4825e+00
356 357 4.9521e+00 4.4664e+00 4.9309e+00 5.4825e+00
357 358 4.9521e+00 4.4664e+00 4.9309e+00 5.4825e+00
358 359 4.9521e+00 4.4664e+00 4.9309e+00 5.4825e+00
359 360 4.9521e+00 4.4664e+00 4.9309e+00 5.4825e+00
360 361 4.9521e+00 4.4664e+00 4.9309e+00 5.4825e+00
361 362 4.9521e+00 4.4664e+00 4.9309e+00 5.4825e+00
362 364 4.9521e+00 4.4664e+00 4.9309e+00 5.4825e+00
364 365 4.9521e+00 4.4664e+00 4.9309e+00 5.4825e+00
365 366 4.9521e+00 4.4664e+00 4.9309e+00 5.4825e+00
366 367 4.9521e+00 4.4664e+00 4.9309e+00 5.4825e+00
367 368 4.9521e+00 4.4664e+00 4.9309e+00 5.4825e+00
368 369 4.9521e+00 4.4664e+00 4.9309e+00 5.4825e+00
369 370 4.9521e+00 4.4664e+00 4.9309e+00 5.4825e+00
370 371 4.9521e+00 4.4664e+00 4.9309e+00 5.4825e+00
371 372 4.9521e+00 4.4664e+00 4.9309e+00 5.4825e+00
372 373 4.9521e+00 4.4664e+00 4.9309e+00 5.4825e+00
373 374 4.9521e+00 4.4664e+00 4.9309e+00 5.4825e+00
374 375 4.9521e+00 4.4664e+00 4.9309e+00 5.4825e+00
375 376 4.9521e+00 4.4664e+00 4.9309e+00 5.4825e+00
376 377 4.9521e+00 4.4664e+00 4.9309e+00 5.4825e+00
377 378 4.9521e+00 4.4664e+00 4.9309e+00 5.4825e+00
378 379 4.9521e+00 4.4664e+00 4.9309e+00 5.4825e+00
379 380 4.9521e+00 4.4664e+00 4.9309e+00 5.4825e+00
380 381 4.9521e+00 4.4664e+00 4.9309e+00 5.4825e+00
381 382 4.9521e+00 4.4664e+00 4.9309e+00 5.4825e+00
382 383 4.9521e+00 4.4664e+00 4.9309e+00 5.4825e+00
383 384 4.9521e+00 4.4664e+00 4.9309e+00 5.4825e+00
384 385 4.9521e+00 4.4664e+00 4.9309e+00 5.4825e+00
385 386 4.9521e+00 4.4664e+00 4.9309e+00 5.4825e+00
386 387 4.9521e+00 4.4664e+00 4.9309e+00 5.4825e+00
387 388 4.9521e+00 4.4664e+00 4.9309e+00 5.4825e+00
388 389 4.9521e+00 4.4664e+00 4.9309e+00 5.4825e+00
389 390 4.9521e+00 4.4664e+00 4.9309e+00 5.4825e+00
390 391 4.9521e+00 4.4664e+00 4.9309e+00 5.4825e+00
391 392 4.9521e+00 4.4664e+00 4.9309e+00 5.4825e+00
392 393 4.9521e+00 4.4664e+00 4.9309e+00 5.4825e+00
393 394 4.9521e+00 4.4664e+00 4.9309e+00 5.4825e+00
394 395 4.9521e+00 4.4664e+00 4.9309e+00 5.4825e+00
395 396 4.9521e+00 4.4664e+00 4.9309e+00 5.4825e+00
396 397 4.9521e+00 4.4664e+00 4.9309e+00 5.4825e+00
397 398 4.9521e+00 4.4664e+00 4.9309e+00 5.4825e+00
398 399 4.9521e+00 4.4664e+00 4.9309e+00 5.4825e+00
399 400 4.9521e+00 4.4664e+00 4.9309e+00 5.4825e+00
400 401 4.9521e+00 4.4664e+00 4.9309e+00 5.4825e+00
401 402 4.9521e+00 4.4664e+00 4.9309e+00 5.4825e+00
402 403 4.9521e+00 4.4664e+00 4.9309e+00 5.4825e+00
403 404 4.9521e+00 4.4664e+00 4.9309e+00 5.4825e+00
404 405 4.9521e+00 4.4664e+00 4.9309e+00 5.4825e+00
405 406 4.9521e+00 4.4664e+00 4.9309e+00 5.4825e+00
406 407 4.9521e+00 4.4664e+00 4.9309e+00 5.4825e+00
407 408 4.9521e+00 4.4664e+00 4.9309e+00 5.4825e+00
408 409 4.9521e+00 4.4664e+00 4.9309e+00 5.4825e+00
409 410 4.9521e+00 4.4664e+00 4.9309e+00 5.4825e+00
410 411 4.9521e+00 4.4664e+00 4.9309e+00 5.4825e+00
411 412 4.9521e+00 4.4664e+00 4.9309e+00 5.4825e+00
412 413 4.9521e+00 4.4664e+00 4.9309e+00 5.4825e+00
413 414 4.9521e+00 4.4664e+00 4.9309e+00 5.4825e+00
414 415 4.9521e+00 4.4664e+00 4.9309e+00 5.4825e+00
415 416 4.9371e+00 4.4442e+00 4.9274e+00 5.4825e+00
416 417 4.7098e+00 1.6749e+00 4.8917e+00 5.4807e+00
417 418 4.2982e+00 1.6226e+00 4.8276e+00 5.4790e+00
418 419 3.2770e+00 1.5388e+00 1.9374e+00 5.3789e+00
419 420 2.4311e+00 1.4967e+00 1.7412e+00 5.1674e+00
420 421 2.0387e+00 1.4843e+00 1.7102e+00 4.9956e+00
421 422 1.8648e+00 1.4785e+00 1.7043e+00 4.7750e+00
422 423 1.7359e+00 1.4785e+00 1.6984e+00 1.9317e+00
423 424 1.6920e+00 1.4723e+00 1.6961e+00 1.9040e+00
424 426 1.6885e+00 1.4723e+00 1.6958e+00 1.9037e+00
426 427 1.6885e+00 1.4723e+00 1.6958e+00 1.9037e+00
427 430 1.6885e+00 1.4723e+00 1.6958e+00 1.9037e+00
430 432 1.6885e+00 1.4723e+00 1.6958e+00 1.9037e+00
432 433 1.6885e+00 1.4723e+00 1.6958e+00 1.9037e+00
433 434 1.6885e+00 1.4723e+00 1.6958e+00 1.9037e+00
434 435 1.6885e+00 1.4723e+00 1.6958e+00 1.9037e+00
435 436 1.6885e+00 1.4723e+00 1.6958e+00 1.9037e+00
436 437 1.6885e+00 1.4723e+00 1.6958e+00 1.9037e+00
437 438 1.6885e+00 1.4723e+00 1.6958e+00 1.9037e+00
438 440 1.6885e+00 1.4723e+00 1.6958e+00 1.9037e+00
440 441 1.6885e+00 1.4723e+00 1.6958e+00 1.9037e+00
441 442 1.6885e+00 1.4723e+00 1.6958e+00 1.9037e+00
442 443 1.6885e+00 1.4723e+00 1.6958e+00 1.9037e+00
443 445 1.6885e+00 1.4723e+00 1.6958e+00 1.9037e+00
445 446 1.6885e+00 1.4723e+00 1.6958e+00 1.9037e+00
446 448 1.6885e+00 1.4723e+00 1.6958e+00 1.9037e+00
448 449 1.6885e+00 1.4723e+00 1.6958e+00 1.9037e+00
449 450 1.6885e+00 1.4723e+00 1.6958e+00 1.9037e+00
450 451 1.6885e+00 1.4723e+00 1.6958e+00 1.9037e+00
451 452 1.6885e+00 1.4723e+00 1.6958e+00 1.9037e+00
452 453 1.6885e+00 1.4723e+00 1.6958e+00 1.9037e+00
453 454 1.6885e+00 1.4723e+00 1.6958e+00 1.9037e+00
454 455 1.6885e+00 1.4723e+00 1.6958e+00 1.9037e+00
455 456 1.6885e+00 1.4723e+00 1.6958e+00 1.9037e+00
456 457 1.6885e+00 1.4723e+00 1.6958e+00 1.9037e+00
457 458 1.6885e+00 1.4723e+00 1.6958e+00 1.9037e+00
458 459 1.6885e+00 1.4723e+00 1.6958e+00 1.9037e+00
459 460 1.6885e+00 1.4723e+00 1.6958e+00 1.9037e+00
460 461 1.6885e+00 1.4723e+00 1.6958e+00 1.9037e+00
461 462 1.6885e+00 1.4723e+00 1.6958e+00 1.9037e+00
462 463 1.6885e+00 1.4723e+00 1.6958e+00 1.9037e+00
463 464 1.6885e+00 1.4723e+00 1.6958e+00 1.9037e+00
464 465 1.6885e+00 1.4723e+00 1.6958e+00 1.9037e+00
465 466 1.6885e+00 1.4723e+00 1.6958e+00 1.9037e+00
466 467 1.6885e+00 1.4723e+00 1.6958e+00 1.9037e+00
467 468 1.6885e+00 1.4723e+00 1.6958e+00 1.9037e+00
468 469 1.6885e+00 1.4723e+00 1.6958e+00 1.9037e+00
469 470 1.6885e+00 1.4723e+00 1.6958e+00 1.9037e+00
470 471 1.6885e+00 1.4723e+00 1.6958e+00 1.9037e+00
471 472 1.6885e+00 1.4723e+00 1.6958e+00 1.9037e+00
472 473 1.6885e+00 1.4723e+00 1.6958e+00 1.9037e+00
473 474 1.6885e+00 1.4723e+00 1.6958e+00 1.9037e+00
474 475 1.6885e+00 1.4723e+00 1.6958e+00 1.9037e+00
475 476 1.6885e+00 1.4723e+00 1.6958e+00 1.9037e+00
476 477 1.6885e+00 1.4723e+00 1.6958e+00 1.9037e+00
477 478 1.6885e+00 1.4723e+00 1.6958e+00 1.9037e+00
478 479 1.6885e+00 1.4723e+00 1.6958e+00 1.9037e+00
479 480 1.6885e+00 1.4723e+00 1.6958e+00 1.9037e+00
480 481 1.6885e+00 1.4723e+00 1.6958e+00 1.9037e+00
481 482 1.6885e+00 1.4723e+00 1.6958e+00 1.9037e+00
482 483 1.6885e+00 1.4723e+00 1.6958e+00 1.9037e+00
483 484 1.6921e+00 1.4723e+00 1.6961e+00 1.9040e+00
484 485 1.7904e+00 1.4785e+00 1.7024e+00 1.9980e+00
485 487 3.1179e+00 1.5614e+00 1.7827e+00 8.2776e+00
487 488 3.1179e+00 1.5614e+00 1.7827e+00 8.2776e+00
488 489 3.1179e+00 1.5614e+00 1.7827e+00 8.2776e+00
489 490 3.1179e+00 1.5614e+00 1.7827e+00 8.2776e+00
490 491 3.1180e+00 1.5614e+00 1.7827e+00 8.2776e+00
491 492 3.1387e+00 1.5615e+00 1.7849e+00 8.2847e+00
492 493 3.9310e+00 1.5848e+00 1.8199e+00 8.7374e+00
493 494 6.2885e+00 1.6362e+00 7.6668e+00 9.5965e+00
494 495 7.9301e+00 5.5000e+00 8.2648e+00 9.8414e+00
495 496 8.0666e+00 5.7452e+00 8.2830e+00 9.8422e+00
496 497 8.0666e+00 5.7452e+00 8.2830e+00 9.8422e+00
497 498 8.0666e+00 5.7452e+00 8.2830e+00 9.8422e+00
498 499 8.0666e+00 5.7452e+00 8.2830e+00 9.8422e+00
499 501 8.0666e+00 5.7452e+00 8.2830e+00 9.8422e+00
501 502 8.0666e+00 5.7452e+00 8.2830e+00 9.8422e+00
502 503 8.0666e+00 5.7452e+00 8.2830e+00 9.8422e+00
503 504 8.0666e+00 5.7452e+00 8.2830e+00 9.8422e+00
504 505 8.0666e+00 5.7452e+00 8.2830e+00 9.8422e+00
505 506 8.0666e+00 5.7452e+00 8.2830e+00 9.8422e+00
506 507 8.0666e+00 5.7452e+00 8.2830e+00 9.8422e+00
507 508 8.0666e+00 5.7452e+00 8.2830e+00 9.8422e+00
508 509 8.0666e+00 5.7452e+00 8.2830e+00 9.8422e+00
509 510 8.0666e+00 5.7452e+00 8.2830e+00 9.8422e+00
510 511 8.0666e+00 5.7452e+00 8.2830e+00 9.8422e+00
511 512 8.0666e+00 5.7452e+00 8.2830e+00 9.8422e+00
512 513 8.0666e+00 5.7452e+00 8.2830e+00 9.8422e+00
513 514 8.0666e+00 5.7452e+00 8.2830e+00 9.8422e+00
514 515 8.0666e+00 5.7452e+00 8.2830e+00 9.8422e+00
515 516 8.0666e+00 5.7452e+00 8.2830e+00 9.8422e+00
516 517 8.0666e+00 5.7452e+00 8.2830e+00 9.8422e+00
517 518 8.0666e+00 5.7452e+00 8.2830e+00 9.8422e+00
518 519 8.0666e+00 5.7452e+00 8.2830e+00 9.8422e+00
519 520 8.0666e+00 5.7452e+00 8.2830e+00 9.8422e+00
520 521 8.0666e+00 5.7452e+00 8.2830e+00 9.8422e+00
521 522 8.0666e+00 5.7452e+00 8.2830e+00 9.8422e+00
522 523 8.0666e+00 5.7452e+00 8.2830e+00 9.8422e+00
523 525 8.0666e+00 5.7452e+00 8.2830e+00 9.8422e+00
525 526 8.0666e+00 5.7452e+00 8.2830e+00 9.8422e+00
526 527 8.0666e+00 5.7452e+00 8.2830e+00 9.8422e+00
527 528 8.0666e+00 5.7452e+00 8.2830e+00 9.8422e+00
528 529 8.0666e+00 5.7452e+00 8.2830e+00 9.8422e+00
529 530 8.0666e+00 5.7452e+00 8.2830e+00 9.8422e+00
530 532 8.0666e+00 5.7452e+00 8.2830e+00 9.8422e+00
532 533 8.0666e+00 5.7452e+00 8.2830e+00 9.8422e+00
533 534 8.0666e+00 5.7452e+00 8.2830e+00 9.8422e+00
534 535 8.0666e+00 5.7452e+00 8.2830e+00 9.8422e+00
535 536 8.0666e+00 5.7452e+00 8.2830e+00 9.8422e+00
536 538 8.0666e+00 5.7452e+00 8.2830e+00 9.8422e+00
538 539 4.9479e-01 4.0400e-01 5.0429e-01 6.0880e-01
539 540 4.9479e-01 4.0400e-01 5.0429e-01 6.0880e-01
540 541 4.9479e-01 4.0400e-01 5.0429e-01 6.0880e-01
541 542 4.9479e-01 4.0400e-01 5.0429e-01 6.0880e-01
542 543 4.9479e-01 4.0400e-01 5.0429e-01 6.0880e-01
543 544 4.9479e-01 4.0400e-01 5.0429e-01 6.0880e-01
544 545 4.9479e-01 4.0400e-01 5.0429e-01 6.0880e-01
545 546 4.9479e-01 4.0400e-01 5.0429e-01 6.0880e-01
546 547 4.9479e-01 4.0400e-01 5.0429e-01 6.0880e-01
547 548 4.9479e-01 4.0400e-01 5.0429e-01 6.0880e-01
548 549 4.9479e-01 4.0400e-01 5.0429e-01 6.0880e-01
549 550 4.9479e-01 4.0400e-01 5.0429e-01 6.0880e-01
550 551 4.9479e-01 4.0400e-01 5.0429e-01 6.0880e-01
551 552 4.9479e-01 4.0400e-01 5.0429e-01 6.0880e-01
552 553 4.9479e-01 4.0400e-01 5.0429e-01 6.0880e-01
553 554 5.0419e-01 4.0400e-01 5.0434e-01 6.0969e-01
554 556 7.3426e+00 4.7074e+00 7.3641e+00 1.0439e+01
556 558 7.6051e+00 5.5094e+00 7.4203e+00 1.0616e+01
558 559 7.6051e+00 5.5094e+00 7.4203e+00 1.0616e+01
559 560 7.6051e+00 5.5094e+00 7.4203e+00 1.0616e+01
560 561 7.6051e+00 5.5094e+00 7.4203e+00 1.0616e+01
561 562 7.6051e+00 5.5094e+00 7.4203e+00 1.0616e+01
562 563 7.6051e+00 5.5094e+00 7.4203e+00 1.0616e+01
563 564 7.6051e+00 5.5094e+00 7.4203e+00 1.0616e+01
564 565 7.6051e+00 5.5094e+00 7.4203e+00 1.0616e+01
