# parameters
version_bit_string:13816762181795971082,seed:5489,burn_in:100000,num_iter:1000000,stats_thin:1000,block_penalty:50,prior_rate_mean:1,window_size:50,partition_length:4001,overlap_length:200,pade_resolution:10,pade_max:1000,max_lk_start:0.001,max_lk_resolution:0.001,num_snps:1072,num_snp_partitions:1,num_samps:1000
# left_snp right_snp mean p0.025 p0.500 p0.975
0 1 6.1247e+00 6.0019e+00 6.0388e+00 6.5569e+00
1 2 6.1247e+00 6.0019e+00 6.0388e+00 6.5569e+00
2 3 6.1247e+00 6.0019e+00 6.0388e+00 6.5569e+00
3 4 6.1247e+00 6.0019e+00 6.0388e+00 6.5569e+00
4 5 6.1247e+00 6.0019e+00 6.0388e+00 6.5569e+00
5 6 6.1247e+00 6.0019e+00 6.0388e+00 6.5569e+00
6 7 6.1247e+00 6.0019e+00 6.0388e+00 6.5569e+00
7 8 6.1247e+00 6.0019e+00 6.0388e+00 6.5569e+00
8 9 6.1247e+00 6.0019e+00 6.0388e+00 6.5569e+00
9 10 6.1247e+00 6.0019e+00 6.0388e+00 6.5569e+00
10 11 6.1247e+00 6.0019e+00 6.0388e+00 6.5569e+00
11 12 6.1247e+00 6.0019e+00 6.0388e+00 6.5569e+00
12 13 6.1247e+00 6.0019e+00 6.0388e+00 6.5569e+00
13 14 6.1247e+00 6.0019e+00 6.0388e+00 6.5569e+00
14 15 6.1247e+00 6.0019e+00 6.0388e+00 6.5569e+00
15 16 6.1247e+00 6.0019e+00 6.0388e+00 6.5569e+00
16 17 6.1247e+00 6.0019e+00 6.0388e+00 6.5569e+00
17 18 6.1247e+00 6.0019e+00 6.0388e+00 6.5569e+00
18 19 6.1247e+00 6.0019e+00 6.0388e+00 6.5569e+00
19 20 6.1247e+00 6.0019e+00 6.0388e+00 6.5569e+00
20 21 6.1247e+00 6.0019e+00 6.0388e+00 6.5569e+00
21 22 6.1247e+00 6.0019e+00 6.0388e+00 6.5569e+00
22 23 6.1247e+00 6.0019e+00 6.0388e+00 6.5569e+00
23 24 6.1247e+00 6.0019e+00 6.0388e+00 6.5569e+00
24 25 6.1247e+00 6.0019e+00 6.0388e+00 6.5569e+00
25 26 6.1247e+00 6.0019e+00 6.0388e+00 6.5569e+00
26 27 6.1247e+00 6.0019e+00 6.0388e+00 6.5569e+00
27 28 6.1247e+00 6.0019e+00 6.0388e+00 6.5569e+00
28 29 6.1247e+00 6.0019e+00 6.0388e+00 6.5569e+00
29 30 6.1247e+00 6.0019e+00 6.0388e+00 6.5569e+00
30 31 6.1247e+00 6.0019e+00 6.0388e+00 6.5569e+00
31 32 6.1247e+00 6.0019e+00 6.0388e+00 6.5569e+00
32 33 6.1247e+00 6.0019e+00 6.0388e+00 6.5569e+00
33 34 6.1247e+00 6.0019e+00 6.0388e+00 6.5569e+00
34 35 6.1247e+00 6.0019e+00 6.0388e+00 6.5569e+00
35 37 6.1247e+00 6.0019e+00 6.0388e+00 6.5569e+00
37 38 6.1247e+00 6.0019e+00 6.0388e+00 6.5569e+00
38 39 6.1247e+00 6.0019e+00 6.0388e+00 6.5569e+00
39 40 6.1247e+00 6.0019e+00 6.0388e+00 6.5569e+00
40 41 6.1247e+00 6.0019e+00 6.0388e+00 6.5569e+00
41 42 6.1247e+00 6.0019e+00 6.0388e+00 6.5569e+00
42 43 6.1247e+00 6.0019e+00 6.0388e+00 6.5569e+00
43 44 6.1247e+00 6.0019e+00 6.0388e+00 6.5569e+00
44 45 6.1247e+00 6.0019e+00 6.0388e+00 6.5569e+00
45 46 6.1247e+00 6.0019e+00 6.0388e+00 6.5569e+00
46 47 6.1247e+00 6.0019e+00 6.0388e+00 6.5569e+00
47 48 6.1247e+00 6.0019e+00 6.0388e+00 6.5569e+00
48 49 6.1247e+00 6.0019e+00 6.0388e+00 6.5569e+00
49 50 6.1247e+00 6.0019e+00 6.0388e+00 6.5569e+00
50 51 6.1247e+00 6.0019e+00 6.0388e+00 6.5569e+00
51 52 6.1247e+00 6.0019e+00 6.0388e+00 6.5569e+00
52 53 6.1247e+00 6.0019e+00 6.0388e+00 6.5569e+00
53 54 6.1247e+00 6.0019e+00 6.0388e+00 6.5569e+00
54 55 6.1247e+00 6.0019e+00 6.0388e+00 6.5569e+00
55 56 6.1247e+00 6.0019e+00 6.0388e+00 6.5569e+00
56 57 6.1247e+00 6.0019e+00 6.0388e+00 6.5569e+00
57 58 6.1247e+00 6.0019e+00 6.0388e+00 6.5569e+00
58 59 6.1247e+00 6.0019e+00 6.0388e+00 6.5569e+00
59 60 6.1247e+00 6.0019e+00 6.0388e+00 6.5569e+00
60 61 6.1247e+00 6.0019e+00 6.0388e+00 6.5569e+00
61 62 6.1247e+00 6.0019e+00 6.0388e+00 6.5569e+00
62 63 6.1247e+00 6.0019e+00 6.0388e+00 6.5569e+00
63 64 6.1247e+00 6.0019e+00 6.0388e+00 6.5569e+00
64 65 6.1247e+00 6.0019e+00 6.0388e+00 6.5569e+00
65 66 6.1247e+00 6.0019e+00 6.0388e+00 6.5569e+00
66 67 6.1247e+00 6.0019e+00 6.0388e+00 6.5569e+00
67 68 6.1247e+00 6.0019e+00 6.0388e+00 6.5569e+00
68 69 6.1247e+00 6.0019e+00 6.0388e+00 6.5569e+00
69 70 6.1247e+00 6.0019e+00 6.0388e+00 6.5569e+00
70 71 6.1247e+00 6.0019e+00 6.0388e+00 6.5569e+00
71 72 6.1247e+00 6.0019e+00 6.0388e+00 6.5569e+00
72 74 6.1247e+00 6.0019e+00 6.0388e+00 6.5569e+00
74 75 6.1247e+00 6.0019e+00 6.0388e+00 6.5569e+00
75 76 6.1247e+00 6.0019e+00 6.0388e+00 6.5569e+00
76 77 6.1247e+00 6.0019e+00 6.0388e+00 6.5569e+00
77 78 6.1247e+00 6.0019e+00 6.0388e+00 6.5569e+00
78 79 6.1247e+00 6.0019e+00 6.0388e+00 6.5569e+00
79 81 6.1247e+00 6.0019e+00 6.0388e+00 6.5569e+00
81 82 6.1247e+00 6.0019e+00 6.0388e+00 6.5569e+00
82 83 6.1247e+00 6.0019e+00 6.0388e+00 6.5569e+00
83 84 6.1247e+00 6.0019e+00 6.0388e+00 6.5569e+00
84 85 6.1247e+00 6.0019e+00 6.0388e+00 6.5569e+00
85 87 6.1247e+00 6.0019e+00 6.0388e+00 6.5569e+00
87 88 6.1247e+00 6.0019e+00 6.0388e+00 6.5569e+00
88 89 6.1247e+00 6.0019e+00 6.0388e+00 6.5569e+00
89 90 6.1247e+00 6.0019e+00 6.0388e+00 6.5569e+00
90 91 6.1247e+00 6.0019e+00 6.0388e+00 6.5569e+00
91 92 6.1247e+00 6.0019e+00 6.0388e+00 6.5569e+00
92 93 6.1247e+00 6.0019e+00 6.0388e+00 6.5569e+00
93 94 6.1247e+00 6.0019e+00 6.0388e+00 6.5569e+00
94 95 6.1247e+00 6.0019e+00 6.0388e+00 6.5569e+00
95 96 6.1247e+00 6.0019e+00 6.0388e+00 6.5569e+00
96 97 6.1247e+00 6.0019e+00 6.0388e+00 6.5569e+00
97 99 6.1247e+00 6.0019e+00 6.0388e+00 6.5569e+00
99 100 6.1247e+00 6.0019e+00 6.0388e+00 6.5569e+00
100 101 6.1247e+00 6.0019e+00 6.0388e+00 6.5569e+00
101 102 6.1247e+00 6.0019e+00 6.0388e+00 6.5569e+00
102 103 6.1247e+00 6.0019e+00 6.0388e+00 6.5569e+00
103 104 6.1247e+00 6.0019e+00 6.0388e+00 6.5569e+00
104 105 6.1247e+00 6.0019e+00 6.0388e+00 6.5569e+00
105 106 6.1247e+00 6.0019e+00 6.0388e+00 6.5569e+00
106 107 6.1247e+00 6.0019e+00 6.0388e+00 6.5569e+00
107 108 6.1247e+00 6.0019e+00 6.0388e+00 6.5569e+00
108 109 6.1247e+00 6.0019e+00 6.0388e+00 6.5569e+00
109 110 6.1247e+00 6.0019e+00 6.0388e+00 6.5569e+00
110 111 6.1247e+00 6.0019e+00 6.0388e+00 6.5569e+00
111 112 6.1247e+00 6.0019e+00 6.0388e+00 6.5569e+00
112 113 6.1247e+00 6.0019e+00 6.0388e+00 6.5569e+00
113 114 6.1247e+00 6.0019e+00 6.0388e+00 6.5569e+00
114 115 6.1247e+00 6.0019e+00 6.0388e+00 6.5569e+00
115 116 6.1247e+00 6.0019e+00 6.0388e+00 6.5569e+00
116 117 6.1247e+00 6.0019e+00 6.0388e+00 6.5569e+00
117 118 6.1247e+00 6.0019e+00 6.0388e+00 6.5569e+00
118 120 6.1247e+00 6.0019e+00 6.0388e+00 6.5569e+00
120 121 6.1247e+00 6.0019e+00 6.0388e+00 6.5569e+00
121 122 6.1247e+00 6.0019e+00 6.0388e+00 6.5569e+00
122 123 6.1247e+00 6.0019e+00 6.0388e+00 6.5569e+00
123 124 6.1247e+00 6.0019e+00 6.0388e+00 6.5569e+00
124 125 6.1247e+00 6.0019e+00 6.0388e+00 6.5569e+00
125 126 6.1247e+00 6.0019e+00 6.0388e+00 6.5569e+00
126 127 6.1247e+00 6.0019e+00 6.0388e+00 6.5569e+00
127 129 6.1247e+00 6.0019e+00 6.0388e+00 6.5569e+00
129 130 6.1247e+00 6.0019e+00 6.0388e+00 6.5569e+00
130 131 6.1247e+00 6.0019e+00 6.0388e+00 6.5569e+00
131 132 6.1247e+00 6.0019e+00 6.0388e+00 6.5569e+00
132 133 6.1247e+00 6.0019e+00 6.0388e+00 6.5569e+00
133 134 6.1247e+00 6.0019e+00 6.0388e+00 6.5569e+00
134 135 6.1247e+00 6.0019e+00 6.0388e+00 6.5569e+00
135 136 6.1247e+00 6.0019e+00 6.0388e+00 6.5569e+00
136 137 6.1247e+00 6.0019e+00 6.0388e+00 6.5569e+00
137 138 6.1247e+00 6.0019e+00 6.0388e+00 6.5569e+00
138 139 6.1247e+00 6.0019e+00 6.0388e+00 6.5569e+00
139 140 6.1247e+00 6.0019e+00 6.0388e+00 6.5569e+00
140 141 6.1247e+00 6.0019e+00 6.0388e+00 6.5569e+00
141 142 6.1247e+00 6.0019e+00 6.0388e+00 6.5569e+00
142 143 6.1247e+00 6.0019e+00 6.0388e+00 6.5569e+00
143 144 6.1247e+00 6.0019e+00 6.0388e+00 6.5569e+00
144 145 6.1247e+00 6.0019e+00 6.0388e+00 6.5569e+00
145 146 6.1247e+00 6.0019e+00 6.0388e+00 6.5569e+00
146 147 6.1247e+00 6.0019e+00 6.0388e+00 6.5569e+00
147 148 6.1247e+00 6.0019e+00 6.0388e+00 6.5569e+00
148 149 6.1247e+00 6.0019e+00 6.0388e+00 6.5569e+00
149 150 6.1247e+00 6.0019e+00 6.0388e+00 6.5569e+00
150 151 6.1247e+00 6.0019e+00 6.0388e+00 6.5569e+00
151 152 6.1247e+00 6.0019e+00 6.0388e+00 6.5569e+00
152 153 6.1247e+00 6.0019e+00 6.0388e+00 6.5569e+00
153 154 6.1247e+00 6.0019e+00 6.0388e+00 6.5569e+00
154 156 6.1247e+00 6.0019e+00 6.0388e+00 6.5569e+00
156 157 6.1247e+00 6.0019e+00 6.0388e+00 6.5569e+00
157 158 6.1247e+00 6.0019e+00 6.0388e+00 6.5569e+00
158 159 6.1247e+00 6.0019e+00 6.0388e+00 6.5569e+00
159 160 6.1247e+00 6.0019e+00 6.0388e+00 6.5569e+00
160 161 6.1247e+00 6.0019e+00 6.0388e+00 6.5569e+00
161 162 6.1247e+00 6.0019e+00 6.0388e+00 6.5569e+00
162 163 6.1247e+00 6.0019e+00 6.0388e+00 6.5569e+00
163 164 6.1247e+00 6.0019e+00 6.0388e+00 6.5569e+00
164 165 6.1247e+00 6.0019e+00 6.0388e+00 6.5569e+00
165 166 6.1247e+00 6.0019e+00 6.0388e+00 6.5569e+00
166 167 6.1247e+00 6.0019e+00 6.0388e+00 6.5569e+00
167 168 6.1247e+00 6.0019e+00 6.0388e+00 6.5569e+00
168 169 6.1247e+00 6.0019e+00 6.0388e+00 6.5569e+00
169 170 6.1247e+00 6.0019e+00 6.0388e+00 6.5569e+00
170 171 6.1247e+00 6.0019e+00 6.0388e+00 6.5569e+00
171 172 6.1247e+00 6.0019e+00 6.0388e+00 6.5569e+00
172 173 6.1247e+00 6.0019e+00 6.0388e+00 6.5569e+00
173 174 6.1247e+00 6.0019e+00 6.0388e+00 6.5569e+00
174 175 6.1247e+00 6.0019e+00 6.0388e+00 6.5569e+00
175 176 6.1247e+00 6.0019e+00 6.0388e+00 6.5569e+00
176 177 6.1247e+00 6.0019e+00 6.0388e+00 6.5569e+00
177 178 6.1247e+00 6.0019e+00 6.0388e+00 6.5569e+00
178 179 6.1247e+00 6.0019e+00 6.0388e+00 6.5569e+00
179 180 6.1247e+00 6.0019e+00 6.0388e+00 6.5569e+00
180 181 6.1247e+00 6.0019e+00 6.0388e+00 6.5569e+00
181 182 6.1247e+00 6.0019e+00 6.0388e+00 6.5569e+00
182 183 6.1247e+00 6.0019e+00 6.0388e+00 6.5569e+00
183 184 6.1247e+00 6.0019e+00 6.0388e+00 6.5569e+00
184 185 6.1247e+00 6.0019e+00 6.0388e+00 6.5569e+00
185 186 6.1247e+00 6.0019e+00 6.0388e+00 6.5569e+00
186 187 6.1247e+00 6.0019e+00 6.0388e+00 6.5569e+00
187 188 6.1247e+00 6.0019e+00 6.0388e+00 6.5569e+00
188 189 6.1247e+00 6.0019e+00 6.0388e+00 6.5569e+00
189 190 6.1247e+00 6.0019e+00 6.0388e+00 6.5569e+00
190 191 6.1247e+00 6.0019e+00 6.0388e+00 6.5569e+00
191 192 6.1247e+00 6.0019e+00 6.0388e+00 6.5569e+00
192 193 6.1247e+00 6.0019e+00 6.0388e+00 6.5569e+00
193 194 6.1247e+00 6.0019e+00 6.0388e+00 6.5569e+00
194 195 6.1247e+00 6.0019e+00 6.0388e+00 6.5569e+00
195 196 6.1247e+00 6.0019e+00 6.0388e+00 6.5569e+00
196 197 6.1247e+00 6.0019e+00 6.0388e+00 6.5569e+00
197 198 6.1247e+00 6.0019e+00 6.0388e+00 6.5569e+00
198 199 6.1247e+00 6.0019e+00 6.0388e+00 6.5569e+00
199 200 6.1247e+00 6.0019e+00 6.0388e+00 6.5569e+00
200 201 6.1247e+00 6.0019e+00 6.0388e+00 6.5569e+00
201 202 6.1247e+00 6.0019e+00 6.0388e+00 6.5569e+00
202 203 6.1247e+00 6.0019e+00 6.0388e+00 6.5569e+00
203 204 6.1247e+00 6.0019e+00 6.0388e+00 6.5569e+00
204 205 6.1247e+00 6.0019e+00 6.0388e+00 6.5569e+00
205 206 6.1247e+00 6.0019e+00 6.0388e+00 6.5569e+00
206 207 6.1247e+00 6.0019e+00 6.0388e+00 6.5569e+00
207 208 6.1247e+00 6.0019e+00 6.0388e+00 6.5569e+00
208 209 6.1247e+00 6.0019e+00 6.0388e+00 6.5569e+00
209 210 6.1247e+00 6.0019e+00 6.0388e+00 6.5569e+00
210 211 6.1247e+00 6.0019e+00 6.0388e+00 6.5569e+00
211 212 6.1247e+00 6.0019e+00 6.0388e+00 6.5569e+00
212 213 6.1247e+00 6.0019e+00 6.0388e+00 6.5569e+00
213 214 6.1247e+00 6.0019e+00 6.0388e+00 6.5569e+00
214 215 6.1247e+00 6.0019e+00 6.0388e+00 6.5569e+00
215 216 6.1247e+00 6.0019e+00 6.0388e+00 6.5569e+00
216 217 6.1247e+00 6.0019e+00 6.0388e+00 6.5569e+00
217 218 6.1247e+00 6.0019e+00 6.0388e+00 6.5569e+00
218 219 6.1247e+00 6.0019e+00 6.0388e+00 6.5569e+00
219 220 6.1247e+00 6.0019e+00 6.0388e+00 6.5569e+00
220 221 6.1247e+00 6.0019e+00 6.0388e+00 6.5569e+00
221 222 6.1247e+00 6.0019e+00 6.0388e+00 6.5569e+00
222 223 6.1247e+00 6.0019e+00 6.0388e+00 6.5569e+00
223 224 6.1247e+00 6.0019e+00 6.0388e+00 6.5569e+00
224 225 6.1247e+00 6.0019e+00 6.0388e+00 6.5569e+00
225 226 6.1247e+00 6.0019e+00 6.0388e+00 6.5569e+00
226 227 6.1247e+00 6.0019e+00 6.0388e+00 6.5569e+00
227 228 6.1247e+00 6.0019e+00 6.0388e+00 6.5569e+00
228 229 6.1247e+00 6.0019e+00 6.0388e+00 6.5569e+00
229 230 6.1247e+00 6.0019e+00 6.0388e+00 6.5569e+00
230 231 6.1247e+00 6.0019e+00 6.0388e+00 6.5569e+00
231 232 6.1247e+00 6.0019e+00 6.0388e+00 6.5569e+00
232 233 6.1247e+00 6.0019e+00 6.0388e+00 6.5569e+00
233 234 6.1247e+00 6.0019e+00 6.0388e+00 6.5569e+00
234 235 6.1247e+00 6.0019e+00 6.0388e+00 6.5569e+00
235 236 6.1247e+00 6.0019e+00 6.0388e+00 6.5569e+00
236 237 6.1247e+00 6.0019e+00 6.0388e+00 6.5569e+00
237 238 6.1247e+00 6.0019e+00 6.0388e+00 6.5569e+00
238 239 6.1247e+00 6.0019e+00 6.0388e+00 6.5569e+00
239 240 6.1247e+00 6.0019e+00 6.0388e+00 6.5569e+00
240 241 6.1247e+00 6.0019e+00 6.0388e+00 6.5569e+00
241 242 6.1247e+00 6.0019e+00 6.0388e+00 6.5569e+00
242 243 6.1247e+00 6.0019e+00 6.0388e+00 6.5569e+00
243 244 6.1247e+00 6.0019e+00 6.0388e+00 6.5569e+00
244 245 6.1247e+00 6.0019e+00 6.0388e+00 6.5569e+00
245 246 6.1247e+00 6.0019e+00 6.0388e+00 6.5569e+00
246 247 6.1247e+00 6.0019e+00 6.0388e+00 6.5569e+00
247 248 6.1247e+00 6.0019e+00 6.0388e+00 6.5569e+00
248 249 6.1247e+00 6.0019e+00 6.0388e+00 6.5569e+00
249 250 6.1247e+00 6.0019e+00 6.0388e+00 6.5569e+00
250 251 6.1247e+00 6.0019e+00 6.0388e+00 6.5569e+00
251 252 6.1247e+00 6.0019e+00 6.0388e+00 6.5569e+00
252 253 6.1247e+00 6.0019e+00 6.0388e+00 6.5569e+00
253 254 6.1247e+00 6.0019e+00 6.0388e+00 6.5569e+00
254 255 6.1247e+00 6.0019e+00 6.0388e+00 6.5569e+00
255 256 6.1247e+00 6.0019e+00 6.0388e+00 6.5569e+00
256 257 6.1247e+00 6.0019e+00 6.0388e+00 6.5569e+00
257 258 6.1247e+00 6.0019e+00 6.0388e+00 6.5569e+00
258 259 6.1247e+00 6.0019e+00 6.0388e+00 6.5569e+00
259 260 6.1247e+00 6.0019e+00 6.0388e+00 6.5569e+00
260 261 6.1247e+00 6.0019e+00 6.0388e+00 6.5569e+00
261 262 6.1247e+00 6.0019e+00 6.0388e+00 6.5569e+00
262 263 6.1247e+00 6.0019e+00 6.0388e+00 6.5569e+00
263 264 6.1247e+00 6.0019e+00 6.0388e+00 6.5569e+00
264 265 6.1247e+00 6.0019e+00 6.0388e+00 6.5569e+00
265 266 6.1247e+00 6.0019e+00 6.0388e+00 6.5569e+00
266 267 6.1247e+00 6.0019e+00 6.0388e+00 6.5569e+00
267 268 6.1247e+00 6.0019e+00 6.0388e+00 6.5569e+00
268 269 6.1247e+00 6.0019e+00 6.0388e+00 6.5569e+00
269 270 6.1247e+00 6.0019e+00 6.0388e+00 6.5569e+00
270 271 6.1247e+00 6.0019e+00 6.0388e+00 6.5569e+00
271 272 6.1247e+00 6.0019e+00 6.0388e+00 6.5569e+00
272 273 6.1247e+00 6.0019e+00 6.0388e+00 6.5569e+00
273 274 6.1247e+00 6.0019e+00 6.0388e+00 6.5569e+00
274 275 6.1247e+00 6.0019e+00 6.0388e+00 6.5569e+00
275 276 6.1247e+00 6.0019e+00 6.0388e+00 6.5569e+00
276 277 6.1247e+00 6.0019e+00 6.0388e+00 6.5569e+00
277 278 6.1247e+00 6.0019e+00 6.0388e+00 6.5569e+00
278 279 6.1247e+00 6.0019e+00 6.0388e+00 6.5569e+00
279 280 6.1247e+00 6.0019e+00 6.0388e+00 6.5569e+00
280 281 6.1247e+00 6.0019e+00 6.0388e+00 6.5569e+00
281 282 6.1247e+00 6.0019e+00 6.0388e+00 6.5569e+00
282 283 6.1247e+00 6.0019e+00 6.0388e+00 6.5569e+00
283 284 6.1247e+00 6.0019e+00 6.0388e+00 6.5569e+00
284 285 6.1247e+00 6.0019e+00 6.0388e+00 6.5569e+00
285 286 6.1247e+00 6.0019e+00 6.0388e+00 6.5569e+00
286 287 6.1247e+00 6.0019e+00 6.0388e+00 6.5569e+00
287 288 6.1247e+00 6.0019e+00 6.0388e+00 6.5569e+00
288 289 6.1247e+00 6.0019e+00 6.0388e+00 6.5569e+00
289 290 6.1247e+00 6.0019e+00 6.0388e+00 6.5569e+00
290 291 6.1247e+00 6.0019e+00 6.0388e+00 6.5569e+00
291 292 6.1247e+00 6.0019e+00 6.0388e+00 6.5569e+00
292 293 6.1247e+00 6.0019e+00 6.0388e+00 6.5569e+00
293 294 6.1247e+00 6.0019e+00 6.0388e+00 6.5569e+00
294 295 6.1247e+00 6.0019e+00 6.0388e+00 6.5569e+00
295 296 6.1247e+00 6.0019e+00 6.0388e+00 6.5569e+00
296 297 6.1247e+00 6.0019e+00 6.0388e+00 6.5569e+00
297 298 6.1247e+00 6.0019e+00 6.0388e+00 6.5569e+00
298 302 6.1247e+00 6.0019e+00 6.0388e+00 6.5569e+00
302 303 6.1247e+00 6.0019e+00 6.0388e+00 6.5569e+00
303 304 6.1247e+00 6.0019e+00 6.0388e+00 6.5569e+00
304 305 6.1247e+00 6.0019e+00 6.0388e+00 6.5569e+00
305 306 6.1247e+00 6.0019e+00 6.0388e+00 6.5569e+00
306 307 6.1247e+00 6.0019e+00 6.0388e+00 6.5569e+00
307 308 6.1247e+00 6.0019e+00 6.0388e+00 6.5569e+00
308 309 6.1247e+00 6.0019e+00 6.0388e+00 6.5569e+00
309 310 6.1247e+00 6.0019e+00 6.0388e+00 6.5569e+00
310 311 6.1247e+00 6.0019e+00 6.0388e+00 6.5569e+00
311 313 6.1247e+00 6.0019e+00 6.0388e+00 6.5569e+00
313 314 6.1247e+00 6.0019e+00 6.0388e+00 6.5569e+00
314 315 6.1247e+00 6.0019e+00 6.0388e+00 6.5569e+00
315 316 6.1247e+00 6.0019e+00 6.0388e+00 6.5569e+00
316 318 6.1247e+00 6.0019e+00 6.0388e+00 6.5569e+00
318 319 6.1247e+00 6.0019e+00 6.0388e+00 6.5569e+00
319 320 6.1247e+00 6.0019e+00 6.0388e+00 6.5569e+00
320 321 6.1247e+00 6.0019e+00 6.0388e+00 6.5569e+00
321 322 6.1247e+00 6.0019e+00 6.0388e+00 6.5569e+00
322 323 6.1247e+00 6.0019e+00 6.0388e+00 6.5569e+00
323 324 6.1247e+00 6.0019e+00 6.0388e+00 6.5569e+00
324 325 6.1247e+00 6.0019e+00 6.0388e+00 6.5569e+00
325 328 6.1247e+00 6.0019e+00 6.0388e+00 6.5569e+00
328 329 6.1247e+00 6.0019e+00 6.0388e+00 6.5569e+00
329 330 6.1247e+00 6.0019e+00 6.0388e+00 6.5569e+00
330 331 6.1247e+00 6.0019e+00 6.0388e+00 6.5569e+00
331 332 6.1247e+00 6.0019e+00 6.0388e+00 6.5569e+00
332 333 6.1247e+00 6.0019e+00 6.0388e+00 6.5569e+00
333 334 6.1247e+00 6.0019e+00 6.0388e+00 6.5569e+00
334 335 6.1247e+00 6.0019e+00 6.0388e+00 6.5569e+00
335 336 6.1247e+00 6.0019e+00 6.0388e+00 6.5569e+00
336 338 6.1247e+00 6.0019e+00 6.0388e+00 6.5569e+00
338 339 6.1247e+00 6.0019e+00 6.0388e+00 6.5569e+00
339 340 6.1247e+00 6.0019e+00 6.0388e+00 6.5569e+00
340 341 6.1247e+00 6.0019e+00 6.0388e+00 6.5569e+00
341 342 6.1247e+00 6.0019e+00 6.0388e+00 6.5569e+00
342 343 6.1247e+00 6.0019e+00 6.0388e+00 6.5569e+00
343 344 6.1247e+00 6.0019e+00 6.0388e+00 6.5569e+00
344 345 6.1247e+00 6.0019e+00 6.0388e+00 6.5569e+00
345 346 6.1247e+00 6.0019e+00 6.0388e+00 6.5569e+00
346 347 6.1247e+00 6.0019e+00 6.0388e+00 6.5569e+00
347 348 6.1247e+00 6.0019e+00 6.0388e+00 6.5569e+00
348 349 6.1247e+00 6.0019e+00 6.0388e+00 6.5569e+00
349 350 6.1247e+00 6.0019e+00 6.0388e+00 6.5569e+00
350 351 6.1247e+00 6.0019e+00 6.0388e+00 6.5569e+00
351 352 6.1247e+00 6.0019e+00 6.0388e+00 6.5569e+00
352 353 6.1247e+00 6.0019e+00 6.0388e+00 6.5569e+00
353 354 6.1247e+00 6.0019e+00 6.0388e+00 6.5569e+00
354 355 6.1247e+00 6.0019e+00 6.0388e+00 6.5569e+00
355 356 6.1247e+00 6.0019e+00 6.0388e+00 6.5569e+00
356 357 6.1247e+00 6.0019e+00 6.0388e+00 6.5569e+00
357 358 6.1247e+00 6.0019e+00 6.0388e+00 6.5569e+00
358 359 6.1247e+00 6.0019e+00 6.0388e+00 6.5569e+00
359 360 6.1247e+00 6.0019e+00 6.0388e+00 6.5569e+00
360 361 6.1247e+00 6.0019e+00 6.0388e+00 6.5569e+00
361 362 6.1247e+00 6.0019e+00 6.0388e+00 6.5569e+00
362 363 6.1247e+00 6.0019e+00 6.0388e+00 6.5569e+00
363 365 6.1247e+00 6.0019e+00 6.0388e+00 6.5569e+00
365 366 6.1247e+00 6.0019e+00 6.0388e+00 6.5569e+00
366 367 6.1247e+00 6.0019e+00 6.0388e+00 6.5569e+00
367 368 6.1247e+00 6.0019e+00 6.0388e+00 6.5569e+00
368 369 6.1247e+00 6.0019e+00 6.0388e+00 6.5569e+00
369 370 6.1247e+00 6.0019e+00 6.0388e+00 6.5569e+00
370 371 6.1247e+00 6.0019e+00 6.0388e+00 6.5569e+00
371 372 6.1247e+00 6.0019e+00 6.0388e+00 6.5569e+00
372 373 6.1247e+00 6.0019e+00 6.0388e+00 6.5569e+00
373 374 6.1247e+00 6.0019e+00 6.0388e+00 6.5569e+00
374 375 6.1247e+00 6.0019e+00 6.0388e+00 6.5569e+00
375 376 6.1247e+00 6.0019e+00 6.0388e+00 6.5569e+00
376 377 6.1247e+00 6.0019e+00 6.0388e+00 6.5569e+00
377 378 6.1247e+00 6.0019e+00 6.0388e+00 6.5569e+00
378 379 6.1247e+00 6.0019e+00 6.0388e+00 6.5569e+00
379 381 6.1247e+00 6.0019e+00 6.0388e+00 6.5569e+00
381 382 6.1247e+00 6.0019e+00 6.0388e+00 6.5569e+00
382 383 6.1247e+00 6.0019e+00 6.0388e+00 6.5569e+00
383 384 6.1247e+00 6.0019e+00 6.0388e+00 6.5569e+00
384 385 6.1247e+00 6.0019e+00 6.0388e+00 6.5569e+00
385 386 6.1247e+00 6.0019e+00 6.0388e+00 6.5569e+00
386 387 6.1247e+00 6.0019e+00 6.0388e+00 6.5569e+00
387 388 6.1247e+00 6.0019e+00 6.0388e+00 6.5569e+00
388 390 6.1247e+00 6.0019e+00 6.0388e+00 6.5569e+00
390 391 6.1247e+00 6.0019e+00 6.0388e+00 6.5569e+00
391 392 6.1247e+00 6.0019e+00 6.0388e+00 6.5569e+00
392 393 6.1247e+00 6.0019e+00 6.0388e+00 6.5569e+00
393 394 6.1247e+00 6.0019e+00 6.0388e+00 6.5569e+00
394 395 6.1247e+00 6.0019e+00 6.0388e+00 6.5569e+00
395 396 6.1247e+00 6.0019e+00 6.0388e+00 6.5569e+00
396 397 6.1247e+00 6.0019e+00 6.0388e+00 6.5569e+00
397 399 6.1247e+00 6.0019e+00 6.0388e+00 6.5569e+00
399 400 6.1247e+00 6.0019e+00 6.0388e+00 6.5569e+00
400 401 6.1247e+00 6.0019e+00 6.0388e+00 6.5569e+00
401 402 6.1247e+00 6.0019e+00 6.0388e+00 6.5569e+00
402 403 6.1247e+00 6.0019e+00 6.0388e+00 6.5569e+00
403 405 6.1247e+00 6.0019e+00 6.0388e+00 6.5569e+00
405 406 6.1247e+00 6.0019e+00 6.0388e+00 6.5569e+00
406 407 6.1247e+00 6.0019e+00 6.0388e+00 6.5569e+00
407 408 6.1247e+00 6.0019e+00 6.0388e+00 6.5569e+00
408 409 6.1247e+00 6.0019e+00 6.0388e+00 6.5569e+00
409 410 6.1247e+00 6.0019e+00 6.0388e+00 6.5569e+00
410 411 6.1247e+00 6.0019e+00 6.0388e+00 6.5569e+00
411 412 6.1247e+00 6.0019e+00 6.0388e+00 6.5569e+00
412 413 6.1247e+00 6.0019e+00 6.0388e+00 6.5569e+00
413 414 6.1247e+00 6.0019e+00 6.0388e+00 6.5569e+00
414 415 6.1247e+00 6.0019e+00 6.0388e+00 6.5569e+00
415 416 6.1247e+00 6.0019e+00 6.0388e+00 6.5569e+00
416 417 6.1247e+00 6.0019e+00 6.0388e+00 6.5569e+00
417 419 6.1247e+00 6.0019e+00 6.0388e+00 6.5569e+00
419 420 6.1247e+00 6.0019e+00 6.0388e+00 6.5569e+00
420 421 6.1247e+00 6.0019e+00 6.0388e+00 6.5569e+00
421 422 6.1247e+00 6.0019e+00 6.0388e+00 6.5569e+00
422 423 6.1247e+00 6.0019e+00 6.0388e+00 6.5569e+00
423 424 6.1247e+00 6.0019e+00 6.0388e+00 6.5569e+00
424 425 6.1247e+00 6.0019e+00 6.0388e+00 6.5569e+00
425 426 6.1247e+00 6.0019e+00 6.0388e+00 6.5569e+00
426 427 6.1247e+00 6.0019e+00 6.0388e+00 6.5569e+00
427 428 6.1247e+00 6.0019e+00 6.0388e+00 6.5569e+00
428 429 6.1247e+00 6.0019e+00 6.0388e+00 6.5569e+00
429 430 6.1247e+00 6.0019e+00 6.0388e+00 6.5569e+00
430 431 6.1247e+00 6.0019e+00 6.0388e+00 6.5569e+00
431 432 6.1247e+00 6.0019e+00 6.0388e+00 6.5569e+00
432 433 6.1247e+00 6.0019e+00 6.0388e+00 6.5569e+00
433 434 6.1247e+00 6.0019e+00 6.0388e+00 6.5569e+00
434 435 6.1247e+00 6.0019e+00 6.0388e+00 6.5569e+00
435 436 6.1247e+00 6.0019e+00 6.0388e+00 6.5569e+00
436 437 6.1247e+00 6.0019e+00 6.0388e+00 6.5569e+00
437 438 6.1247e+00 6.0019e+00 6.0388e+00 6.5569e+00
438 439 6.1247e+00 6.0019e+00 6.0388e+00 6.5569e+00
439 440 6.1247e+00 6.0019e+00 6.0388e+00 6.5569e+00
440 441 6.1247e+00 6.0019e+00 6.0388e+00 6.5569e+00
441 442 6.1247e+00 6.0019e+00 6.0388e+00 6.5569e+00
442 443 6.1247e+00 6.0019e+00 6.0388e+00 6.5569e+00
443 444 6.1247e+00 6.0019e+00 6.0388e+00 6.5569e+00
444 445 6.1247e+00 6.0019e+00 6.0388e+00 6.5569e+00
445 446 6.1247e+00 6.0019e+00 6.0388e+00 6.5569e+00
446 447 6.1247e+00 6.0019e+00 6.0388e+00 6.5569e+00
447 448 6.1247e+00 6.0019e+00 6.0388e+00 6.5569e+00
448 449 6.1247e+00 6.0019e+00 6.0388e+00 6.5569e+00
449 450 6.1247e+00 6.0019e+00 6.0388e+00 6.5569e+00
450 451 6.1247e+00 6.0019e+00 6.0388e+00 6.5569e+00
451 452 6.1247e+00 6.0019e+00 6.0388e+00 6.5569e+00
452 453 6.1247e+00 6.0019e+00 6.0388e+00 6.5569e+00
453 454 6.1247e+00 6.0019e+00 6.0388e+00 6.5569e+00
454 455 6.1247e+00 6.0019e+00 6.0388e+00 6.5569e+00
455 456 6.1247e+00 6.0019e+00 6.0388e+00 6.5569e+00
456 457 6.1247e+00 6.0019e+00 6.0388e+00 6.5569e+00
457 458 6.1247e+00 6.0019e+00 6.0388e+00 6.5569e+00
458 459 6.1247e+00 6.0019e+00 6.0388e+00 6.5569e+00
459 460 6.1247e+00 6.0019e+00 6.0388e+00 6.5569e+00
460 461 6.1247e+00 6.0019e+00 6.0388e+00 6.5569e+00
461 462 6.1247e+00 6.0019e+00 6.0388e+00 6.5569e+00
462 463 6.1247e+00 6.0019e+00 6.0388e+00 6.5569e+00
463 464 6.1247e+00 6.0019e+00 6.0388e+00 6.5569e+00
464 465 6.1247e+00 6.0019e+00 6.0388e+00 6.5569e+00
465 466 6.1247e+00 6.0019e+00 6.0388e+00 6.5569e+00
466 467 6.1247e+00 6.0019e+00 6.0388e+00 6.5569e+00
467 468 6.1247e+00 6.0019e+00 6.0388e+00 6.5569e+00
468 469 6.1247e+00 6.0019e+00 6.0388e+00 6.5569e+00
469 470 6.1247e+00 6.0019e+00 6.0388e+00 6.5569e+00
470 471 6.1247e+00 6.0019e+00 6.0388e+00 6.5569e+00
471 472 6.1247e+00 6.0019e+00 6.0388e+00 6.5569e+00
472 473 6.1247e+00 6.0019e+00 6.0388e+00 6.5569e+00
473 474 6.1247e+00 6.0019e+00 6.0388e+00 6.5569e+00
474 475 6.1247e+00 6.0019e+00 6.0388e+00 6.5569e+00
475 476 6.1247e+00 6.0019e+00 6.0388e+00 6.5569e+00
476 477 6.1247e+00 6.0019e+00 6.0388e+00 6.5569e+00
477 478 6.1247e+00 6.0019e+00 6.0388e+00 6.5569e+00
478 479 6.1247e+00 6.0019e+00 6.0388e+00 6.5569e+00
479 480 6.1247e+00 6.0019e+00 6.0388e+00 6.5569e+00
480 481 6.1247e+00 6.0019e+00 6.0388e+00 6.5569e+00
481 482 6.1247e+00 6.0019e+00 6.0388e+00 6.5569e+00
482 483 6.1247e+00 6.0019e+00 6.0388e+00 6.5569e+00
483 484 6.1247e+00 6.0019e+00 6.0388e+00 6.5569e+00
484 485 6.1247e+00 6.0019e+00 6.0388e+00 6.5569e+00
485 486 6.1247e+00 6.0019e+00 6.0388e+00 6.5569e+00
486 487 6.1247e+00 6.0019e+00 6.0388e+00 6.5569e+00
487 488 6.1247e+00 6.0019e+00 6.0388e+00 6.5569e+00
488 489 6.1247e+00 6.0019e+00 6.0388e+00 6.5569e+00
489 490 6.1247e+00 6.0019e+00 6.0388e+00 6.5569e+00
490 491 6.1247e+00 6.0019e+00 6.0388e+00 6.5569e+00
491 492 6.1247e+00 6.0019e+00 6.0388e+00 6.5569e+00
492 493 6.1247e+00 6.0019e+00 6.0388e+00 6.5569e+00
493 494 6.1247e+00 6.0019e+00 6.0388e+00 6.5569e+00
494 495 6.1247e+00 6.0019e+00 6.0388e+00 6.5569e+00
495 496 6.1247e+00 6.0019e+00 6.0388e+00 6.5569e+00
496 497 6.1247e+00 6.0019e+00 6.0388e+00 6.5569e+00
497 498 6.1247e+00 6.0019e+00 6.0388e+00 6.5569e+00
498 499 6.1247e+00 6.0019e+00 6.0388e+00 6.5569e+00
499 500 6.1247e+00 6.0019e+00 6.0388e+00 6.5569e+00
500 501 6.1247e+00 6.0019e+00 6.0388e+00 6.5569e+00
501 502 6.1247e+00 6.0019e+00 6.0388e+00 6.5569e+00
502 503 6.1247e+00 6.0019e+00 6.0388e+00 6.5569e+00
503 504 6.1247e+00 6.0019e+00 6.0388e+00 6.5569e+00
504 505 6.1247e+00 6.0019e+00 6.0388e+00 6.5569e+00
505 506 6.1247e+00 6.0019e+00 6.0388e+00 6.5569e+00
506 507 6.1247e+00 6.0019e+00 6.0388e+00 6.5569e+00
507 508 6.1247e+00 6.0019e+00 6.0388e+00 6.5569e+00
508 509 6.1247e+00 6.0019e+00 6.0388e+00 6.5569e+00
509 510 6.1247e+00 6.0019e+00 6.0388e+00 6.5569e+00
510 511 6.1247e+00 6.0019e+00 6.0388e+00 6.5569e+00
511 512 6.1247e+00 6.0019e+00 6.0388e+00 6.5569e+00
512 513 6.1247e+00 6.0019e+00 6.0388e+00 6.5569e+00
513 514 6.1247e+00 6.0019e+00 6.0388e+00 6.5569e+00
514 515 6.1247e+00 6.0019e+00 6.0388e+00 6.5569e+00
515 516 6.1247e+00 6.0019e+00 6.0388e+00 6.5569e+00
516 517 6.1247e+00 6.0019e+00 6.0388e+00 6.5569e+00
517 518 6.1247e+00 6.0019e+00 6.0388e+00 6.5569e+00
518 519 6.1247e+00 6.0019e+00 6.0388e+00 6.5569e+00
519 520 6.1247e+00 6.0019e+00 6.0388e+00 6.5569e+00
520 521 6.1247e+00 6.0019e+00 6.0388e+00 6.5569e+00
521 522 6.1247e+00 6.0019e+00 6.0388e+00 6.5569e+00
522 523 6.1247e+00 6.0019e+00 6.0388e+00 6.5569e+00
523 524 6.1247e+00 6.0019e+00 6.0388e+00 6.5569e+00
524 526 6.1247e+00 6.0019e+00 6.0388e+00 6.5569e+00
526 527 6.1247e+00 6.0019e+00 6.0388e+00 6.5569e+00
527 528 6.1247e+00 6.0019e+00 6.0388e+00 6.5569e+00
528 529 6.1247e+00 6.0019e+00 6.0388e+00 6.5569e+00
529 530 6.1247e+00 6.0019e+00 6.0388e+00 6.5569e+00
530 531 6.1247e+00 6.0019e+00 6.0388e+00 6.5569e+00
531 532 6.1247e+00 6.0019e+00 6.0388e+00 6.5569e+00
532 533 6.1247e+00 6.0019e+00 6.0388e+00 6.5569e+00
533 534 6.1247e+00 6.0019e+00 6.0388e+00 6.5569e+00
534 535 6.1247e+00 6.0019e+00 6.0388e+00 6.5569e+00
535 536 6.1247e+00 6.0019e+00 6.0388e+00 6.5569e+00
536 537 6.1247e+00 6.0019e+00 6.0388e+00 6.5569e+00
537 538 6.1247e+00 6.0019e+00 6.0388e+00 6.5569e+00
538 539 6.1247e+00 6.0019e+00 6.0388e+00 6.5569e+00
539 540 6.1247e+00 6.0019e+00 6.0388e+00 6.5569e+00
540 541 6.1247e+00 6.0019e+00 6.0388e+00 6.5569e+00
541 542 6.1247e+00 6.0019e+00 6.0388e+00 6.5569e+00
542 543 6.1247e+00 6.0019e+00 6.0388e+00 6.5569e+00
543 544 6.1247e+00 6.0019e+00 6.0388e+00 6.5569e+00
544 545 6.1247e+00 6.0019e+00 6.0388e+00 6.5569e+00
545 546 6.1247e+00 6.0019e+00 6.0388e+00 6.5569e+00
546 547 6.1247e+00 6.0019e+00 6.0388e+00 6.5569e+00
547 548 6.1247e+00 6.0019e+00 6.0388e+00 6.5569e+00
548 549 6.1247e+00 6.0019e+00 6.0388e+00 6.5569e+00
549 550 6.1247e+00 6.0019e+00 6.0388e+00 6.5569e+00
550 551 6.1247e+00 6.0019e+00 6.0388e+00 6.5569e+00
551 552 6.1247e+00 6.0019e+00 6.0388e+00 6.5569e+00
552 553 6.1247e+00 6.0019e+00 6.0388e+00 6.5569e+00
553 554 6.1247e+00 6.0019e+00 6.0388e+00 6.5569e+00
554 555 6.1247e+00 6.0019e+00 6.0388e+00 6.5569e+00
555 556 6.1247e+00 6.0019e+00 6.0388e+00 6.5569e+00
556 557 6.1247e+00 6.0019e+00 6.0388e+00 6.5569e+00
557 558 6.1247e+00 6.0019e+00 6.0388e+00 6.5569e+00
558 559 6.1247e+00 6.0019e+00 6.0388e+00 6.5569e+00
559 560 6.1247e+00 6.0019e+00 6.0388e+00 6.5569e+00
560 561 6.1247e+00 6.0019e+00 6.0388e+00 6.5569e+00
561 564 6.1247e+00 6.0019e+00 6.0388e+00 6.5569e+00
564 565 6.1247e+00 6.0019e+00 6.0388e+00 6.5569e+00
565 566 6.1247e+00 6.0019e+00 6.0388e+00 6.5569e+00
566 567 6.1247e+00 6.0019e+00 6.0388e+00 6.5569e+00
567 568 6.1247e+00 6.0019e+00 6.0388e+00 6.5569e+00
568 569 6.1247e+00 6.0019e+00 6.0388e+00 6.5569e+00
569 570 6.1247e+00 6.0019e+00 6.0388e+00 6.5569e+00
570 571 6.1247e+00 6.0019e+00 6.0388e+00 6.5569e+00
571 572 6.1247e+00 6.0019e+00 6.0388e+00 6.5569e+00
572 573 6.1247e+00 6.0019e+00 6.0388e+00 6.5569e+00
573 574 6.1247e+00 6.0019e+00 6.0388e+00 6.5569e+00
574 575 6.1247e+00 6.0019e+00 6.0388e+00 6.5569e+00
575 576 6.1247e+00 6.0019e+00 6.0388e+00 6.5569e+00
576 577 6.1247e+00 6.0019e+00 6.0388e+00 6.5569e+00
577 578 6.1247e+00 6.0019e+00 6.0388e+00 6.5569e+00
578 579 6.1247e+00 6.0019e+00 6.0388e+00 6.5569e+00
579 580 6.1247e+00 6.0019e+00 6.0388e+00 6.5569e+00
580 581 6.1247e+00 6.0019e+00 6.0388e+00 6.5569e+00
581 582 6.1247e+00 6.0019e+00 6.0388e+00 6.5569e+00
582 583 6.1247e+00 6.0019e+00 6.0388e+00 6.5569e+00
583 584 6.1247e+00 6.0019e+00 6.0388e+00 6.5569e+00
584 585 6.1247e+00 6.0019e+00 6.0388e+00 6.5569e+00
585 586 6.1247e+00 6.0019e+00 6.0388e+00 6.5569e+00
586 587 6.1247e+00 6.0019e+00 6.0388e+00 6.5569e+00
587 588 6.1247e+00 6.0019e+00 6.0388e+00 6.5569e+00
588 589 6.1247e+00 6.0019e+00 6.0388e+00 6.5569e+00
589 590 6.1247e+00 6.0019e+00 6.0388e+00 6.5569e+00
590 591 6.1247e+00 6.0019e+00 6.0388e+00 6.5569e+00
591 592 6.1247e+00 6.0019e+00 6.0388e+00 6.5569e+00
592 593 6.1247e+00 6.0019e+00 6.0388e+00 6.5569e+00
593 594 6.1247e+00 6.0019e+00 6.0388e+00 6.5569e+00
594 596 6.1247e+00 6.0019e+00 6.0388e+00 6.5569e+00
596 597 6.1247e+00 6.0019e+00 6.0388e+00 6.5569e+00
597 598 6.1247e+00 6.0019e+00 6.0388e+00 6.5569e+00
598 599 6.1247e+00 6.0019e+00 6.0388e+00 6.5569e+00
599 600 6.1247e+00 6.0019e+00 6.0388e+00 6.5569e+00
600 601 6.1247e+00 6.0019e+00 6.0388e+00 6.5569e+00
601 602 6.1247e+00 6.0019e+00 6.0388e+00 6.5569e+00
602 603 6.1247e+00 6.0019e+00 6.0388e+00 6.5569e+00
603 604 6.1247e+00 6.0019e+00 6.0388e+00 6.5569e+00
604 605 6.1247e+00 6.0019e+00 6.0388e+00 6.5569e+00
605 606 6.1247e+00 6.0019e+00 6.0388e+00 6.5569e+00
606 607 6.1247e+00 6.0019e+00 6.0388e+00 6.5569e+00
607 608 6.1247e+00 6.0019e+00 6.0388e+00 6.5569e+00
608 609 6.1247e+00 6.0019e+00 6.0388e+00 6.5569e+00
609 610 6.1247e+00 6.0019e+00 6.0388e+00 6.5569e+00
610 611 6.1247e+00 6.0019e+00 6.0388e+00 6.5569e+00
611 612 6.1247e+00 6.0019e+00 6.0388e+00 6.5569e+00
612 613 6.1247e+00 6.0019e+00 6.0388e+00 6.5569e+00
613 614 6.1247e+00 6.0019e+00 6.0388e+00 6.5569e+00
614 615 6.1247e+00 6.0019e+00 6.0388e+00 6.5569e+00
615 616 6.1247e+00 6.0019e+00 6.0388e+00 6.5569e+00
616 617 6.1247e+00 6.0019e+00 6.0388e+00 6.5569e+00
617 618 6.1247e+00 6.0019e+00 6.0388e+00 6.5569e+00
618 619 6.1247e+00 6.0019e+00 6.0388e+00 6.5569e+00
619 620 6.1247e+00 6.0019e+00 6.0388e+00 6.5569e+00
620 621 6.1247e+00 6.0019e+00 6.0388e+00 6.5569e+00
621 622 6.1247e+00 6.0019e+00 6.0388e+00 6.5569e+00
622 623 6.1247e+00 6.0019e+00 6.0388e+00 6.5569e+00
623 624 6.1247e+00 6.0019e+00 6.0388e+00 6.5569e+00
624 625 6.1247e+00 6.0019e+00 6.0388e+00 6.5569e+00
625 626 6.1247e+00 6.0019e+00 6.0388e+00 6.5569e+00
626 627 6.1247e+00 6.0019e+00 6.0388e+00 6.5569e+00
627 628 6.1247e+00 6.0019e+00 6.0388e+00 6.5569e+00
628 629 6.1247e+00 6.0019e+00 6.0388e+00 6.5569e+00
629 630 6.1247e+00 6.0019e+00 6.0388e+00 6.5569e+00
630 631 6.1247e+00 6.0019e+00 6.0388e+00 6.5569e+00
631 632 6.1247e+00 6.0019e+00 6.0388e+00 6.5569e+00
632 633 6.1247e+00 6.0019e+00 6.0388e+00 6.5569e+00
633 634 6.1247e+00 6.0019e+00 6.0388e+00 6.5569e+00
634 635 6.1247e+00 6.0019e+00 6.0388e+00 6.5569e+00
635 636 6.1247e+00 6.0019e+00 6.0388e+00 6.5569e+00
636 637 6.1247e+00 6.0019e+00 6.0388e+00 6.5569e+00
637 638 6.1247e+00 6.0019e+00 6.0388e+00 6.5569e+00
638 639 6.1247e+00 6.0019e+00 6.0388e+00 6.5569e+00
639 640 6.1247e+00 6.0019e+00 6.0388e+00 6.5569e+00
640 641 6.1247e+00 6.0019e+00 6.0388e+00 6.5569e+00
641 642 6.1247e+00 6.0019e+00 6.0388e+00 6.5569e+00
642 643 6.1247e+00 6.0019e+00 6.0388e+00 6.5569e+00
643 644 6.1247e+00 6.0019e+00 6.0388e+00 6.5569e+00
644 645 6.1247e+00 6.0019e+00 6.0388e+00 6.5569e+00
645 646 6.1247e+00 6.0019e+00 6.0388e+00 6.5569e+00
646 647 6.1247e+00 6.0019e+00 6.0388e+00 6.5569e+00
647 648 6.1247e+00 6.0019e+00 6.0388e+00 6.5569e+00
648 649 6.1247e+00 6.0019e+00 6.0388e+00 6.5569e+00
649 650 6.1247e+00 6.0019e+00 6.0388e+00 6.5569e+00
650 651 6.1247e+00 6.0019e+00 6.0388e+00 6.5569e+00
651 653 6.1247e+00 6.0019e+00 6.0388e+00 6.5569e+00
653 654 6.1247e+00 6.0019e+00 6.0388e+00 6.5569e+00
654 655 6.1247e+00 6.0019e+00 6.0388e+00 6.5569e+00
655 656 6.1247e+00 6.0019e+00 6.0388e+00 6.5569e+00
656 657 6.1247e+00 6.0019e+00 6.0388e+00 6.5569e+00
657 658 6.1247e+00 6.0019e+00 6.0388e+00 6.5569e+00
658 659 6.1247e+00 6.0019e+00 6.0388e+00 6.5569e+00
659 660 6.1247e+00 6.0019e+00 6.0388e+00 6.5569e+00
660 661 6.1247e+00 6.0019e+00 6.0388e+00 6.5569e+00
661 662 6.1247e+00 6.0019e+00 6.0388e+00 6.5569e+00
662 663 6.1247e+00 6.0019e+00 6.0388e+00 6.5569e+00
663 664 6.1247e+00 6.0019e+00 6.0388e+00 6.5569e+00
664 665 6.1247e+00 6.0019e+00 6.0388e+00 6.5569e+00
665 666 6.1247e+00 6.0019e+00 6.0388e+00 6.5569e+00
666 667 6.1247e+00 6.0019e+00 6.0388e+00 6.5569e+00
667 668 6.1247e+00 6.0019e+00 6.0388e+00 6.5569e+00
668 669 6.1247e+00 6.0019e+00 6.0388e+00 6.5569e+00
669 670 6.1247e+00 6.0019e+00 6.0388e+00 6.5569e+00
670 671 6.1247e+00 6.0019e+00 6.0388e+00 6.5569e+00
671 673 6.1247e+00 6.0019e+00 6.0388e+00 6.5569e+00
673 674 6.1247e+00 6.0019e+00 6.0388e+00 6.5569e+00
674 675 6.1247e+00 6.0019e+00 6.0388e+00 6.5569e+00
675 676 6.1247e+00 6.0019e+00 6.0388e+00 6.5569e+00
676 677 6.1247e+00 6.0019e+00 6.0388e+00 6.5569e+00
677 678 6.1247e+00 6.0019e+00 6.0388e+00 6.5569e+00
678 679 6.1247e+00 6.0019e+00 6.0388e+00 6.5569e+00
679 680 6.1247e+00 6.0019e+00 6.0388e+00 6.5569e+00
680 681 6.1247e+00 6.0019e+00 6.0388e+00 6.5569e+00
681 682 6.1247e+00 6.0019e+00 6.0388e+00 6.5569e+00
682 683 6.1247e+00 6.0019e+00 6.0388e+00 6.5569e+00
683 684 6.1247e+00 6.0019e+00 6.0388e+00 6.5569e+00
684 685 6.1247e+00 6.0019e+00 6.0388e+00 6.5569e+00
685 686 6.1247e+00 6.0019e+00 6.0388e+00 6.5569e+00
686 687 6.1247e+00 6.0019e+00 6.0388e+00 6.5569e+00
687 688 6.1247e+00 6.0019e+00 6.0388e+00 6.5569e+00
688 689 6.1247e+00 6.0019e+00 6.0388e+00 6.5569e+00
689 690 6.1247e+00 6.0019e+00 6.0388e+00 6.5569e+00
690 691 6.1247e+00 6.0019e+00 6.0388e+00 6.5569e+00
691 692 6.1247e+00 6.0019e+00 6.0388e+00 6.5569e+00
692 693 6.1247e+00 6.0019e+00 6.0388e+00 6.5569e+00
693 694 6.1247e+00 6.0019e+00 6.0388e+00 6.5569e+00
694 695 6.1247e+00 6.0019e+00 6.0388e+00 6.5569e+00
695 697 6.1247e+00 6.0019e+00 6.0388e+00 6.5569e+00
697 699 6.1247e+00 6.0019e+00 6.0388e+00 6.5569e+00
699 700 6.1247e+00 6.0019e+00 6.0388e+00 6.5569e+00
700 701 6.1247e+00 6.0019e+00 6.0388e+00 6.5569e+00
701 702 6.1247e+00 6.0019e+00 6.0388e+00 6.5569e+00
702 703 6.1247e+00 6.0019e+00 6.0388e+00 6.5569e+00
703 704 6.1247e+00 6.0019e+00 6.0388e+00 6.5569e+00
704 705 6.1247e+00 6.0019e+00 6.0388e+00 6.5569e+00
705 706 6.1247e+00 6.0019e+00 6.0388e+00 6.5569e+00
706 707 6.1247e+00 6.0019e+00 6.0388e+00 6.5569e+00
707 708 6.1247e+00 6.0019e+00 6.0388e+00 6.5569e+00
708 709 6.1247e+00 6.0019e+00 6.0388e+00 6.5569e+00
709 710 6.1247e+00 6.0019e+00 6.0388e+00 6.5569e+00
710 711 6.1247e+00 6.0019e+00 6.0388e+00 6.5569e+00
711 712 6.1247e+00 6.0019e+00 6.0388e+00 6.5569e+00
712 713 6.1247e+00 6.0019e+00 6.0388e+00 6.5569e+00
713 714 6.1247e+00 6.0019e+00 6.0388e+00 6.5569e+00
714 715 6.1247e+00 6.0019e+00 6.0388e+00 6.5569e+00
715 716 6.1247e+00 6.0019e+00 6.0388e+00 6.5569e+00
716 717 6.1247e+00 6.0019e+00 6.0388e+00 6.5569e+00
717 718 6.1247e+00 6.0019e+00 6.0388e+00 6.5569e+00
718 719 6.1247e+00 6.0019e+00 6.0388e+00 6.5569e+00
719 720 6.1247e+00 6.0019e+00 6.0388e+00 6.5569e+00
720 721 6.1247e+00 6.0019e+00 6.0388e+00 6.5569e+00
721 722 6.1247e+00 6.0019e+00 6.0388e+00 6.5569e+00
722 723 6.1247e+00 6.0019e+00 6.0388e+00 6.5569e+00
723 724 6.1247e+00 6.0019e+00 6.0388e+00 6.5569e+00
724 725 6.1247e+00 6.0019e+00 6.0388e+00 6.5569e+00
725 726 6.1247e+00 6.0019e+00 6.0388e+00 6.5569e+00
726 727 6.1247e+00 6.0019e+00 6.0388e+00 6.5569e+00
727 728 6.1247e+00 6.0019e+00 6.0388e+00 6.5569e+00
728 729 6.1247e+00 6.0019e+00 6.0388e+00 6.5569e+00
729 730 6.1247e+00 6.0019e+00 6.0388e+00 6.5569e+00
730 731 6.1247e+00 6.0019e+00 6.0388e+00 6.5569e+00
731 732 6.1247e+00 6.0019e+00 6.0388e+00 6.5569e+00
732 733 6.1247e+00 6.0019e+00 6.0388e+00 6.5569e+00
733 734 6.1247e+00 6.0019e+00 6.0388e+00 6.5569e+00
734 735 6.1247e+00 6.0019e+00 6.0388e+00 6.5569e+00
735 736 6.1247e+00 6.0019e+00 6.0388e+00 6.5569e+00
736 737 6.1247e+00 6.0019e+00 6.0388e+00 6.5569e+00
737 738 6.1247e+00 6.0019e+00 6.0388e+00 6.5569e+00
738 739 6.1247e+00 6.0019e+00 6.0388e+00 6.5569e+00
739 740 6.1247e+00 6.0019e+00 6.0388e+00 6.5569e+00
740 741 6.1247e+00 6.0019e+00 6.0388e+00 6.5569e+00
741 742 6.1247e+00 6.0019e+00 6.0388e+00 6.5569e+00
742 743 6.1247e+00 6.0019e+00 6.0388e+00 6.5569e+00
743 744 6.1247e+00 6.0019e+00 6.0388e+00 6.5569e+00
744 745 6.1247e+00 6.0019e+00 6.0388e+00 6.5569e+00
745 746 6.1247e+00 6.0019e+00 6.0388e+00 6.5569e+00
746 747 6.1247e+00 6.0019e+00 6.0388e+00 6.5569e+00
747 748 6.1247e+00 6.0019e+00 6.0388e+00 6.5569e+00
748 749 6.1247e+00 6.0019e+00 6.0388e+00 6.5569e+00
749 750 6.1247e+00 6.0019e+00 6.0388e+00 6.5569e+00
750 751 6.1247e+00 6.0019e+00 6.0388e+00 6.5569e+00
751 752 6.1247e+00 6.0019e+00 6.0388e+00 6.5569e+00
752 753 6.1247e+00 6.0019e+00 6.0388e+00 6.5569e+00
753 754 6.1247e+00 6.0019e+00 6.0388e+00 6.5569e+00
754 755 6.1247e+00 6.0019e+00 6.0388e+00 6.5569e+00
755 756 6.1247e+00 6.0019e+00 6.0388e+00 6.5569e+00
756 758 6.1247e+00 6.0019e+00 6.0388e+00 6.5569e+00
758 759 6.1247e+00 6.0019e+00 6.0388e+00 6.5569e+00
759 760 6.1247e+00 6.0019e+00 6.0388e+00 6.5569e+00
760 761 6.1247e+00 6.0019e+00 6.0388e+00 6.5569e+00
761 762 6.1247e+00 6.0019e+00 6.0388e+00 6.5569e+00
762 763 6.1247e+00 6.0019e+00 6.0388e+00 6.5569e+00
763 764 6.1247e+00 6.0019e+00 6.0388e+00 6.5569e+00
764 765 6.1247e+00 6.0019e+00 6.0388e+00 6.5569e+00
765 766 6.1247e+00 6.0019e+00 6.0388e+00 6.5569e+00
766 767 6.1247e+00 6.0019e+00 6.0388e+00 6.5569e+00
767 768 6.1247e+00 6.0019e+00 6.0388e+00 6.5569e+00
768 769 6.1247e+00 6.0019e+00 6.0388e+00 6.5569e+00
769 770 6.1247e+00 6.0019e+00 6.0388e+00 6.5569e+00
770 771 6.1247e+00 6.0019e+00 6.0388e+00 6.5569e+00
771 772 6.1247e+00 6.0019e+00 6.0388e+00 6.5569e+00
772 773 6.1247e+00 6.0019e+00 6.0388e+00 6.5569e+00
773 774 6.1247e+00 6.0019e+00 6.0388e+00 6.5569e+00
774 775 6.1247e+00 6.0019e+00 6.0388e+00 6.5569e+00
775 776 6.1247e+00 6.0019e+00 6.0388e+00 6.5569e+00
776 777 6.1247e+00 6.0019e+00 6.0388e+00 6.5569e+00
777 778 6.1247e+00 6.0019e+00 6.0388e+00 6.5569e+00
778 779 6.1247e+00 6.0019e+00 6.0388e+00 6.5569e+00
779 780 6.1247e+00 6.0019e+00 6.0388e+00 6.5569e+00
780 781 6.1247e+00 6.0019e+00 6.0388e+00 6.5569e+00
781 782 6.1247e+00 6.0019e+00 6.0388e+00 6.5569e+00
782 783 6.1247e+00 6.0019e+00 6.0388e+00 6.5569e+00
783 784 6.1247e+00 6.0019e+00 6.0388e+00 6.5569e+00
784 785 6.1247e+00 6.0019e+00 6.0388e+00 6.5569e+00
785 786 6.1247e+00 6.0019e+00 6.0388e+00 6.5569e+00
786 787 6.1247e+00 6.0019e+00 6.0388e+00 6.5569e+00
787 788 6.1247e+00 6.0019e+00 6.0388e+00 6.5569e+00
788 789 6.1247e+00 6.0019e+00 6.0388e+00 6.5569e+00
789 790 6.1247e+00 6.0019e+00 6.0388e+00 6.5569e+00
790 791 6.1247e+00 6.0019e+00 6.0388e+00 6.5569e+00
791 792 6.1247e+00 6.0019e+00 6.0388e+00 6.5569e+00
792 793 6.1247e+00 6.0019e+00 6.0388e+00 6.5569e+00
793 794 6.1247e+00 6.0019e+00 6.0388e+00 6.5569e+00
794 795 6.1247e+00 6.0019e+00 6.0388e+00 6.5569e+00
795 796 6.1247e+00 6.0019e+00 6.0388e+00 6.5569e+00
796 797 6.1247e+00 6.0019e+00 6.0388e+00 6.5569e+00
797 798 6.1247e+00 6.0019e+00 6.0388e+00 6.5569e+00
798 800 6.1247e+00 6.0019e+00 6.0388e+00 6.5569e+00
800 801 6.1247e+00 6.0019e+00 6.0388e+00 6.5569e+00
801 802 6.1247e+00 6.0019e+00 6.0388e+00 6.5569e+00
802 803 6.1247e+00 6.0019e+00 6.0388e+00 6.5569e+00
803 804 6.1247e+00 6.0019e+00 6.0388e+00 6.5569e+00
804 805 6.1247e+00 6.0019e+00 6.0388e+00 6.5569e+00
805 806 6.1247e+00 6.0019e+00 6.0388e+00 6.5569e+00
806 807 6.1247e+00 6.0019e+00 6.0388e+00 6.5569e+00
807 808 6.1247e+00 6.0019e+00 6.0388e+00 6.5569e+00
808 809 6.1247e+00 6.0019e+00 6.0388e+00 6.5569e+00
809 811 6.1247e+00 6.0019e+00 6.0388e+00 6.5569e+00
811 812 6.1247e+00 6.0019e+00 6.0388e+00 6.5569e+00
812 813 6.1247e+00 6.0019e+00 6.0388e+00 6.5569e+00
813 814 6.1247e+00 6.0019e+00 6.0388e+00 6.5569e+00
814 815 6.1247e+00 6.0019e+00 6.0388e+00 6.5569e+00
815 816 6.1247e+00 6.0019e+00 6.0388e+00 6.5569e+00
816 817 6.1247e+00 6.0019e+00 6.0388e+00 6.5569e+00
817 818 6.1247e+00 6.0019e+00 6.0388e+00 6.5569e+00
818 819 6.1247e+00 6.0019e+00 6.0388e+00 6.5569e+00
819 820 6.1247e+00 6.0019e+00 6.0388e+00 6.5569e+00
820 821 6.1247e+00 6.0019e+00 6.0388e+00 6.5569e+00
821 822 6.1247e+00 6.0019e+00 6.0388e+00 6.5569e+00
822 823 6.1247e+00 6.0019e+00 6.0388e+00 6.5569e+00
823 825 6.1247e+00 6.0019e+00 6.0388e+00 6.5569e+00
825 826 6.1247e+00 6.0019e+00 6.0388e+00 6.5569e+00
826 827 6.1247e+00 6.0019e+00 6.0388e+00 6.5569e+00
827 828 6.1247e+00 6.0019e+00 6.0388e+00 6.5569e+00
828 829 6.1247e+00 6.0019e+00 6.0388e+00 6.5569e+00
829 830 6.1247e+00 6.0019e+00 6.0388e+00 6.5569e+00
830 831 6.1247e+00 6.0019e+00 6.0388e+00 6.5569e+00
831 832 6.1247e+00 6.0019e+00 6.0388e+00 6.5569e+00
832 833 6.1247e+00 6.0019e+00 6.0388e+00 6.5569e+00
833 834 6.1247e+00 6.0019e+00 6.0388e+00 6.5569e+00
834 835 6.1247e+00 6.0019e+00 6.0388e+00 6.5569e+00
835 836 6.1247e+00 6.0019e+00 6.0388e+00 6.5569e+00
836 837 6.1247e+00 6.0019e+00 6.0388e+00 6.5569e+00
837 839 6.1247e+00 6.0019e+00 6.0388e+00 6.5569e+00
839 840 6.1247e+00 6.0019e+00 6.0388e+00 6.5569e+00
840 841 6.1247e+00 6.0019e+00 6.0388e+00 6.5569e+00
841 842 6.1247e+00 6.0019e+00 6.0388e+00 6.5569e+00
842 843 6.1247e+00 6.0019e+00 6.0388e+00 6.5569e+00
843 844 6.1247e+00 6.0019e+00 6.0388e+00 6.5569e+00
844 845 6.1247e+00 6.0019e+00 6.0388e+00 6.5569e+00
845 846 6.1247e+00 6.0019e+00 6.0388e+00 6.5569e+00
846 847 6.1247e+00 6.0019e+00 6.0388e+00 6.5569e+00
847 848 6.1247e+00 6.0019e+00 6.0388e+00 6.5569e+00
848 849 6.1247e+00 6.0019e+00 6.0388e+00 6.5569e+00
849 850 6.1247e+00 6.0019e+00 6.0388e+00 6.5569e+00
850 851 6.1247e+00 6.0019e+00 6.0388e+00 6.5569e+00
851 852 6.1247e+00 6.0019e+00 6.0388e+00 6.5569e+00
852 853 6.1247e+00 6.0019e+00 6.0388e+00 6.5569e+00
853 854 6.1247e+00 6.0019e+00 6.0388e+00 6.5569e+00
854 855 6.1247e+00 6.0019e+00 6.0388e+00 6.5569e+00
855 856 6.1247e+00 6.0019e+00 6.0388e+00 6.5569e+00
856 857 6.1247e+00 6.0019e+00 6.0388e+00 6.5569e+00
857 858 6.1247e+00 6.0019e+00 6.0388e+00 6.5569e+00
858 859 6.1247e+00 6.0019e+00 6.0388e+00 6.5569e+00
859 860 6.1247e+00 6.0019e+00 6.0388e+00 6.5569e+00
860 861 6.1247e+00 6.0019e+00 6.0388e+00 6.5569e+00
861 862 6.1247e+00 6.0019e+00 6.0388e+00 6.5569e+00
862 863 6.1247e+00 6.0019e+00 6.0388e+00 6.5569e+00
863 864 6.1247e+00 6.0019e+00 6.0388e+00 6.5569e+00
864 865 6.1247e+00 6.0019e+00 6.0388e+00 6.5569e+00
865 866 6.1247e+00 6.0019e+00 6.0388e+00 6.5569e+00
866 867 6.1247e+00 6.0019e+00 6.0388e+00 6.5569e+00
867 868 6.1247e+00 6.0019e+00 6.0388e+00 6.5569e+00
868 869 6.1247e+00 6.0019e+00 6.0388e+00 6.5569e+00
869 870 6.1247e+00 6.0019e+00 6.0388e+00 6.5569e+00
870 871 6.1247e+00 6.0019e+00 6.0388e+00 6.5569e+00
871 872 6.1246e+00 6.0019e+00 6.0388e+00 6.5569e+00
872 873 2.9803e+00 1.5697e+00 1.7490e+00 6.3622e+00
873 874 1.7342e+00 1.5605e+00 1.7025e+00 1.8725e+00
874 875 1.7342e+00 1.5605e+00 1.7025e+00 1.8725e+00
875 876 1.7052e+00 1.5586e+00 1.7017e+00 1.8524e+00
876 877 1.7040e+00 1.5586e+00 1.7017e+00 1.8524e+00
877 878 1.7040e+00 1.5586e+00 1.7017e+00 1.8524e+00
878 879 1.7040e+00 1.5586e+00 1.7017e+00 1.8524e+00
879 880 1.7040e+00 1.5586e+00 1.7017e+00 1.8524e+00
880 881 1.7040e+00 1.5586e+00 1.7017e+00 1.8524e+00
881 882 1.7040e+00 1.5586e+00 1.7017e+00 1.8524e+00
882 883 1.7040e+00 1.5586e+00 1.7017e+00 1.8524e+00
883 884 1.7040e+00 1.5586e+00 1.7017e+00 1.8524e+00
884 885 1.7040e+00 1.5586e+00 1.7017e+00 1.8524e+00
885 886 1.7040e+00 1.5586e+00 1.7017e+00 1.8524e+00
886 887 1.7040e+00 1.5586e+00 1.7017e+00 1.8524e+00
887 888 1.7040e+00 1.5586e+00 1.7017e+00 1.8524e+00
888 889 1.7040e+00 1.5586e+00 1.7017e+00 1.8524e+00
889 890 1.7040e+00 1.5586e+00 1.7017e+00 1.8524e+00
890 891 1.7040e+00 1.5586e+00 1.7017e+00 1.8524e+00
891 892 1.7040e+00 1.5586e+00 1.7017e+00 1.8524e+00
892 893 1.7040e+00 1.5586e+00 1.7017e+00 1.8524e+00
893 894 1.7040e+00 1.5586e+00 1.7017e+00 1.8524e+00
894 895 1.7040e+00 1.5586e+00 1.7017e+00 1.8524e+00
895 896 1.7040e+00 1.5586e+00 1.7017e+00 1.8524e+00
896 897 1.7040e+00 1.5586e+00 1.7017e+00 1.8524e+00
897 898 1.7040e+00 1.5586e+00 1.7017e+00 1.8524e+00
898 899 1.7040e+00 1.5586e+00 1.7017e+00 1.8524e+00
899 900 1.7040e+00 1.5586e+00 1.7017e+00 1.8524e+00
900 902 1.7040e+00 1.5586e+00 1.7017e+00 1.8524e+00
902 903 1.7040e+00 1.5586e+00 1.7017e+00 1.8524e+00
903 904 1.7040e+00 1.5586e+00 1.7017e+00 1.8524e+00
904 905 1.7040e+00 1.5586e+00 1.7017e+00 1.8524e+00
905 906 1.7040e+00 1.5586e+00 1.7017e+00 1.8524e+00
906 907 1.7040e+00 1.5586e+00 1.7017e+00 1.8524e+00
907 908 1.7040e+00 1.5586e+00 1.7017e+00 1.8524e+00
908 909 1.7040e+00 1.5586e+00 1.7017e+00 1.8524e+00
909 910 1.7040e+00 1.5586e+00 1.7017e+00 1.8524e+00
910 911 1.7040e+00 1.5586e+00 1.7017e+00 1.8524e+00
911 912 1.7040e+00 1.5586e+00 1.7017e+00 1.8524e+00
912 913 1.7040e+00 1.5586e+00 1.7017e+00 1.8524e+00
913 914 1.7040e+00 1.5586e+00 1.7017e+00 1.8524e+00
914 915 1.7040e+00 1.5586e+00 1.7017e+00 1.8524e+00
915 916 1.7040e+00 1.5586e+00 1.7017e+00 1.8524e+00
916 917 1.7040e+00 1.5586e+00 1.7017e+00 1.8524e+00
917 918 1.7040e+00 1.5586e+00 1.7017e+00 1.8524e+00
918 919 1.7040e+00 1.5586e+00 1.7017e+00 1.8524e+00
919 920 1.7040e+00 1.5586e+00 1.7017e+00 1.8524e+00
920 921 1.7040e+00 1.5586e+00 1.7017e+00 1.8524e+00
921 922 1.7040e+00 1.5586e+00 1.7017e+00 1.8524e+00
922 923 1.7040e+00 1.5586e+00 1.7017e+00 1.8524e+00
923 924 1.7040e+00 1.5586e+00 1.7017e+00 1.8524e+00
924 925 1.7040e+00 1.5586e+00 1.7017e+00 1.8524e+00
925 926 1.7040e+00 1.5586e+00 1.7017e+00 1.8524e+00
926 927 1.7040e+00 1.5586e+00 1.7017e+00 1.8524e+00
927 928 1.7040e+00 1.5586e+00 1.7017e+00 1.8524e+00
928 929 1.7040e+00 1.5586e+00 1.7017e+00 1.8524e+00
929 930 1.7024e+00 1.5562e+00 1.7015e+00 1.8524e+00
930 931 1.6922e+00 1.5389e+00 1.6996e+00 1.8524e+00
931 932 1.3522e+00 7.3646e-01 1.6315e+00 1.8277e+00
932 933 8.7251e-01 7.1642e-01 8.0681e-01 1.7009e+00
933 934 7.9923e-01 7.1584e-01 8.0386e-01 8.7762e-01
934 935 7.9740e-01 7.1584e-01 8.0385e-01 8.7587e-01
935 936 7.9720e-01 7.1584e-01 8.0385e-01 8.7587e-01
936 937 7.9720e-01 7.1584e-01 8.0385e-01 8.7587e-01
937 938 7.9720e-01 7.1584e-01 8.0385e-01 8.7587e-01
938 939 7.9720e-01 7.1584e-01 8.0385e-01 8.7587e-01
939 940 7.9720e-01 7.1584e-01 8.0385e-01 8.7587e-01
940 941 7.9720e-01 7.1584e-01 8.0385e-01 8.7587e-01
941 942 7.9720e-01 7.1584e-01 8.0385e-01 8.7587e-01
942 943 7.9720e-01 7.1584e-01 8.0385e-01 8.7587e-01
943 944 7.9720e-01 7.1584e-01 8.0385e-01 8.7587e-01
944 945 7.9720e-01 7.1584e-01 8.0385e-01 8.7587e-01
945 946 7.9720e-01 7.1584e-01 8.0385e-01 8.7587e-01
946 947 7.9720e-01 7.1584e-01 8.0385e-01 8.7587e-01
947 948 7.9720e-01 7.1584e-01 8.0385e-01 8.7587e-01
948 949 7.9720e-01 7.1584e-01 8.0385e-01 8.7587e-01
949 950 7.9720e-01 7.1584e-01 8.0385e-01 8.7587e-01
950 951 7.9720e-01 7.1584e-01 8.0385e-01 8.7587e-01
951 952 7.9720e-01 7.1584e-01 8.0385e-01 8.7587e-01
952 953 7.9720e-01 7.1584e-01 8.0385e-01 8.7587e-01
953 954 7.9720e-01 7.1584e-01 8.0385e-01 8.7587e-01
954 955 7.9720e-01 7.1584e-01 8.0385e-01 8.7587e-01
955 956 7.9720e-01 7.1584e-01 8.0385e-01 8.7587e-01
956 957 7.9720e-01 7.1584e-01 8.0385e-01 8.7587e-01
957 958 7.9720e-01 7.1584e-01 8.0385e-01 8.7587e-01
958 959 7.9720e-01 7.1584e-01 8.0385e-01 8.7587e-01
959 960 7.9720e-01 7.1584e-01 8.0385e-01 8.7587e-01
960 961 7.9720e-01 7.1584e-01 8.0385e-01 8.7587e-01
961 962 7.9720e-01 7.1584e-01 8.0385e-01 8.7587e-01
962 963 7.9720e-01 7.1584e-01 8.0385e-01 8.7587e-01
963 964 7.9720e-01 7.1584e-01 8.0385e-01 8.7587e-01
964 965 7.9720e-01 7.1584e-01 8.0385e-01 8.7587e-01
965 966 7.9720e-01 7.1584e-01 8.0385e-01 8.7587e-01
966 967 7.9720e-01 7.1584e-01 8.0385e-01 8.7587e-01
967 968 7.9720e-01 7.1584e-01 8.0385e-01 8.7587e-01
968 969 7.9720e-01 7.1584e-01 8.0385e-01 8.7587e-01
969 970 7.9720e-01 7.1584e-01 8.0385e-01 8.7587e-01
970 971 7.9720e-01 7.1584e-01 8.0385e-01 8.7587e-01
971 972 7.9720e-01 7.1584e-01 8.0385e-01 8.7587e-01
972 973 7.9720e-01 7.1584e-01 8.0385e-01 8.7587e-01
973 974 7.9720e-01 7.1584e-01 8.0385e-01 8.7587e-01
974 975 7.9720e-01 7.1584e-01 8.0385e-01 8.7587e-01
975 976 7.9720e-01 7.1584e-01 8.0385e-01 8.7587e-01
976 977 7.9720e-01 7.1584e-01 8.0385e-01 8.7587e-01
977 978 7.9720e-01 7.1584e-01 8.0385e-01 8.7587e-01
978 979 7.9720e-01 7.1584e-01 8.0385e-01 8.7587e-01
979 980 7.9720e-01 7.1584e-01 8.0385e-01 8.7587e-01
980 981 7.9720e-01 7.1584e-01 8.0385e-01 8.7587e-01
981 982 7.9720e-01 7.1584e-01 8.0385e-01 8.7587e-01
982 983 7.9720e-01 7.1584e-01 8.0385e-01 8.7587e-01
983 984 7.9974e-01 7.1584e-01 8.0385e-01 8.7587e-01
984 985 1.0420e+00 7.1584e-01 8.0535e-01 6.1172e+00
985 986 6.3869e+00 8.2232e-01 6.6272e+00 7.6190e+00
986 987 6.6680e+00 5.8686e+00 6.6394e+00 7.6693e+00
987 988 6.6810e+00 5.8745e+00 6.6400e+00 7.6693e+00
988 989 6.6810e+00 5.8745e+00 6.6400e+00 7.6693e+00
989 990 6.6810e+00 5.8745e+00 6.6400e+00 7.6693e+00
990 991 6.6810e+00 5.8745e+00 6.6400e+00 7.6693e+00
991 992 6.6810e+00 5.8745e+00 6.6400e+00 7.6693e+00
992 993 6.6810e+00 5.8745e+00 6.6400e+00 7.6693e+00
993 994 6.6810e+00 5.8745e+00 6.6400e+00 7.6693e+00
994 995 6.6810e+00 5.8745e+00 6.6400e+00 7.6693e+00
995 996 6.6810e+00 5.8745e+00 6.6400e+00 7.6693e+00
996 997 6.6810e+00 5.8745e+00 6.6400e+00 7.6693e+00
997 998 6.6810e+00 5.8745e+00 6.6400e+00 7.6693e+00
998 999 6.6810e+00 5.8745e+00 6.6400e+00 7.6693e+00
999 1000 6.6810e+00 5.8745e+00 6.6400e+00 7.6693e+00
1000 1001 6.6810e+00 5.8745e+00 6.6400e+00 7.6693e+00
1001 1002 6.6810e+00 5.8745e+00 6.6400e+00 7.6693e+00
1002 1003 6.6810e+00 5.8745e+00 6.6400e+00 7.6693e+00
1003 1004 6.6810e+00 5.8745e+00 6.6400e+00 7.6693e+00
1004 1005 6.6810e+00 5.8745e+00 6.6400e+00 7.6693e+00
1005 1006 6.6810e+00 5.8745e+00 6.6400e+00 7.6693e+00
1006 1007 6.6810e+00 5.8745e+00 6.6400e+00 7.6693e+00
1007 1008 6.6810e+00 5.8745e+00 6.6400e+00 7.6693e+00
1008 1009 6.6810e+00 5.8745e+00 6.6400e+00 7.6693e+00
1009 1010 6.6810e+00 5.8745e+00 6.6400e+00 7.6693e+00
1010 1011 6.6810e+00 5.8745e+00 6.6400e+00 7.6693e+00
1011 1012 6.6810e+00 5.8745e+00 6.6400e+00 7.6693e+00
1012 1013 6.6810e+00 5.8745e+00 6.6400e+00 7.6693e+00
1013 1014 6.6810e+00 5.8745e+00 6.6400e+00 7.6693e+00
1014 1015 6.6810e+00 5.8745e+00 6.6400e+00 7.6693e+00
1015 1016 6.6810e+00 5.8745e+00 6.6400e+00 7.6693e+00
1016 1017 6.6810e+00 5.8745e+00 6.6400e+00 7.6693e+00
1017 1018 6.6810e+00 5.8745e+00 6.6400e+00 7.6693e+00
1018 1019 6.6810e+00 5.8745e+00 6.6400e+00 7.6693e+00
1019 1020 6.6810e+00 5.8745e+00 6.6400e+00 7.6693e+00
1020 1021 6.6810e+00 5.8745e+00 6.6400e+00 7.6693e+00
1021 1022 6.6810e+00 5.8745e+00 6.6400e+00 7.6693e+00
1022 1023 6.6810e+00 5.8745e+00 6.6400e+00 7.6693e+00
1023 1024 6.6810e+00 5.8745e+00 6.6400e+00 7.6693e+00
1024 1025 6.6810e+00 5.8745e+00 6.6400e+00 7.6693e+00
1025 1026 6.6810e+00 5.8745e+00 6.6400e+00 7.6693e+00
1026 1027 6.6810e+00 5.8745e+00 6.6400e+00 7.6693e+00
1027 1028 6.6810e+00 5.8745e+00 6.6400e+00 7.6693e+00
1028 1029 6.6810e+00 5.8745e+00 6.6400e+00 7.6693e+00
1029 1030 6.6810e+00 5.8745e+00 6.6400e+00 7.6693e+00
1030 1031 6.6810e+00 5.8745e+00 6.6400e+00 7.6693e+00
1031 1032 6.6810e+00 5.8745e+00 6.6400e+00 7.6693e+00
1032 1033 6.6810e+00 5.8745e+00 6.6400e+00 7.6693e+00
1033 1034 6.6810e+00 5.8745e+00 6.6400e+00 7.6693e+00
1034 1035 6.6810e+00 5.8745e+00 6.6400e+00 7.6693e+00
1035 1037 6.6810e+00 5.8745e+00 6.6400e+00 7.6693e+00
1037 1038 6.6810e+00 5.8745e+00 6.6400e+00 7.6693e+00
1038 1039 6.6810e+00 5.8745e+00 6.6400e+00 7.6693e+00
1039 1041 6.6810e+00 5.8745e+00 6.6400e+00 7.6693e+00
1041 1042 6.6810e+00 5.8745e+00 6.6400e+00 7.6693e+00
1042 1043 6.6810e+00 5.8745e+00 6.6400e+00 7.6693e+00
1043 1044 6.6810e+00 5.8745e+00 6.6400e+00 7.6693e+00
1044 1045 6.6810e+00 5.8745e+00 6.6400e+00 7.6693e+00
1045 1046 6.6810e+00 5.8745e+00 6.6400e+00 7.6693e+00
1046 1047 6.6810e+00 5.8745e+00 6.6400e+00 7.6693e+00
1047 1048 6.6810e+00 5.8745e+00 6.6400e+00 7.6693e+00
1048 1049 6.6810e+00 5.8745e+00 6.6400e+00 7.6693e+00
1049 1052 6.6810e+00 5.8745e+00 6.6400e+00 7.6693e+00
1052 1053 6.6810e+00 5.8745e+00 6.6400e+00 7.6693e+00
1053 1054 6.6810e+00 5.8745e+00 6.6400e+00 7.6693e+00
1054 1055 6.6810e+00 5.8745e+00 6.6400e+00 7.6693e+00
1055 1056 6.6810e+00 5.8745e+00 6.6400e+00 7.6693e+00
1056 1057 6.6810e+00 5.8745e+00 6.6400e+00 7.6693e+00
1057 1058 6.6810e+00 5.8745e+00 6.6400e+00 7.6693e+00
1058 1059 6.6810e+00 5.8745e+00 6.6400e+00 7.6693e+00
1059 1060 6.6810e+00 5.8745e+00 6.6400e+00 7.6693e+00
1060 1061 6.6810e+00 5.8745e+00 6.6400e+00 7.6693e+00
1061 1062 6.6810e+00 5.8745e+00 6.6400e+00 7.6693e+00
1062 1064 6.6810e+00 5.8745e+00 6.6400e+00 7.6693e+00
1064 1065 6.6810e+00 5.8745e+00 6.6400e+00 7.6693e+00
1065 1066 6.6810e+00 5.8745e+00 6.6400e+00 7.6693e+00
1066 1067 6.6810e+00 5.8745e+00 6.6400e+00 7.6693e+00
1067 1068 6.6810e+00 5.8745e+00 6.6400e+00 7.6693e+00
1068 1069 6.6810e+00 5.8745e+00 6.6400e+00 7.6693e+00
1069 1070 6.6810e+00 5.8745e+00 6.6400e+00 7.6693e+00
1070 1071 6.6810e+00 5.8745e+00 6.6400e+00 7.6693e+00
1071 1072 6.6810e+00 5.8745e+00 6.6400e+00 7.6693e+00
1072 1073 6.6810e+00 5.8745e+00 6.6400e+00 7.6693e+00
1073 1074 6.6810e+00 5.8745e+00 6.6400e+00 7.6693e+00
1074 1075 6.6810e+00 5.8745e+00 6.6400e+00 7.6693e+00
1075 1076 6.6810e+00 5.8745e+00 6.6400e+00 7.6693e+00
1076 1077 6.6810e+00 5.8745e+00 6.6400e+00 7.6693e+00
1077 1078 6.6810e+00 5.8745e+00 6.6400e+00 7.6693e+00
1078 1079 6.6810e+00 5.8745e+00 6.6400e+00 7.6693e+00
1079 1080 6.6810e+00 5.8745e+00 6.6400e+00 7.6693e+00
1080 1081 6.6810e+00 5.8745e+00 6.6400e+00 7.6693e+00
1081 1082 6.6810e+00 5.8745e+00 6.6400e+00 7.6693e+00
1082 1083 6.6810e+00 5.8745e+00 6.6400e+00 7.6693e+00
1083 1084 6.6810e+00 5.8745e+00 6.6400e+00 7.6693e+00
1084 1085 6.6643e+00 5.8686e+00 6.6389e+00 7.6584e+00
1085 1086 5.4229e-01 4.3235e-01 5.2157e-01 6.2248e-01
1086 1087 5.2386e-01 4.3235e-01 5.2127e-01 6.2152e-01
1087 1088 5.2386e-01 4.3235e-01 5.2127e-01 6.2152e-01
1088 1089 5.2386e-01 4.3235e-01 5.2127e-01 6.2152e-01
1089 1090 5.2386e-01 4.3235e-01 5.2127e-01 6.2152e-01
1090 1091 5.2386e-01 4.3235e-01 5.2127e-01 6.2152e-01
1091 1093 5.2386e-01 4.3235e-01 5.2127e-01 6.2152e-01
1093 1094 5.2386e-01 4.3235e-01 5.2127e-01 6.2152e-01
1094 1095 5.2386e-01 4.3235e-01 5.2127e-01 6.2152e-01
1095 1096 5.2386e-01 4.3235e-01 5.2127e-01 6.2152e-01
1096 1097 5.2386e-01 4.3235e-01 5.2127e-01 6.2152e-01
1097 1098 5.2386e-01 4.3235e-01 5.2127e-01 6.2152e-01
1098 1099 5.2386e-01 4.3235e-01 5.2127e-01 6.2152e-01
1099 1100 5.2386e-01 4.3235e-01 5.2127e-01 6.2152e-01
1100 1101 5.2386e-01 4.3235e-01 5.2127e-01 6.2152e-01
1101 1102 5.2386e-01 4.3235e-01 5.2127e-01 6.2152e-01
1102 1103 5.2386e-01 4.3235e-01 5.2127e-01 6.2152e-01
1103 1104 5.2386e-01 4.3235e-01 5.2127e-01 6.2152e-01
1104 1105 5.2386e-01 4.3235e-01 5.2127e-01 6.2152e-01
1105 1106 5.2386e-01 4.3235e-01 5.2127e-01 6.2152e-01
1106 1107 5.3013e-01 4.3235e-01 5.2141e-01 6.2220e-01
1107 1108 1.1585e+01 8.1124e+00 1.1251e+01 1.6570e+01
1108 1109 1.1585e+01 8.1124e+00 1.1251e+01 1.6570e+01
1109 1110 1.1585e+01 8.1124e+00 1.1251e+01 1.6570e+01
1110 1111 1.1585e+01 8.1124e+00 1.1251e+01 1.6570e+01
1111 1112 1.1585e+01 8.1124e+00 1.1251e+01 1.6570e+01
1112 1113 1.1585e+01 8.1124e+00 1.1251e+01 1.6570e+01
