# parameters
version_bit_string:13816762181795971082,seed:5489,burn_in:100000,num_iter:1000000,stats_thin:1000,block_penalty:50,prior_rate_mean:1,window_size:50,partition_length:4001,overlap_length:200,pade_resolution:10,pade_max:1000,max_lk_start:0.001,max_lk_resolution:0.001,num_snps:626,num_snp_partitions:1,num_samps:1000
# left_snp right_snp mean p0.025 p0.500 p0.975
0 1 8.6435e+00 7.7731e+00 8.6319e+00 9.6466e+00
1 2 8.6435e+00 7.7731e+00 8.6319e+00 9.6466e+00
2 3 8.6435e+00 7.7731e+00 8.6319e+00 9.6466e+00
3 4 8.6435e+00 7.7731e+00 8.6319e+00 9.6466e+00
4 5 8.6435e+00 7.7731e+00 8.6319e+00 9.6466e+00
5 6 8.6435e+00 7.7731e+00 8.6319e+00 9.6466e+00
6 7 8.6435e+00 7.7731e+00 8.6319e+00 9.6466e+00
7 8 8.6435e+00 7.7731e+00 8.6319e+00 9.6466e+00
8 9 8.6435e+00 7.7731e+00 8.6319e+00 9.6466e+00
9 10 8.6435e+00 7.7731e+00 8.6319e+00 9.6466e+00
10 11 8.6435e+00 7.7731e+00 8.6319e+00 9.6466e+00
11 12 8.6435e+00 7.7731e+00 8.6319e+00 9.6466e+00
12 13 8.6435e+00 7.7731e+00 8.6319e+00 9.6466e+00
13 14 8.6435e+00 7.7731e+00 8.6319e+00 9.6466e+00
14 15 8.6435e+00 7.7731e+00 8.6319e+00 9.6466e+00
15 16 8.6435e+00 7.7731e+00 8.6319e+00 9.6466e+00
16 17 8.6435e+00 7.7731e+00 8.6319e+00 9.6466e+00
17 18 8.6435e+00 7.7731e+00 8.6319e+00 9.6466e+00
18 19 8.6435e+00 7.7731e+00 8.6319e+00 9.6466e+00
19 20 8.6435e+00 7.7731e+00 8.6319e+00 9.6466e+00
20 21 8.6435e+00 7.7731e+00 8.6319e+00 9.6466e+00
21 22 8.6435e+00 7.7731e+00 8.6319e+00 9.6466e+00
22 23 8.6435e+00 7.7731e+00 8.6319e+00 9.6466e+00
23 24 8.6435e+00 7.7731e+00 8.6319e+00 9.6466e+00
24 25 8.6435e+00 7.7731e+00 8.6319e+00 9.6466e+00
25 26 8.6435e+00 7.7731e+00 8.6319e+00 9.6466e+00
26 27 8.6435e+00 7.7731e+00 8.6319e+00 9.6466e+00
27 28 8.6435e+00 7.7731e+00 8.6319e+00 9.6466e+00
28 29 8.6435e+00 7.7731e+00 8.6319e+00 9.6466e+00
29 30 8.6435e+00 7.7731e+00 8.6319e+00 9.6466e+00
30 31 8.6435e+00 7.7731e+00 8.6319e+00 9.6466e+00
31 32 8.6435e+00 7.7731e+00 8.6319e+00 9.6466e+00
32 33 8.6435e+00 7.7731e+00 8.6319e+00 9.6466e+00
33 34 8.6435e+00 7.7731e+00 8.6319e+00 9.6466e+00
34 35 8.6435e+00 7.7731e+00 8.6319e+00 9.6466e+00
35 36 8.6435e+00 7.7731e+00 8.6319e+00 9.6466e+00
36 37 8.6435e+00 7.7731e+00 8.6319e+00 9.6466e+00
37 38 8.6435e+00 7.7731e+00 8.6319e+00 9.6466e+00
38 39 8.6435e+00 7.7731e+00 8.6319e+00 9.6466e+00
39 40 8.6435e+00 7.7731e+00 8.6319e+00 9.6466e+00
40 41 8.6435e+00 7.7731e+00 8.6319e+00 9.6466e+00
41 42 8.6435e+00 7.7731e+00 8.6319e+00 9.6466e+00
42 43 8.6435e+00 7.7731e+00 8.6319e+00 9.6466e+00
43 44 8.6435e+00 7.7731e+00 8.6319e+00 9.6466e+00
44 45 8.6435e+00 7.7731e+00 8.6319e+00 9.6466e+00
45 46 8.6435e+00 7.7731e+00 8.6319e+00 9.6466e+00
46 47 8.6435e+00 7.7731e+00 8.6319e+00 9.6466e+00
47 48 8.6435e+00 7.7731e+00 8.6319e+00 9.6466e+00
48 49 8.6435e+00 7.7731e+00 8.6319e+00 9.6466e+00
49 50 8.6435e+00 7.7731e+00 8.6319e+00 9.6466e+00
50 51 8.6435e+00 7.7731e+00 8.6319e+00 9.6466e+00
51 52 8.6435e+00 7.7731e+00 8.6319e+00 9.6466e+00
52 53 8.6435e+00 7.7731e+00 8.6319e+00 9.6466e+00
53 54 8.6435e+00 7.7731e+00 8.6319e+00 9.6466e+00
54 55 8.6435e+00 7.7731e+00 8.6319e+00 9.6466e+00
55 56 8.6435e+00 7.7731e+00 8.6319e+00 9.6466e+00
56 57 8.6435e+00 7.7731e+00 8.6319e+00 9.6466e+00
57 58 8.6435e+00 7.7731e+00 8.6319e+00 9.6466e+00
58 59 8.6435e+00 7.7731e+00 8.6319e+00 9.6466e+00
59 60 8.6435e+00 7.7731e+00 8.6319e+00 9.6466e+00
60 61 8.6435e+00 7.7731e+00 8.6319e+00 9.6466e+00
61 62 8.6435e+00 7.7731e+00 8.6319e+00 9.6466e+00
62 63 8.6435e+00 7.7731e+00 8.6319e+00 9.6466e+00
63 64 8.6435e+00 7.7731e+00 8.6319e+00 9.6466e+00
64 65 8.6435e+00 7.7731e+00 8.6319e+00 9.6466e+00
65 66 8.6435e+00 7.7731e+00 8.6319e+00 9.6466e+00
66 67 8.6435e+00 7.7731e+00 8.6319e+00 9.6466e+00
67 68 8.6435e+00 7.7731e+00 8.6319e+00 9.6466e+00
68 69 8.6435e+00 7.7731e+00 8.6319e+00 9.6466e+00
69 70 8.6435e+00 7.7731e+00 8.6319e+00 9.6466e+00
70 71 8.6435e+00 7.7731e+00 8.6319e+00 9.6466e+00
71 72 8.6435e+00 7.7731e+00 8.6319e+00 9.6466e+00
72 73 8.6435e+00 7.7731e+00 8.6319e+00 9.6466e+00
73 74 8.6435e+00 7.7731e+00 8.6319e+00 9.6466e+00
74 75 8.6435e+00 7.7731e+00 8.6319e+00 9.6466e+00
75 76 8.6435e+00 7.7731e+00 8.6319e+00 9.6466e+00
76 77 8.6435e+00 7.7731e+00 8.6319e+00 9.6466e+00
77 78 8.6435e+00 7.7731e+00 8.6319e+00 9.6466e+00
78 79 8.6435e+00 7.7731e+00 8.6319e+00 9.6466e+00
79 80 8.6435e+00 7.7731e+00 8.6319e+00 9.6466e+00
80 81 8.6435e+00 7.7731e+00 8.6319e+00 9.6466e+00
81 82 8.6435e+00 7.7731e+00 8.6319e+00 9.6466e+00
82 83 8.6435e+00 7.7731e+00 8.6319e+00 9.6466e+00
83 84 8.6435e+00 7.7731e+00 8.6319e+00 9.6466e+00
84 85 8.6435e+00 7.7731e+00 8.6319e+00 9.6466e+00
85 86 8.6435e+00 7.7731e+00 8.6319e+00 9.6466e+00
86 87 8.6435e+00 7.7731e+00 8.6319e+00 9.6466e+00
87 88 8.6435e+00 7.7731e+00 8.6319e+00 9.6466e+00
88 89 8.6435e+00 7.7731e+00 8.6319e+00 9.6466e+00
89 90 8.6435e+00 7.7731e+00 8.6319e+00 9.6466e+00
90 91 8.6435e+00 7.7731e+00 8.6319e+00 9.6466e+00
91 92 8.6435e+00 7.7731e+00 8.6319e+00 9.6466e+00
92 93 8.6435e+00 7.7731e+00 8.6319e+00 9.6466e+00
93 94 8.6435e+00 7.7731e+00 8.6319e+00 9.6466e+00
94 95 8.6435e+00 7.7731e+00 8.6319e+00 9.6466e+00
95 96 8.6435e+00 7.7731e+00 8.6319e+00 9.6466e+00
96 97 8.6435e+00 7.7731e+00 8.6319e+00 9.6466e+00
97 98 8.6435e+00 7.7731e+00 8.6319e+00 9.6466e+00
98 99 8.6435e+00 7.7731e+00 8.6319e+00 9.6466e+00
99 100 8.6435e+00 7.7731e+00 8.6319e+00 9.6466e+00
100 101 8.6435e+00 7.7731e+00 8.6319e+00 9.6466e+00
101 102 8.6435e+00 7.7731e+00 8.6319e+00 9.6466e+00
102 103 8.6435e+00 7.7731e+00 8.6319e+00 9.6466e+00
103 104 8.6435e+00 7.7731e+00 8.6319e+00 9.6466e+00
104 105 8.6435e+00 7.7731e+00 8.6319e+00 9.6466e+00
105 106 8.6435e+00 7.7731e+00 8.6319e+00 9.6466e+00
106 107 8.6435e+00 7.7731e+00 8.6319e+00 9.6466e+00
107 108 8.6435e+00 7.7731e+00 8.6319e+00 9.6466e+00
108 109 8.6435e+00 7.7731e+00 8.6319e+00 9.6466e+00
109 110 8.6435e+00 7.7731e+00 8.6319e+00 9.6466e+00
110 111 8.6435e+00 7.7731e+00 8.6319e+00 9.6466e+00
111 112 8.6435e+00 7.7731e+00 8.6319e+00 9.6466e+00
112 113 8.6435e+00 7.7731e+00 8.6319e+00 9.6466e+00
113 114 8.6435e+00 7.7731e+00 8.6319e+00 9.6466e+00
114 115 8.6435e+00 7.7731e+00 8.6319e+00 9.6466e+00
115 116 8.6435e+00 7.7731e+00 8.6319e+00 9.6466e+00
116 117 8.6435e+00 7.7731e+00 8.6319e+00 9.6466e+00
117 118 8.6435e+00 7.7731e+00 8.6319e+00 9.6466e+00
118 119 8.6435e+00 7.7731e+00 8.6319e+00 9.6466e+00
119 120 8.6435e+00 7.7731e+00 8.6319e+00 9.6466e+00
120 121 8.6435e+00 7.7731e+00 8.6319e+00 9.6466e+00
121 122 8.6435e+00 7.7731e+00 8.6319e+00 9.6466e+00
122 123 8.6435e+00 7.7731e+00 8.6319e+00 9.6466e+00
123 124 8.6435e+00 7.7731e+00 8.6319e+00 9.6466e+00
124 125 8.6435e+00 7.7731e+00 8.6319e+00 9.6466e+00
125 126 8.6435e+00 7.7731e+00 8.6319e+00 9.6466e+00
126 127 8.6435e+00 7.7731e+00 8.6319e+00 9.6466e+00
127 128 8.6435e+00 7.7731e+00 8.6319e+00 9.6466e+00
128 129 8.6435e+00 7.7731e+00 8.6319e+00 9.6466e+00
129 130 8.6435e+00 7.7731e+00 8.6319e+00 9.6466e+00
130 131 8.6435e+00 7.7731e+00 8.6319e+00 9.6466e+00
131 132 8.6435e+00 7.7731e+00 8.6319e+00 9.6466e+00
132 133 8.6435e+00 7.7731e+00 8.6319e+00 9.6466e+00
133 134 8.6435e+00 7.7731e+00 8.6319e+00 9.6466e+00
134 135 8.6435e+00 7.7731e+00 8.6319e+00 9.6466e+00
135 136 8.6435e+00 7.7731e+00 8.6319e+00 9.6466e+00
136 137 8.6435e+00 7.7731e+00 8.6319e+00 9.6466e+00
137 138 8.6435e+00 7.7731e+00 8.6319e+00 9.6466e+00
138 139 8.6435e+00 7.7731e+00 8.6319e+00 9.6466e+00
139 140 8.6435e+00 7.7731e+00 8.6319e+00 9.6466e+00
140 141 8.6435e+00 7.7731e+00 8.6319e+00 9.6466e+00
141 142 8.6435e+00 7.7731e+00 8.6319e+00 9.6466e+00
142 143 8.6435e+00 7.7731e+00 8.6319e+00 9.6466e+00
143 144 8.6435e+00 7.7731e+00 8.6319e+00 9.6466e+00
144 145 8.6435e+00 7.7731e+00 8.6319e+00 9.6466e+00
145 146 8.6435e+00 7.7731e+00 8.6319e+00 9.6466e+00
146 147 8.6435e+00 7.7731e+00 8.6319e+00 9.6466e+00
147 148 8.6435e+00 7.7731e+00 8.6319e+00 9.6466e+00
148 150 8.6435e+00 7.7731e+00 8.6319e+00 9.6466e+00
150 151 8.6435e+00 7.7731e+00 8.6319e+00 9.6466e+00
151 152 8.6435e+00 7.7731e+00 8.6319e+00 9.6466e+00
152 153 8.6435e+00 7.7731e+00 8.6319e+00 9.6466e+00
153 154 8.6435e+00 7.7731e+00 8.6319e+00 9.6466e+00
154 155 8.6435e+00 7.7731e+00 8.6319e+00 9.6466e+00
155 156 8.6435e+00 7.7731e+00 8.6319e+00 9.6466e+00
156 157 8.6435e+00 7.7731e+00 8.6319e+00 9.6466e+00
157 158 8.6435e+00 7.7731e+00 8.6319e+00 9.6466e+00
158 159 8.6435e+00 7.7731e+00 8.6319e+00 9.6466e+00
159 160 8.6435e+00 7.7731e+00 8.6319e+00 9.6466e+00
160 161 8.6435e+00 7.7731e+00 8.6319e+00 9.6466e+00
161 162 8.6435e+00 7.7731e+00 8.6319e+00 9.6466e+00
162 163 8.6435e+00 7.7731e+00 8.6319e+00 9.6466e+00
163 164 8.6435e+00 7.7731e+00 8.6319e+00 9.6466e+00
164 165 8.6435e+00 7.7731e+00 8.6319e+00 9.6466e+00
165 166 8.6435e+00 7.7731e+00 8.6319e+00 9.6466e+00
166 167 8.6435e+00 7.7731e+00 8.6319e+00 9.6466e+00
167 168 8.6435e+00 7.7731e+00 8.6319e+00 9.6466e+00
168 169 8.6435e+00 7.7731e+00 8.6319e+00 9.6466e+00
169 170 8.6435e+00 7.7731e+00 8.6319e+00 9.6466e+00
170 171 8.6435e+00 7.7731e+00 8.6319e+00 9.6466e+00
171 172 8.6435e+00 7.7731e+00 8.6319e+00 9.6466e+00
172 173 8.6435e+00 7.7731e+00 8.6319e+00 9.6466e+00
173 174 8.6435e+00 7.7731e+00 8.6319e+00 9.6466e+00
174 175 8.6435e+00 7.7731e+00 8.6319e+00 9.6466e+00
175 177 8.6435e+00 7.7731e+00 8.6319e+00 9.6466e+00
177 178 8.6435e+00 7.7731e+00 8.6319e+00 9.6466e+00
178 179 8.6435e+00 7.7731e+00 8.6319e+00 9.6466e+00
179 180 8.6435e+00 7.7731e+00 8.6319e+00 9.6466e+00
180 181 8.6435e+00 7.7731e+00 8.6319e+00 9.6466e+00
181 183 8.6435e+00 7.7731e+00 8.6319e+00 9.6466e+00
183 184 8.6435e+00 7.7731e+00 8.6319e+00 9.6466e+00
184 185 8.6435e+00 7.7731e+00 8.6319e+00 9.6466e+00
185 186 8.6435e+00 7.7731e+00 8.6319e+00 9.6466e+00
186 187 8.6435e+00 7.7731e+00 8.6319e+00 9.6466e+00
187 188 8.6435e+00 7.7731e+00 8.6319e+00 9.6466e+00
188 189 8.6435e+00 7.7731e+00 8.6319e+00 9.6466e+00
189 190 8.6435e+00 7.7731e+00 8.6319e+00 9.6466e+00
190 191 8.6435e+00 7.7731e+00 8.6319e+00 9.6466e+00
191 192 8.6435e+00 7.7731e+00 8.6319e+00 9.6466e+00
192 193 8.6435e+00 7.7731e+00 8.6319e+00 9.6466e+00
193 194 8.6435e+00 7.7731e+00 8.6319e+00 9.6466e+00
194 196 8.6435e+00 7.7731e+00 8.6319e+00 9.6466e+00
196 197 8.6435e+00 7.7731e+00 8.6319e+00 9.6466e+00
197 198 8.6435e+00 7.7731e+00 8.6319e+00 9.6466e+00
198 199 8.6435e+00 7.7731e+00 8.6319e+00 9.6466e+00
199 200 8.6435e+00 7.7731e+00 8.6319e+00 9.6466e+00
200 201 8.6435e+00 7.7731e+00 8.6319e+00 9.6466e+00
201 202 8.6435e+00 7.7731e+00 8.6319e+00 9.6466e+00
202 203 8.6435e+00 7.7731e+00 8.6319e+00 9.6466e+00
203 204 8.6435e+00 7.7731e+00 8.6319e+00 9.6466e+00
204 205 8.6435e+00 7.7731e+00 8.6319e+00 9.6466e+00
205 206 8.6435e+00 7.7731e+00 8.6319e+00 9.6466e+00
206 207 8.6435e+00 7.7731e+00 8.6319e+00 9.6466e+00
207 208 8.6435e+00 7.7731e+00 8.6319e+00 9.6466e+00
208 209 8.6435e+00 7.7731e+00 8.6319e+00 9.6466e+00
209 210 8.6435e+00 7.7731e+00 8.6319e+00 9.6466e+00
210 211 8.6435e+00 7.7731e+00 8.6319e+00 9.6466e+00
211 212 8.6435e+00 7.7731e+00 8.6319e+00 9.6466e+00
212 213 8.6435e+00 7.7731e+00 8.6319e+00 9.6466e+00
213 214 8.6435e+00 7.7731e+00 8.6319e+00 9.6466e+00
214 215 8.6435e+00 7.7731e+00 8.6319e+00 9.6466e+00
215 216 8.6435e+00 7.7731e+00 8.6319e+00 9.6466e+00
216 217 8.6435e+00 7.7731e+00 8.6319e+00 9.6466e+00
217 218 8.6435e+00 7.7731e+00 8.6319e+00 9.6466e+00
218 219 8.6435e+00 7.7731e+00 8.6319e+00 9.6466e+00
219 220 8.6435e+00 7.7731e+00 8.6319e+00 9.6466e+00
220 221 8.6435e+00 7.7731e+00 8.6319e+00 9.6466e+00
221 222 8.6435e+00 7.7731e+00 8.6319e+00 9.6466e+00
222 223 8.6435e+00 7.7731e+00 8.6319e+00 9.6466e+00
223 224 8.6435e+00 7.7731e+00 8.6319e+00 9.6466e+00
224 225 8.6435e+00 7.7731e+00 8.6319e+00 9.6466e+00
225 226 8.6435e+00 7.7731e+00 8.6319e+00 9.6466e+00
226 227 8.6435e+00 7.7731e+00 8.6319e+00 9.6466e+00
227 228 8.6435e+00 7.7731e+00 8.6319e+00 9.6466e+00
228 229 8.6435e+00 7.7731e+00 8.6319e+00 9.6466e+00
229 230 8.6435e+00 7.7731e+00 8.6319e+00 9.6466e+00
230 231 8.6435e+00 7.7731e+00 8.6319e+00 9.6466e+00
231 232 8.6435e+00 7.7731e+00 8.6319e+00 9.6466e+00
232 233 8.6435e+00 7.7731e+00 8.6319e+00 9.6466e+00
233 234 8.6435e+00 7.7731e+00 8.6319e+00 9.6466e+00
234 235 8.6435e+00 7.7731e+00 8.6319e+00 9.6466e+00
235 236 8.6435e+00 7.7731e+00 8.6319e+00 9.6466e+00
236 237 8.6435e+00 7.7731e+00 8.6319e+00 9.6466e+00
237 238 8.6435e+00 7.7731e+00 8.6319e+00 9.6466e+00
238 239 8.6435e+00 7.7731e+00 8.6319e+00 9.6466e+00
239 240 8.6435e+00 7.7731e+00 8.6319e+00 9.6466e+00
240 241 8.6435e+00 7.7731e+00 8.6319e+00 9.6466e+00
241 242 8.6435e+00 7.7731e+00 8.6319e+00 9.6466e+00
242 243 8.6435e+00 7.7731e+00 8.6319e+00 9.6466e+00
243 244 8.6435e+00 7.7731e+00 8.6319e+00 9.6466e+00
244 245 8.6435e+00 7.7731e+00 8.6319e+00 9.6466e+00
245 246 8.6435e+00 7.7731e+00 8.6319e+00 9.6466e+00
246 247 8.6435e+00 7.7731e+00 8.6319e+00 9.6466e+00
247 248 8.6435e+00 7.7731e+00 8.6319e+00 9.6466e+00
248 249 8.6435e+00 7.7731e+00 8.6319e+00 9.6466e+00
249 250 8.6435e+00 7.7731e+00 8.6319e+00 9.6466e+00
250 251 8.6435e+00 7.7731e+00 8.6319e+00 9.6466e+00
251 252 8.6435e+00 7.7731e+00 8.6319e+00 9.6466e+00
252 253 8.6435e+00 7.7731e+00 8.6319e+00 9.6466e+00
253 254 8.6435e+00 7.7731e+00 8.6319e+00 9.6466e+00
254 255 8.6435e+00 7.7731e+00 8.6319e+00 9.6466e+00
255 256 8.6435e+00 7.7731e+00 8.6319e+00 9.6466e+00
256 257 8.6435e+00 7.7731e+00 8.6319e+00 9.6466e+00
257 258 8.6435e+00 7.7731e+00 8.6319e+00 9.6466e+00
258 259 8.6435e+00 7.7731e+00 8.6319e+00 9.6466e+00
259 260 8.6435e+00 7.7731e+00 8.6319e+00 9.6466e+00
260 261 8.6435e+00 7.7731e+00 8.6319e+00 9.6466e+00
261 262 8.6435e+00 7.7731e+00 8.6319e+00 9.6466e+00
262 263 8.6435e+00 7.7731e+00 8.6319e+00 9.6466e+00
263 264 8.6435e+00 7.7731e+00 8.6319e+00 9.6466e+00
264 265 8.6435e+00 7.7731e+00 8.6319e+00 9.6466e+00
265 266 8.6435e+00 7.7731e+00 8.6319e+00 9.6466e+00
266 267 8.6435e+00 7.7731e+00 8.6319e+00 9.6466e+00
267 268 8.6435e+00 7.7731e+00 8.6319e+00 9.6466e+00
268 269 8.6435e+00 7.7731e+00 8.6319e+00 9.6466e+00
269 270 8.6435e+00 7.7731e+00 8.6319e+00 9.6466e+00
270 271 8.6435e+00 7.7731e+00 8.6319e+00 9.6466e+00
271 272 8.6435e+00 7.7731e+00 8.6319e+00 9.6466e+00
272 273 8.6435e+00 7.7731e+00 8.6319e+00 9.6466e+00
273 274 8.6435e+00 7.7731e+00 8.6319e+00 9.6466e+00
274 275 8.6435e+00 7.7731e+00 8.6319e+00 9.6466e+00
275 276 8.6435e+00 7.7731e+00 8.6319e+00 9.6466e+00
276 277 8.6435e+00 7.7731e+00 8.6319e+00 9.6466e+00
277 278 8.6435e+00 7.7731e+00 8.6319e+00 9.6466e+00
278 279 8.6435e+00 7.7731e+00 8.6319e+00 9.6466e+00
279 280 8.6435e+00 7.7731e+00 8.6319e+00 9.6466e+00
280 281 8.6435e+00 7.7731e+00 8.6319e+00 9.6466e+00
281 282 8.6435e+00 7.7731e+00 8.6319e+00 9.6466e+00
282 283 8.6293e+00 7.7650e+00 8.6293e+00 9.6466e+00
283 284 5.2070e-01 3.8223e-01 5.0057e-01 6.1752e-01
284 285 4.8622e-01 3.8223e-01 5.0054e-01 6.1400e-01
285 286 4.8622e-01 3.8223e-01 5.0054e-01 6.1400e-01
286 287 4.8622e-01 3.8223e-01 5.0054e-01 6.1400e-01
287 288 4.8622e-01 3.8223e-01 5.0054e-01 6.1400e-01
288 289 4.8622e-01 3.8223e-01 5.0054e-01 6.1400e-01
289 290 4.8622e-01 3.8223e-01 5.0054e-01 6.1400e-01
290 291 4.8622e-01 3.8223e-01 5.0054e-01 6.1400e-01
291 292 4.8622e-01 3.8223e-01 5.0054e-01 6.1400e-01
292 293 4.8622e-01 3.8223e-01 5.0054e-01 6.1400e-01
293 294 4.8622e-01 3.8223e-01 5.0054e-01 6.1400e-01
294 295 4.8622e-01 3.8223e-01 5.0054e-01 6.1400e-01
295 296 4.8622e-01 3.8223e-01 5.0054e-01 6.1400e-01
296 297 4.8622e-01 3.8223e-01 5.0054e-01 6.1400e-01
297 298 4.8622e-01 3.8223e-01 5.0054e-01 6.1400e-01
298 299 4.8622e-01 3.8223e-01 5.0054e-01 6.1400e-01
299 300 5.3075e-01 3.8355e-01 5.0122e-01 6.3073e-01
300 301 1.2914e+00 4.0090e-01 5.1416e-01 4.2424e+00
301 302 2.9355e+00 4.1608e-01 3.9770e+00 4.3806e+00
302 303 4.1346e+00 3.8616e+00 4.1542e+00 4.4435e+00
303 304 4.1346e+00 3.8616e+00 4.1542e+00 4.4435e+00
304 305 4.1346e+00 3.8616e+00 4.1542e+00 4.4435e+00
305 306 4.1346e+00 3.8616e+00 4.1542e+00 4.4435e+00
306 307 4.1346e+00 3.8616e+00 4.1542e+00 4.4435e+00
307 308 4.1346e+00 3.8616e+00 4.1542e+00 4.4435e+00
308 309 4.1346e+00 3.8616e+00 4.1542e+00 4.4435e+00
309 310 4.1346e+00 3.8616e+00 4.1542e+00 4.4435e+00
310 311 4.1346e+00 3.8616e+00 4.1542e+00 4.4435e+00
311 312 4.1346e+00 3.8616e+00 4.1542e+00 4.4435e+00
312 313 4.1346e+00 3.8616e+00 4.1542e+00 4.4435e+00
313 314 4.1346e+00 3.8616e+00 4.1542e+00 4.4435e+00
314 315 4.1346e+00 3.8616e+00 4.1542e+00 4.4435e+00
315 316 4.1346e+00 3.8616e+00 4.1542e+00 4.4435e+00
316 317 4.1346e+00 3.8616e+00 4.1542e+00 4.4435e+00
317 318 4.1346e+00 3.8616e+00 4.1542e+00 4.4435e+00
318 319 4.1346e+00 3.8616e+00 4.1542e+00 4.4435e+00
319 320 4.1346e+00 3.8616e+00 4.1542e+00 4.4435e+00
320 321 4.1346e+00 3.8616e+00 4.1542e+00 4.4435e+00
321 322 4.1346e+00 3.8616e+00 4.1542e+00 4.4435e+00
322 323 4.1346e+00 3.8616e+00 4.1542e+00 4.4435e+00
323 324 4.1346e+00 3.8616e+00 4.1542e+00 4.4435e+00
324 325 4.1346e+00 3.8616e+00 4.1542e+00 4.4435e+00
325 326 4.1346e+00 3.8616e+00 4.1542e+00 4.4435e+00
326 327 4.1346e+00 3.8616e+00 4.1542e+00 4.4435e+00
327 328 4.1346e+00 3.8616e+00 4.1542e+00 4.4435e+00
328 329 4.1346e+00 3.8616e+00 4.1542e+00 4.4435e+00
329 330 4.1346e+00 3.8616e+00 4.1542e+00 4.4435e+00
330 331 4.1346e+00 3.8616e+00 4.1542e+00 4.4435e+00
331 332 4.1346e+00 3.8616e+00 4.1542e+00 4.4435e+00
332 333 4.1346e+00 3.8616e+00 4.1542e+00 4.4435e+00
333 334 4.1346e+00 3.8616e+00 4.1542e+00 4.4435e+00
334 335 4.1346e+00 3.8616e+00 4.1542e+00 4.4435e+00
335 336 4.1346e+00 3.8616e+00 4.1542e+00 4.4435e+00
336 337 4.1346e+00 3.8616e+00 4.1542e+00 4.4435e+00
337 338 4.1346e+00 3.8616e+00 4.1542e+00 4.4435e+00
338 339 4.1346e+00 3.8616e+00 4.1542e+00 4.4435e+00
339 340 4.1346e+00 3.8616e+00 4.1542e+00 4.4435e+00
340 341 4.1346e+00 3.8616e+00 4.1542e+00 4.4435e+00
341 342 4.1346e+00 3.8616e+00 4.1542e+00 4.4435e+00
342 343 4.1346e+00 3.8616e+00 4.1542e+00 4.4435e+00
343 344 4.1346e+00 3.8616e+00 4.1542e+00 4.4435e+00
344 345 4.1346e+00 3.8616e+00 4.1542e+00 4.4435e+00
345 346 4.1346e+00 3.8616e+00 4.1542e+00 4.4435e+00
346 347 4.1346e+00 3.8616e+00 4.1542e+00 4.4435e+00
347 348 4.1346e+00 3.8616e+00 4.1542e+00 4.4435e+00
348 349 4.1346e+00 3.8616e+00 4.1542e+00 4.4435e+00
349 350 4.1346e+00 3.8616e+00 4.1542e+00 4.4435e+00
350 351 4.1346e+00 3.8616e+00 4.1542e+00 4.4435e+00
351 353 4.1346e+00 3.8616e+00 4.1542e+00 4.4435e+00
353 354 4.1346e+00 3.8616e+00 4.1542e+00 4.4435e+00
354 355 4.1346e+00 3.8616e+00 4.1542e+00 4.4435e+00
355 356 4.1346e+00 3.8616e+00 4.1542e+00 4.4435e+00
356 357 4.1346e+00 3.8616e+00 4.1542e+00 4.4435e+00
357 358 4.1346e+00 3.8616e+00 4.1542e+00 4.4435e+00
358 359 4.1346e+00 3.8616e+00 4.1542e+00 4.4435e+00
359 360 4.1346e+00 3.8616e+00 4.1542e+00 4.4435e+00
360 361 4.1346e+00 3.8616e+00 4.1542e+00 4.4435e+00
361 362 4.1346e+00 3.8616e+00 4.1542e+00 4.4435e+00
362 363 4.1346e+00 3.8616e+00 4.1542e+00 4.4435e+00
363 364 4.1346e+00 3.8616e+00 4.1542e+00 4.4435e+00
364 365 4.1346e+00 3.8616e+00 4.1542e+00 4.4435e+00
365 366 4.1346e+00 3.8616e+00 4.1542e+00 4.4435e+00
366 367 4.1346e+00 3.8616e+00 4.1542e+00 4.4435e+00
367 369 4.1346e+00 3.8616e+00 4.1542e+00 4.4435e+00
369 370 4.1346e+00 3.8616e+00 4.1542e+00 4.4435e+00
370 371 4.1346e+00 3.8616e+00 4.1542e+00 4.4435e+00
371 372 4.1346e+00 3.8616e+00 4.1542e+00 4.4435e+00
372 373 4.1346e+00 3.8616e+00 4.1542e+00 4.4435e+00
373 374 4.1346e+00 3.8616e+00 4.1542e+00 4.4435e+00
374 375 4.1346e+00 3.8616e+00 4.1542e+00 4.4435e+00
375 376 4.1346e+00 3.8616e+00 4.1542e+00 4.4435e+00
376 377 4.1346e+00 3.8616e+00 4.1542e+00 4.4435e+00
377 378 4.1346e+00 3.8616e+00 4.1542e+00 4.4435e+00
378 379 4.1346e+00 3.8616e+00 4.1542e+00 4.4435e+00
379 380 4.1346e+00 3.8616e+00 4.1542e+00 4.4435e+00
380 381 4.1346e+00 3.8616e+00 4.1542e+00 4.4435e+00
381 382 4.1346e+00 3.8616e+00 4.1542e+00 4.4435e+00
382 383 4.1346e+00 3.8616e+00 4.1542e+00 4.4435e+00
383 384 4.1346e+00 3.8616e+00 4.1542e+00 4.4435e+00
384 385 4.1346e+00 3.8616e+00 4.1542e+00 4.4435e+00
385 386 4.1346e+00 3.8616e+00 4.1542e+00 4.4435e+00
386 387 4.1346e+00 3.8616e+00 4.1542e+00 4.4435e+00
387 388 4.1346e+00 3.8616e+00 4.1542e+00 4.4435e+00
388 389 4.1346e+00 3.8616e+00 4.1542e+00 4.4435e+00
389 390 4.1346e+00 3.8616e+00 4.1542e+00 4.4435e+00
390 391 4.1346e+00 3.8616e+00 4.1542e+00 4.4435e+00
391 392 4.1346e+00 3.8616e+00 4.1542e+00 4.4435e+00
392 393 4.1346e+00 3.8616e+00 4.1542e+00 4.4435e+00
393 394 4.1346e+00 3.8616e+00 4.1542e+00 4.4435e+00
394 395 4.1346e+00 3.8616e+00 4.1542e+00 4.4435e+00
395 396 4.1346e+00 3.8616e+00 4.1542e+00 4.4435e+00
396 397 4.1346e+00 3.8616e+00 4.1542e+00 4.4435e+00
397 398 4.1346e+00 3.8616e+00 4.1542e+00 4.4435e+00
398 399 4.1346e+00 3.8616e+00 4.1542e+00 4.4435e+00
399 400 4.1346e+00 3.8616e+00 4.1542e+00 4.4435e+00
400 401 4.1346e+00 3.8616e+00 4.1542e+00 4.4435e+00
401 402 4.1346e+00 3.8616e+00 4.1542e+00 4.4435e+00
402 403 4.1346e+00 3.8616e+00 4.1542e+00 4.4435e+00
403 404 4.1346e+00 3.8616e+00 4.1542e+00 4.4435e+00
404 405 4.1346e+00 3.8616e+00 4.1542e+00 4.4435e+00
405 406 4.1346e+00 3.8616e+00 4.1542e+00 4.4435e+00
406 407 4.1346e+00 3.8616e+00 4.1542e+00 4.4435e+00
407 408 4.1346e+00 3.8616e+00 4.1542e+00 4.4435e+00
408 409 4.1346e+00 3.8616e+00 4.1542e+00 4.4435e+00
409 410 4.1346e+00 3.8616e+00 4.1542e+00 4.4435e+00
410 411 4.1346e+00 3.8616e+00 4.1542e+00 4.4435e+00
411 412 4.1346e+00 3.8616e+00 4.1542e+00 4.4435e+00
412 413 4.1346e+00 3.8616e+00 4.1542e+00 4.4435e+00
413 414 4.1346e+00 3.8616e+00 4.1542e+00 4.4435e+00
414 415 4.1346e+00 3.8616e+00 4.1542e+00 4.4435e+00
415 416 4.1346e+00 3.8616e+00 4.1542e+00 4.4435e+00
416 418 4.1346e+00 3.8616e+00 4.1542e+00 4.4435e+00
418 419 4.1346e+00 3.8616e+00 4.1542e+00 4.4435e+00
419 420 4.1346e+00 3.8616e+00 4.1542e+00 4.4435e+00
420 421 4.1346e+00 3.8616e+00 4.1542e+00 4.4435e+00
421 422 4.1346e+00 3.8616e+00 4.1542e+00 4.4435e+00
422 423 4.1346e+00 3.8616e+00 4.1542e+00 4.4435e+00
423 424 4.1346e+00 3.8616e+00 4.1542e+00 4.4435e+00
424 425 4.1346e+00 3.8616e+00 4.1542e+00 4.4435e+00
425 426 4.1346e+00 3.8616e+00 4.1542e+00 4.4435e+00
426 427 4.1346e+00 3.8616e+00 4.1542e+00 4.4435e+00
427 428 4.1346e+00 3.8616e+00 4.1542e+00 4.4435e+00
428 429 4.1346e+00 3.8616e+00 4.1542e+00 4.4435e+00
429 430 4.1346e+00 3.8616e+00 4.1542e+00 4.4435e+00
430 431 4.1346e+00 3.8616e+00 4.1542e+00 4.4435e+00
431 432 4.1346e+00 3.8616e+00 4.1542e+00 4.4435e+00
432 433 4.1346e+00 3.8616e+00 4.1542e+00 4.4435e+00
433 434 4.1346e+00 3.8616e+00 4.1542e+00 4.4435e+00
434 435 4.1346e+00 3.8616e+00 4.1542e+00 4.4435e+00
435 436 4.1346e+00 3.8616e+00 4.1542e+00 4.4435e+00
436 437 4.1346e+00 3.8616e+00 4.1542e+00 4.4435e+00
437 438 4.1346e+00 3.8616e+00 4.1542e+00 4.4435e+00
438 439 4.1346e+00 3.8616e+00 4.1542e+00 4.4435e+00
439 440 4.1346e+00 3.8616e+00 4.1542e+00 4.4435e+00
440 441 4.1346e+00 3.8616e+00 4.1542e+00 4.4435e+00
441 442 4.1346e+00 3.8616e+00 4.1542e+00 4.4435e+00
442 443 4.1346e+00 3.8616e+00 4.1542e+00 4.4435e+00
443 444 4.1346e+00 3.8616e+00 4.1542e+00 4.4435e+00
444 445 4.1346e+00 3.8616e+00 4.1542e+00 4.4435e+00
445 446 4.1346e+00 3.8616e+00 4.1542e+00 4.4435e+00
446 447 4.1346e+00 3.8616e+00 4.1542e+00 4.4435e+00
447 448 4.1346e+00 3.8616e+00 4.1542e+00 4.4435e+00
448 449 4.1346e+00 3.8616e+00 4.1542e+00 4.4435e+00
449 450 4.1346e+00 3.8616e+00 4.1542e+00 4.4435e+00
450 451 4.1346e+00 3.8616e+00 4.1542e+00 4.4435e+00
451 452 4.1346e+00 3.8616e+00 4.1542e+00 4.4435e+00
452 453 4.1346e+00 3.8616e+00 4.1542e+00 4.4435e+00
453 454 4.1346e+00 3.8616e+00 4.1542e+00 4.4435e+00
454 455 4.1346e+00 3.8616e+00 4.1542e+00 4.4435e+00
455 456 4.1346e+00 3.8616e+00 4.1542e+00 4.4435e+00
456 457 4.1346e+00 3.8616e+00 4.1542e+00 4.4435e+00
457 458 4.1346e+00 3.8616e+00 4.1542e+00 4.4435e+00
458 459 4.1346e+00 3.8616e+00 4.1542e+00 4.4435e+00
459 460 4.1346e+00 3.8616e+00 4.1542e+00 4.4435e+00
460 461 4.1346e+00 3.8616e+00 4.1542e+00 4.4435e+00
461 462 4.1346e+00 3.8616e+00 4.1542e+00 4.4435e+00
462 463 4.1346e+00 3.8616e+00 4.1542e+00 4.4435e+00
463 464 4.1346e+00 3.8616e+00 4.1542e+00 4.4435e+00
464 465 4.1346e+00 3.8616e+00 4.1542e+00 4.4435e+00
465 466 4.1346e+00 3.8616e+00 4.1542e+00 4.4435e+00
466 467 4.1346e+00 3.8616e+00 4.1542e+00 4.4435e+00
467 468 4.1346e+00 3.8616e+00 4.1542e+00 4.4435e+00
468 469 4.1346e+00 3.8616e+00 4.1542e+00 4.4435e+00
469 470 4.1346e+00 3.8616e+00 4.1542e+00 4.4435e+00
470 471 4.1346e+00 3.8616e+00 4.1542e+00 4.4435e+00
471 472 4.1346e+00 3.8616e+00 4.1542e+00 4.4435e+00
472 473 4.1346e+00 3.8616e+00 4.1542e+00 4.4435e+00
473 474 4.1346e+00 3.8616e+00 4.1542e+00 4.4435e+00
474 475 4.1346e+00 3.8616e+00 4.1542e+00 4.4435e+00
475 476 4.1346e+00 3.8616e+00 4.1542e+00 4.4435e+00
476 477 4.1346e+00 3.8616e+00 4.1542e+00 4.4435e+00
477 478 4.1346e+00 3.8616e+00 4.1542e+00 4.4435e+00
478 479 4.1346e+00 3.8616e+00 4.1542e+00 4.4435e+00
479 480 4.1346e+00 3.8616e+00 4.1542e+00 4.4435e+00
480 481 4.1346e+00 3.8616e+00 4.1542e+00 4.4435e+00
481 482 4.1346e+00 3.8616e+00 4.1542e+00 4.4435e+00
482 483 4.1346e+00 3.8616e+00 4.1542e+00 4.4435e+00
483 484 4.1346e+00 3.8616e+00 4.1542e+00 4.4435e+00
484 485 4.1346e+00 3.8616e+00 4.1542e+00 4.4435e+00
485 486 4.1346e+00 3.8616e+00 4.1542e+00 4.4435e+00
486 487 4.1346e+00 3.8616e+00 4.1542e+00 4.4435e+00
487 488 4.1346e+00 3.8616e+00 4.1542e+00 4.4435e+00
488 489 4.1346e+00 3.8616e+00 4.1542e+00 4.4435e+00
489 490 4.1346e+00 3.8616e+00 4.1542e+00 4.4435e+00
490 491 4.1346e+00 3.8616e+00 4.1542e+00 4.4435e+00
491 492 4.1346e+00 3.8616e+00 4.1542e+00 4.4435e+00
492 493 4.1346e+00 3.8616e+00 4.1542e+00 4.4435e+00
493 494 4.1346e+00 3.8616e+00 4.1542e+00 4.4435e+00
494 495 4.1346e+00 3.8616e+00 4.1542e+00 4.4435e+00
495 496 4.1346e+00 3.8616e+00 4.1542e+00 4.4435e+00
496 497 4.1346e+00 3.8616e+00 4.1542e+00 4.4435e+00
497 498 4.1346e+00 3.8616e+00 4.1542e+00 4.4435e+00
498 499 4.1346e+00 3.8616e+00 4.1542e+00 4.4435e+00
499 500 4.1346e+00 3.8616e+00 4.1542e+00 4.4435e+00
500 501 4.1346e+00 3.8616e+00 4.1542e+00 4.4435e+00
501 502 4.1346e+00 3.8616e+00 4.1542e+00 4.4435e+00
502 503 4.1346e+00 3.8616e+00 4.1542e+00 4.4435e+00
503 504 4.1346e+00 3.8616e+00 4.1542e+00 4.4435e+00
504 505 4.1346e+00 3.8616e+00 4.1542e+00 4.4435e+00
505 506 4.1346e+00 3.8616e+00 4.1542e+00 4.4435e+00
506 507 4.1346e+00 3.8616e+00 4.1542e+00 4.4435e+00
507 508 4.1346e+00 3.8616e+00 4.1542e+00 4.4435e+00
508 510 4.1346e+00 3.8616e+00 4.1542e+00 4.4435e+00
510 511 4.1346e+00 3.8616e+00 4.1542e+00 4.4435e+00
511 512 4.1346e+00 3.8616e+00 4.1542e+00 4.4435e+00
512 513 4.1346e+00 3.8616e+00 4.1542e+00 4.4435e+00
513 514 4.1346e+00 3.8616e+00 4.1542e+00 4.4435e+00
514 515 4.1346e+00 3.8616e+00 4.1542e+00 4.4435e+00
515 516 4.1346e+00 3.8616e+00 4.1542e+00 4.4435e+00
516 517 4.1346e+00 3.8616e+00 4.1542e+00 4.4435e+00
517 518 4.1346e+00 3.8616e+00 4.1542e+00 4.4435e+00
518 519 4.0884e+00 3.8385e+00 4.1510e+00 4.4396e+00
519 520 2.7749e+00 4.0300e-01 3.9368e+00 4.3324e+00
520 521 4.4837e-01 4.0028e-01 4.4480e-01 5.2070e-01
521 522 4.4837e-01 4.0028e-01 4.4480e-01 5.2070e-01
522 523 4.4837e-01 4.0028e-01 4.4480e-01 5.2070e-01
523 524 4.4837e-01 4.0028e-01 4.4480e-01 5.2070e-01
524 525 4.4837e-01 4.0028e-01 4.4480e-01 5.2070e-01
525 526 4.4837e-01 4.0028e-01 4.4480e-01 5.2070e-01
526 527 4.4837e-01 4.0028e-01 4.4480e-01 5.2070e-01
527 528 4.4837e-01 4.0028e-01 4.4480e-01 5.2070e-01
528 529 4.4837e-01 4.0028e-01 4.4480e-01 5.2070e-01
529 530 4.4837e-01 4.0028e-01 4.4480e-01 5.2070e-01
530 531 4.4837e-01 4.0028e-01 4.4480e-01 5.2070e-01
531 532 4.4837e-01 4.0028e-01 4.4480e-01 5.2070e-01
532 533 4.4837e-01 4.0028e-01 4.4480e-01 5.2070e-01
533 534 4.4837e-01 4.0028e-01 4.4480e-01 5.2070e-01
534 535 4.4837e-01 4.0028e-01 4.4480e-01 5.2070e-01
535 536 4.4837e-01 4.0028e-01 4.4480e-01 5.2070e-01
536 537 4.4837e-01 4.0028e-01 4.4480e-01 5.2070e-01
537 538 4.4837e-01 4.0028e-01 4.4480e-01 5.2070e-01
538 539 4.4837e-01 4.0028e-01 4.4480e-01 5.2070e-01
539 540 4.4837e-01 4.0028e-01 4.4480e-01 5.2070e-01
540 541 4.4837e-01 4.0028e-01 4.4480e-01 5.2070e-01
541 542 4.4837e-01 4.0028e-01 4.4480e-01 5.2070e-01
542 543 4.4837e-01 4.0028e-01 4.4480e-01 5.2070e-01
543 544 4.4837e-01 4.0028e-01 4.4480e-01 5.2070e-01
544 545 4.5150e-01 4.0029e-01 4.4489e-01 5.2219e-01
545 546 4.5321e-01 4.0029e-01 4.4503e-01 5.2247e-01
546 547 1.3573e+00 4.0337e-01 2.0170e+00 2.3363e+00
547 548 2.1601e+00 5.1170e-01 2.1994e+00 2.4303e+00
548 549 2.1990e+00 2.0138e+00 2.2048e+00 2.4321e+00
549 550 2.2187e+00 2.0205e+00 2.2088e+00 2.4368e+00
550 551 2.2187e+00 2.0205e+00 2.2088e+00 2.4368e+00
551 552 2.2187e+00 2.0205e+00 2.2088e+00 2.4368e+00
552 553 2.2187e+00 2.0205e+00 2.2088e+00 2.4368e+00
553 554 2.2187e+00 2.0205e+00 2.2088e+00 2.4368e+00
554 555 2.2187e+00 2.0205e+00 2.2088e+00 2.4368e+00
555 556 2.2187e+00 2.0205e+00 2.2088e+00 2.4368e+00
556 557 2.2187e+00 2.0205e+00 2.2088e+00 2.4368e+00
557 558 2.2187e+00 2.0205e+00 2.2088e+00 2.4368e+00
558 559 2.2187e+00 2.0205e+00 2.2088e+00 2.4368e+00
559 560 2.2187e+00 2.0205e+00 2.2088e+00 2.4368e+00
560 561 2.2187e+00 2.0205e+00 2.2088e+00 2.4368e+00
561 562 2.2187e+00 2.0205e+00 2.2088e+00 2.4368e+00
562 563 2.2187e+00 2.0205e+00 2.2088e+00 2.4368e+00
563 564 2.2187e+00 2.0205e+00 2.2088e+00 2.4368e+00
564 565 2.2187e+00 2.0205e+00 2.2088e+00 2.4368e+00
565 566 2.2187e+00 2.0205e+00 2.2088e+00 2.4368e+00
566 567 2.2187e+00 2.0205e+00 2.2088e+00 2.4368e+00
567 568 2.2187e+00 2.0205e+00 2.2088e+00 2.4368e+00
568 569 2.2187e+00 2.0205e+00 2.2088e+00 2.4368e+00
569 570 2.2187e+00 2.0205e+00 2.2088e+00 2.4368e+00
570 571 2.2187e+00 2.0205e+00 2.2088e+00 2.4368e+00
571 572 2.2187e+00 2.0205e+00 2.2088e+00 2.4368e+00
572 573 2.2187e+00 2.0205e+00 2.2088e+00 2.4368e+00
573 574 2.2187e+00 2.0205e+00 2.2088e+00 2.4368e+00
574 575 2.2187e+00 2.0205e+00 2.2088e+00 2.4368e+00
575 576 2.2187e+00 2.0205e+00 2.2088e+00 2.4368e+00
576 577 2.2187e+00 2.0205e+00 2.2088e+00 2.4368e+00
577 578 2.2187e+00 2.0205e+00 2.2088e+00 2.4368e+00
578 579 2.2187e+00 2.0205e+00 2.2088e+00 2.4368e+00
579 580 2.2187e+00 2.0205e+00 2.2088e+00 2.4368e+00
580 581 2.2187e+00 2.0205e+00 2.2088e+00 2.4368e+00
581 582 2.2187e+00 2.0205e+00 2.2088e+00 2.4368e+00
582 583 2.2187e+00 2.0205e+00 2.2088e+00 2.4368e+00
583 584 2.2187e+00 2.0205e+00 2.2088e+00 2.4368e+00
584 585 2.2187e+00 2.0205e+00 2.2088e+00 2.4368e+00
585 586 2.2187e+00 2.0205e+00 2.2088e+00 2.4368e+00
586 587 2.2187e+00 2.0205e+00 2.2088e+00 2.4368e+00
587 588 2.2187e+00 2.0205e+00 2.2088e+00 2.4368e+00
588 589 2.2187e+00 2.0205e+00 2.2088e+00 2.4368e+00
589 590 2.2187e+00 2.0205e+00 2.2088e+00 2.4368e+00
590 591 2.2187e+00 2.0205e+00 2.2088e+00 2.4368e+00
591 592 2.2187e+00 2.0205e+00 2.2088e+00 2.4368e+00
592 593 2.2187e+00 2.0205e+00 2.2088e+00 2.4368e+00
593 594 2.2187e+00 2.0205e+00 2.2088e+00 2.4368e+00
594 595 2.2187e+00 2.0205e+00 2.2088e+00 2.4368e+00
595 596 2.2187e+00 2.0205e+00 2.2088e+00 2.4368e+00
596 597 2.2187e+00 2.0205e+00 2.2088e+00 2.4368e+00
597 598 2.2187e+00 2.0205e+00 2.2088e+00 2.4368e+00
598 599 2.2187e+00 2.0205e+00 2.2088e+00 2.4368e+00
599 600 2.2187e+00 2.0205e+00 2.2088e+00 2.4368e+00
600 601 2.2187e+00 2.0205e+00 2.2088e+00 2.4368e+00
601 602 2.2187e+00 2.0205e+00 2.2088e+00 2.4368e+00
602 603 2.2187e+00 2.0205e+00 2.2088e+00 2.4368e+00
603 604 2.2187e+00 2.0205e+00 2.2088e+00 2.4368e+00
604 605 2.2187e+00 2.0205e+00 2.2088e+00 2.4368e+00
605 606 2.2187e+00 2.0205e+00 2.2088e+00 2.4368e+00
606 607 2.2187e+00 2.0205e+00 2.2088e+00 2.4368e+00
607 608 2.2187e+00 2.0205e+00 2.2088e+00 2.4368e+00
608 609 2.2187e+00 2.0205e+00 2.2088e+00 2.4368e+00
609 610 2.2187e+00 2.0205e+00 2.2088e+00 2.4368e+00
610 611 2.2187e+00 2.0205e+00 2.2088e+00 2.4368e+00
611 612 2.2187e+00 2.0205e+00 2.2088e+00 2.4368e+00
612 613 2.2187e+00 2.0205e+00 2.2088e+00 2.4368e+00
613 614 2.2187e+00 2.0205e+00 2.2088e+00 2.4368e+00
614 615 2.2187e+00 2.0205e+00 2.2088e+00 2.4368e+00
615 616 2.2187e+00 2.0205e+00 2.2088e+00 2.4368e+00
616 617 2.2187e+00 2.0205e+00 2.2088e+00 2.4368e+00
617 618 2.2187e+00 2.0205e+00 2.2088e+00 2.4368e+00
618 619 2.2187e+00 2.0205e+00 2.2088e+00 2.4368e+00
619 620 2.2187e+00 2.0205e+00 2.2088e+00 2.4368e+00
620 621 2.2187e+00 2.0205e+00 2.2088e+00 2.4368e+00
621 622 2.2187e+00 2.0205e+00 2.2088e+00 2.4368e+00
622 623 2.2187e+00 2.0205e+00 2.2088e+00 2.4368e+00
623 624 2.2187e+00 2.0205e+00 2.2088e+00 2.4368e+00
624 625 2.2187e+00 2.0205e+00 2.2088e+00 2.4368e+00
625 626 2.2187e+00 2.0205e+00 2.2088e+00 2.4368e+00
626 627 2.2187e+00 2.0205e+00 2.2088e+00 2.4368e+00
627 628 2.2187e+00 2.0205e+00 2.2088e+00 2.4368e+00
628 629 2.2187e+00 2.0205e+00 2.2088e+00 2.4368e+00
629 630 2.2187e+00 2.0205e+00 2.2088e+00 2.4368e+00
630 632 2.2187e+00 2.0205e+00 2.2088e+00 2.4368e+00
632 633 2.2187e+00 2.0205e+00 2.2088e+00 2.4368e+00
633 634 2.2187e+00 2.0205e+00 2.2088e+00 2.4368e+00
