# parameters
version_bit_string:13816762181795971082,seed:5489,burn_in:100000,num_iter:1000000,stats_thin:1000,block_penalty:50,prior_rate_mean:1,window_size:50,partition_length:4001,overlap_length:200,pade_resolution:10,pade_max:1000,max_lk_start:0.001,max_lk_resolution:0.001,num_snps:1541,num_snp_partitions:1,num_samps:1000
# left_snp right_snp mean p0.025 p0.500 p0.975
0 1 6.1347e+00 5.4642e+00 6.0790e+00 6.9408e+00
1 2 6.1347e+00 5.4642e+00 6.0790e+00 6.9408e+00
2 3 6.1347e+00 5.4642e+00 6.0790e+00 6.9408e+00
3 4 6.1347e+00 5.4642e+00 6.0790e+00 6.9408e+00
4 5 6.1347e+00 5.4642e+00 6.0790e+00 6.9408e+00
5 6 6.1347e+00 5.4642e+00 6.0790e+00 6.9408e+00
6 7 6.1347e+00 5.4642e+00 6.0790e+00 6.9408e+00
7 8 6.1347e+00 5.4642e+00 6.0790e+00 6.9408e+00
8 9 6.1347e+00 5.4642e+00 6.0790e+00 6.9408e+00
9 10 6.1347e+00 5.4642e+00 6.0790e+00 6.9408e+00
10 11 6.1347e+00 5.4642e+00 6.0790e+00 6.9408e+00
11 12 6.1347e+00 5.4642e+00 6.0790e+00 6.9408e+00
12 13 6.1347e+00 5.4642e+00 6.0790e+00 6.9408e+00
13 14 6.1347e+00 5.4642e+00 6.0790e+00 6.9408e+00
14 15 6.1347e+00 5.4642e+00 6.0790e+00 6.9408e+00
15 16 6.1347e+00 5.4642e+00 6.0790e+00 6.9408e+00
16 17 6.1347e+00 5.4642e+00 6.0790e+00 6.9408e+00
17 18 6.1347e+00 5.4642e+00 6.0790e+00 6.9408e+00
18 19 6.1347e+00 5.4642e+00 6.0790e+00 6.9408e+00
19 20 6.1347e+00 5.4642e+00 6.0790e+00 6.9408e+00
20 21 6.1347e+00 5.4642e+00 6.0790e+00 6.9408e+00
21 22 6.1347e+00 5.4642e+00 6.0790e+00 6.9408e+00
22 23 6.1347e+00 5.4642e+00 6.0790e+00 6.9408e+00
23 24 6.1347e+00 5.4642e+00 6.0790e+00 6.9408e+00
24 25 6.1347e+00 5.4642e+00 6.0790e+00 6.9408e+00
25 26 6.1347e+00 5.4642e+00 6.0790e+00 6.9408e+00
26 27 6.1347e+00 5.4642e+00 6.0790e+00 6.9408e+00
27 28 6.1347e+00 5.4642e+00 6.0790e+00 6.9408e+00
28 29 6.1347e+00 5.4642e+00 6.0790e+00 6.9408e+00
29 30 6.1347e+00 5.4642e+00 6.0790e+00 6.9408e+00
30 31 6.1347e+00 5.4642e+00 6.0790e+00 6.9408e+00
31 32 6.1347e+00 5.4642e+00 6.0790e+00 6.9408e+00
32 33 6.1347e+00 5.4642e+00 6.0790e+00 6.9408e+00
33 34 6.1347e+00 5.4642e+00 6.0790e+00 6.9408e+00
34 35 6.1347e+00 5.4642e+00 6.0790e+00 6.9408e+00
35 36 6.1347e+00 5.4642e+00 6.0790e+00 6.9408e+00
36 37 6.1347e+00 5.4642e+00 6.0790e+00 6.9408e+00
37 38 6.1347e+00 5.4642e+00 6.0790e+00 6.9408e+00
38 39 6.1347e+00 5.4642e+00 6.0790e+00 6.9408e+00
39 40 6.1347e+00 5.4642e+00 6.0790e+00 6.9408e+00
40 41 6.1347e+00 5.4642e+00 6.0790e+00 6.9408e+00
41 42 6.1347e+00 5.4642e+00 6.0790e+00 6.9408e+00
42 43 6.1347e+00 5.4642e+00 6.0790e+00 6.9408e+00
43 44 6.1347e+00 5.4642e+00 6.0790e+00 6.9408e+00
44 45 6.1347e+00 5.4642e+00 6.0790e+00 6.9408e+00
45 46 6.1347e+00 5.4642e+00 6.0790e+00 6.9408e+00
46 47 6.1347e+00 5.4642e+00 6.0790e+00 6.9408e+00
47 48 6.1347e+00 5.4642e+00 6.0790e+00 6.9408e+00
48 49 6.1347e+00 5.4642e+00 6.0790e+00 6.9408e+00
49 50 6.1347e+00 5.4642e+00 6.0790e+00 6.9408e+00
50 51 6.1347e+00 5.4642e+00 6.0790e+00 6.9408e+00
51 52 6.1347e+00 5.4642e+00 6.0790e+00 6.9408e+00
52 53 6.1347e+00 5.4642e+00 6.0790e+00 6.9408e+00
53 54 6.1347e+00 5.4642e+00 6.0790e+00 6.9408e+00
54 55 6.1347e+00 5.4642e+00 6.0790e+00 6.9408e+00
55 56 6.1347e+00 5.4642e+00 6.0790e+00 6.9408e+00
56 57 6.1347e+00 5.4642e+00 6.0790e+00 6.9408e+00
57 58 6.1347e+00 5.4642e+00 6.0790e+00 6.9408e+00
58 59 6.1347e+00 5.4642e+00 6.0790e+00 6.9408e+00
59 60 6.1347e+00 5.4642e+00 6.0790e+00 6.9408e+00
60 61 6.1347e+00 5.4642e+00 6.0790e+00 6.9408e+00
61 62 6.1347e+00 5.4642e+00 6.0790e+00 6.9408e+00
62 63 6.1347e+00 5.4642e+00 6.0790e+00 6.9408e+00
63 64 6.1347e+00 5.4642e+00 6.0790e+00 6.9408e+00
64 65 6.1347e+00 5.4642e+00 6.0790e+00 6.9408e+00
65 66 6.1347e+00 5.4642e+00 6.0790e+00 6.9408e+00
66 67 6.1347e+00 5.4642e+00 6.0790e+00 6.9408e+00
67 68 6.1347e+00 5.4642e+00 6.0790e+00 6.9408e+00
68 69 6.1347e+00 5.4642e+00 6.0790e+00 6.9408e+00
69 70 6.1347e+00 5.4642e+00 6.0790e+00 6.9408e+00
70 71 6.1347e+00 5.4642e+00 6.0790e+00 6.9408e+00
71 72 6.1347e+00 5.4642e+00 6.0790e+00 6.9408e+00
72 73 6.1347e+00 5.4642e+00 6.0790e+00 6.9408e+00
73 74 6.1347e+00 5.4642e+00 6.0790e+00 6.9408e+00
74 75 6.1347e+00 5.4642e+00 6.0790e+00 6.9408e+00
75 76 6.1347e+00 5.4642e+00 6.0790e+00 6.9408e+00
76 77 6.1347e+00 5.4642e+00 6.0790e+00 6.9408e+00
77 78 6.1347e+00 5.4642e+00 6.0790e+00 6.9408e+00
78 79 6.1347e+00 5.4642e+00 6.0790e+00 6.9408e+00
79 80 6.1347e+00 5.4642e+00 6.0790e+00 6.9408e+00
80 81 6.1347e+00 5.4642e+00 6.0790e+00 6.9408e+00
81 82 6.1347e+00 5.4642e+00 6.0790e+00 6.9408e+00
82 83 6.1347e+00 5.4642e+00 6.0790e+00 6.9408e+00
83 85 6.1347e+00 5.4642e+00 6.0790e+00 6.9408e+00
85 86 6.1347e+00 5.4642e+00 6.0790e+00 6.9408e+00
86 87 6.1347e+00 5.4642e+00 6.0790e+00 6.9408e+00
87 88 6.1347e+00 5.4642e+00 6.0790e+00 6.9408e+00
88 89 6.1347e+00 5.4642e+00 6.0790e+00 6.9408e+00
89 90 6.1347e+00 5.4642e+00 6.0790e+00 6.9408e+00
90 91 6.1347e+00 5.4642e+00 6.0790e+00 6.9408e+00
91 92 6.1347e+00 5.4642e+00 6.0790e+00 6.9408e+00
92 93 6.1347e+00 5.4642e+00 6.0790e+00 6.9408e+00
93 94 6.1347e+00 5.4642e+00 6.0790e+00 6.9408e+00
94 95 6.1347e+00 5.4642e+00 6.0790e+00 6.9408e+00
95 96 6.1347e+00 5.4642e+00 6.0790e+00 6.9408e+00
96 97 6.1347e+00 5.4642e+00 6.0790e+00 6.9408e+00
97 98 6.1347e+00 5.4642e+00 6.0790e+00 6.9408e+00
98 99 6.1347e+00 5.4642e+00 6.0790e+00 6.9408e+00
99 100 6.1347e+00 5.4642e+00 6.0790e+00 6.9408e+00
100 101 6.1347e+00 5.4642e+00 6.0790e+00 6.9408e+00
101 102 6.1347e+00 5.4642e+00 6.0790e+00 6.9408e+00
102 103 6.1347e+00 5.4642e+00 6.0790e+00 6.9408e+00
103 104 6.1347e+00 5.4642e+00 6.0790e+00 6.9408e+00
104 105 6.1347e+00 5.4642e+00 6.0790e+00 6.9408e+00
105 106 6.1347e+00 5.4642e+00 6.0790e+00 6.9408e+00
106 108 6.1347e+00 5.4642e+00 6.0790e+00 6.9408e+00
108 109 6.1347e+00 5.4642e+00 6.0790e+00 6.9408e+00
109 110 6.1347e+00 5.4642e+00 6.0790e+00 6.9408e+00
110 111 6.1347e+00 5.4642e+00 6.0790e+00 6.9408e+00
111 112 6.1347e+00 5.4642e+00 6.0790e+00 6.9408e+00
112 113 6.1347e+00 5.4642e+00 6.0790e+00 6.9408e+00
113 114 6.1064e+00 5.4146e+00 6.0739e+00 6.9408e+00
114 115 6.1064e+00 5.4146e+00 6.0739e+00 6.9408e+00
115 116 6.0054e+00 1.7952e+00 6.0503e+00 6.9408e+00
116 117 4.7469e+00 1.5907e+00 5.8823e+00 6.7653e+00
117 120 3.5687e+00 1.5567e+00 1.7832e+00 6.4959e+00
120 121 2.4784e+00 1.5411e+00 1.6951e+00 6.3446e+00
121 122 1.7237e+00 1.5264e+00 1.6775e+00 1.8447e+00
122 123 1.6799e+00 1.5261e+00 1.6767e+00 1.8262e+00
123 124 1.6799e+00 1.5261e+00 1.6767e+00 1.8262e+00
124 125 1.6799e+00 1.5261e+00 1.6767e+00 1.8262e+00
125 126 1.6799e+00 1.5261e+00 1.6767e+00 1.8262e+00
126 127 1.6799e+00 1.5261e+00 1.6767e+00 1.8262e+00
127 128 1.6799e+00 1.5261e+00 1.6767e+00 1.8262e+00
128 129 1.6749e+00 1.5261e+00 1.6765e+00 1.8253e+00
129 130 1.6749e+00 1.5261e+00 1.6765e+00 1.8253e+00
130 131 1.6749e+00 1.5261e+00 1.6765e+00 1.8253e+00
131 132 1.6749e+00 1.5261e+00 1.6765e+00 1.8253e+00
132 133 1.6749e+00 1.5261e+00 1.6765e+00 1.8253e+00
133 134 1.6749e+00 1.5261e+00 1.6765e+00 1.8253e+00
134 135 1.6749e+00 1.5261e+00 1.6765e+00 1.8253e+00
135 136 1.6749e+00 1.5261e+00 1.6765e+00 1.8253e+00
136 137 1.6749e+00 1.5261e+00 1.6765e+00 1.8253e+00
137 138 1.6749e+00 1.5261e+00 1.6765e+00 1.8253e+00
138 139 1.6749e+00 1.5261e+00 1.6765e+00 1.8253e+00
139 140 1.6749e+00 1.5261e+00 1.6765e+00 1.8253e+00
140 141 1.6749e+00 1.5261e+00 1.6765e+00 1.8253e+00
141 142 1.6749e+00 1.5261e+00 1.6765e+00 1.8253e+00
142 143 1.6749e+00 1.5261e+00 1.6765e+00 1.8253e+00
143 144 1.6749e+00 1.5261e+00 1.6765e+00 1.8253e+00
144 145 1.6749e+00 1.5261e+00 1.6765e+00 1.8253e+00
145 146 1.6749e+00 1.5261e+00 1.6765e+00 1.8253e+00
146 147 1.6749e+00 1.5261e+00 1.6765e+00 1.8253e+00
147 148 1.6749e+00 1.5261e+00 1.6765e+00 1.8253e+00
148 149 1.6749e+00 1.5261e+00 1.6765e+00 1.8253e+00
149 150 1.6749e+00 1.5261e+00 1.6765e+00 1.8253e+00
150 151 1.6749e+00 1.5261e+00 1.6765e+00 1.8253e+00
151 152 1.6749e+00 1.5261e+00 1.6765e+00 1.8253e+00
152 153 1.6749e+00 1.5261e+00 1.6765e+00 1.8253e+00
153 154 1.6749e+00 1.5261e+00 1.6765e+00 1.8253e+00
154 155 1.6749e+00 1.5261e+00 1.6765e+00 1.8253e+00
155 156 1.6749e+00 1.5261e+00 1.6765e+00 1.8253e+00
156 157 1.6749e+00 1.5261e+00 1.6765e+00 1.8253e+00
157 158 1.6749e+00 1.5261e+00 1.6765e+00 1.8253e+00
158 159 1.6749e+00 1.5261e+00 1.6765e+00 1.8253e+00
159 160 1.6749e+00 1.5261e+00 1.6765e+00 1.8253e+00
160 161 1.6749e+00 1.5261e+00 1.6765e+00 1.8253e+00
161 162 1.6749e+00 1.5261e+00 1.6765e+00 1.8253e+00
162 163 1.6749e+00 1.5261e+00 1.6765e+00 1.8253e+00
163 164 1.6749e+00 1.5261e+00 1.6765e+00 1.8253e+00
164 165 1.6749e+00 1.5261e+00 1.6765e+00 1.8253e+00
165 166 1.6749e+00 1.5261e+00 1.6765e+00 1.8253e+00
166 167 1.6749e+00 1.5261e+00 1.6765e+00 1.8253e+00
167 168 1.6749e+00 1.5261e+00 1.6765e+00 1.8253e+00
168 169 1.6749e+00 1.5261e+00 1.6765e+00 1.8253e+00
169 170 1.6749e+00 1.5261e+00 1.6765e+00 1.8253e+00
170 171 1.6749e+00 1.5261e+00 1.6765e+00 1.8253e+00
171 172 1.6749e+00 1.5261e+00 1.6765e+00 1.8253e+00
172 173 1.6749e+00 1.5261e+00 1.6765e+00 1.8253e+00
173 174 1.6749e+00 1.5261e+00 1.6765e+00 1.8253e+00
174 175 1.6749e+00 1.5261e+00 1.6765e+00 1.8253e+00
175 176 1.6749e+00 1.5261e+00 1.6765e+00 1.8253e+00
176 177 1.6749e+00 1.5261e+00 1.6765e+00 1.8253e+00
177 178 1.6749e+00 1.5261e+00 1.6765e+00 1.8253e+00
178 179 1.6749e+00 1.5261e+00 1.6765e+00 1.8253e+00
179 180 1.6749e+00 1.5261e+00 1.6765e+00 1.8253e+00
180 181 1.6749e+00 1.5261e+00 1.6765e+00 1.8253e+00
181 182 1.6749e+00 1.5261e+00 1.6765e+00 1.8253e+00
182 183 1.6749e+00 1.5261e+00 1.6765e+00 1.8253e+00
183 184 1.6749e+00 1.5261e+00 1.6765e+00 1.8253e+00
184 185 1.6749e+00 1.5261e+00 1.6765e+00 1.8253e+00
185 186 1.6749e+00 1.5261e+00 1.6765e+00 1.8253e+00
186 187 1.6749e+00 1.5261e+00 1.6765e+00 1.8253e+00
187 188 1.6749e+00 1.5261e+00 1.6765e+00 1.8253e+00
188 189 1.6749e+00 1.5261e+00 1.6765e+00 1.8253e+00
189 190 1.6749e+00 1.5261e+00 1.6765e+00 1.8253e+00
190 191 1.6749e+00 1.5261e+00 1.6765e+00 1.8253e+00
191 192 1.6749e+00 1.5261e+00 1.6765e+00 1.8253e+00
192 193 1.6749e+00 1.5261e+00 1.6765e+00 1.8253e+00
193 194 1.6749e+00 1.5261e+00 1.6765e+00 1.8253e+00
194 195 1.6749e+00 1.5261e+00 1.6765e+00 1.8253e+00
195 196 1.6749e+00 1.5261e+00 1.6765e+00 1.8253e+00
196 197 1.6749e+00 1.5261e+00 1.6765e+00 1.8253e+00
197 198 1.6749e+00 1.5261e+00 1.6765e+00 1.8253e+00
198 199 1.6749e+00 1.5261e+00 1.6765e+00 1.8253e+00
199 200 1.6749e+00 1.5261e+00 1.6765e+00 1.8253e+00
200 201 1.6816e+00 1.5261e+00 1.6765e+00 1.8262e+00
201 202 1.7112e+00 1.5264e+00 1.6772e+00 1.8291e+00
202 203 2.3513e+00 1.5271e+00 1.6884e+00 7.4387e+00
203 204 3.3881e+00 1.5433e+00 1.7180e+00 7.5662e+00
204 205 6.8153e+00 1.6594e+00 7.2291e+00 7.8161e+00
205 206 7.2514e+00 6.7525e+00 7.2690e+00 7.8262e+00
206 207 7.2514e+00 6.7525e+00 7.2690e+00 7.8262e+00
207 208 7.2514e+00 6.7525e+00 7.2690e+00 7.8262e+00
208 209 7.2514e+00 6.7525e+00 7.2690e+00 7.8262e+00
209 210 7.2514e+00 6.7525e+00 7.2690e+00 7.8262e+00
210 211 7.2514e+00 6.7525e+00 7.2690e+00 7.8262e+00
211 212 7.2514e+00 6.7525e+00 7.2690e+00 7.8262e+00
212 213 7.2514e+00 6.7525e+00 7.2690e+00 7.8262e+00
213 214 7.2514e+00 6.7525e+00 7.2690e+00 7.8262e+00
214 215 7.2514e+00 6.7525e+00 7.2690e+00 7.8262e+00
215 216 7.2514e+00 6.7525e+00 7.2690e+00 7.8262e+00
216 217 7.2514e+00 6.7525e+00 7.2690e+00 7.8262e+00
217 218 7.2514e+00 6.7525e+00 7.2690e+00 7.8262e+00
218 219 7.2514e+00 6.7525e+00 7.2690e+00 7.8262e+00
219 220 7.2514e+00 6.7525e+00 7.2690e+00 7.8262e+00
220 221 7.2514e+00 6.7525e+00 7.2690e+00 7.8262e+00
221 222 7.2514e+00 6.7525e+00 7.2690e+00 7.8262e+00
222 223 7.2514e+00 6.7525e+00 7.2690e+00 7.8262e+00
223 224 7.2514e+00 6.7525e+00 7.2690e+00 7.8262e+00
224 225 7.2514e+00 6.7525e+00 7.2690e+00 7.8262e+00
225 226 7.2514e+00 6.7525e+00 7.2690e+00 7.8262e+00
226 227 7.2514e+00 6.7525e+00 7.2690e+00 7.8262e+00
227 228 7.2514e+00 6.7525e+00 7.2690e+00 7.8262e+00
228 229 7.2514e+00 6.7525e+00 7.2690e+00 7.8262e+00
229 230 7.2514e+00 6.7525e+00 7.2690e+00 7.8262e+00
230 231 7.2514e+00 6.7525e+00 7.2690e+00 7.8262e+00
231 232 7.2514e+00 6.7525e+00 7.2690e+00 7.8262e+00
232 233 7.2514e+00 6.7525e+00 7.2690e+00 7.8262e+00
233 234 7.2514e+00 6.7525e+00 7.2690e+00 7.8262e+00
234 235 7.2514e+00 6.7525e+00 7.2690e+00 7.8262e+00
235 236 7.2514e+00 6.7525e+00 7.2690e+00 7.8262e+00
236 237 7.2514e+00 6.7525e+00 7.2690e+00 7.8262e+00
237 238 7.2514e+00 6.7525e+00 7.2690e+00 7.8262e+00
238 239 7.2514e+00 6.7525e+00 7.2690e+00 7.8262e+00
239 240 7.2514e+00 6.7525e+00 7.2690e+00 7.8262e+00
240 241 7.2514e+00 6.7525e+00 7.2690e+00 7.8262e+00
241 243 7.2514e+00 6.7525e+00 7.2690e+00 7.8262e+00
243 244 7.2514e+00 6.7525e+00 7.2690e+00 7.8262e+00
244 245 7.2514e+00 6.7525e+00 7.2690e+00 7.8262e+00
245 246 7.2514e+00 6.7525e+00 7.2690e+00 7.8262e+00
246 247 7.2514e+00 6.7525e+00 7.2690e+00 7.8262e+00
247 248 7.2514e+00 6.7525e+00 7.2690e+00 7.8262e+00
248 249 7.2514e+00 6.7525e+00 7.2690e+00 7.8262e+00
249 250 7.2514e+00 6.7525e+00 7.2690e+00 7.8262e+00
250 251 7.2514e+00 6.7525e+00 7.2690e+00 7.8262e+00
251 252 7.2514e+00 6.7525e+00 7.2690e+00 7.8262e+00
252 253 7.2514e+00 6.7525e+00 7.2690e+00 7.8262e+00
253 254 7.2514e+00 6.7525e+00 7.2690e+00 7.8262e+00
254 255 7.2514e+00 6.7525e+00 7.2690e+00 7.8262e+00
255 256 7.2514e+00 6.7525e+00 7.2690e+00 7.8262e+00
256 257 7.2514e+00 6.7525e+00 7.2690e+00 7.8262e+00
257 259 7.2514e+00 6.7525e+00 7.2690e+00 7.8262e+00
259 260 7.2514e+00 6.7525e+00 7.2690e+00 7.8262e+00
260 261 7.2514e+00 6.7525e+00 7.2690e+00 7.8262e+00
261 262 7.2514e+00 6.7525e+00 7.2690e+00 7.8262e+00
262 263 7.2514e+00 6.7525e+00 7.2690e+00 7.8262e+00
263 264 7.2514e+00 6.7525e+00 7.2690e+00 7.8262e+00
264 265 7.2514e+00 6.7525e+00 7.2690e+00 7.8262e+00
265 266 7.2514e+00 6.7525e+00 7.2690e+00 7.8262e+00
266 267 7.2514e+00 6.7525e+00 7.2690e+00 7.8262e+00
267 268 7.2514e+00 6.7525e+00 7.2690e+00 7.8262e+00
268 269 7.2514e+00 6.7525e+00 7.2690e+00 7.8262e+00
269 270 7.2514e+00 6.7525e+00 7.2690e+00 7.8262e+00
270 271 7.2514e+00 6.7525e+00 7.2690e+00 7.8262e+00
271 272 7.2514e+00 6.7525e+00 7.2690e+00 7.8262e+00
272 273 7.2514e+00 6.7525e+00 7.2690e+00 7.8262e+00
273 274 7.2514e+00 6.7525e+00 7.2690e+00 7.8262e+00
274 275 7.2514e+00 6.7525e+00 7.2690e+00 7.8262e+00
275 276 7.2514e+00 6.7525e+00 7.2690e+00 7.8262e+00
276 277 7.2514e+00 6.7525e+00 7.2690e+00 7.8262e+00
277 278 7.2514e+00 6.7525e+00 7.2690e+00 7.8262e+00
278 279 7.2514e+00 6.7525e+00 7.2690e+00 7.8262e+00
279 280 7.2514e+00 6.7525e+00 7.2690e+00 7.8262e+00
280 281 7.2514e+00 6.7525e+00 7.2690e+00 7.8262e+00
281 282 7.2514e+00 6.7525e+00 7.2690e+00 7.8262e+00
282 283 7.2514e+00 6.7525e+00 7.2690e+00 7.8262e+00
283 284 7.2514e+00 6.7525e+00 7.2690e+00 7.8262e+00
284 285 7.2514e+00 6.7525e+00 7.2690e+00 7.8262e+00
285 286 7.2514e+00 6.7525e+00 7.2690e+00 7.8262e+00
286 287 7.2514e+00 6.7525e+00 7.2690e+00 7.8262e+00
287 288 7.2514e+00 6.7525e+00 7.2690e+00 7.8262e+00
288 289 7.2514e+00 6.7525e+00 7.2690e+00 7.8262e+00
289 290 7.2514e+00 6.7525e+00 7.2690e+00 7.8262e+00
290 291 7.2514e+00 6.7525e+00 7.2690e+00 7.8262e+00
291 292 7.2514e+00 6.7525e+00 7.2690e+00 7.8262e+00
292 293 7.2514e+00 6.7525e+00 7.2690e+00 7.8262e+00
293 294 7.2514e+00 6.7525e+00 7.2690e+00 7.8262e+00
294 295 7.2514e+00 6.7525e+00 7.2690e+00 7.8262e+00
295 296 7.2514e+00 6.7525e+00 7.2690e+00 7.8262e+00
296 297 7.2514e+00 6.7525e+00 7.2690e+00 7.8262e+00
297 298 7.2514e+00 6.7525e+00 7.2690e+00 7.8262e+00
298 299 7.2514e+00 6.7525e+00 7.2690e+00 7.8262e+00
299 300 7.2514e+00 6.7525e+00 7.2690e+00 7.8262e+00
300 301 7.2514e+00 6.7525e+00 7.2690e+00 7.8262e+00
301 302 7.2514e+00 6.7525e+00 7.2690e+00 7.8262e+00
302 303 7.2514e+00 6.7525e+00 7.2690e+00 7.8262e+00
303 304 7.2514e+00 6.7525e+00 7.2690e+00 7.8262e+00
304 305 7.2514e+00 6.7525e+00 7.2690e+00 7.8262e+00
305 306 7.2514e+00 6.7525e+00 7.2690e+00 7.8262e+00
306 307 7.2514e+00 6.7525e+00 7.2690e+00 7.8262e+00
307 308 7.2514e+00 6.7525e+00 7.2690e+00 7.8262e+00
308 309 7.2514e+00 6.7525e+00 7.2690e+00 7.8262e+00
309 310 7.2514e+00 6.7525e+00 7.2690e+00 7.8262e+00
310 311 7.2514e+00 6.7525e+00 7.2690e+00 7.8262e+00
311 312 7.2514e+00 6.7525e+00 7.2690e+00 7.8262e+00
312 313 7.2514e+00 6.7525e+00 7.2690e+00 7.8262e+00
313 314 7.2514e+00 6.7525e+00 7.2690e+00 7.8262e+00
314 315 7.2514e+00 6.7525e+00 7.2690e+00 7.8262e+00
315 316 7.2514e+00 6.7525e+00 7.2690e+00 7.8262e+00
316 318 7.2514e+00 6.7525e+00 7.2690e+00 7.8262e+00
318 319 7.2514e+00 6.7525e+00 7.2690e+00 7.8262e+00
319 320 7.2514e+00 6.7525e+00 7.2690e+00 7.8262e+00
320 321 7.2514e+00 6.7525e+00 7.2690e+00 7.8262e+00
321 322 7.2514e+00 6.7525e+00 7.2690e+00 7.8262e+00
322 323 7.2514e+00 6.7525e+00 7.2690e+00 7.8262e+00
323 324 7.2514e+00 6.7525e+00 7.2690e+00 7.8262e+00
324 325 7.2514e+00 6.7525e+00 7.2690e+00 7.8262e+00
325 326 7.2514e+00 6.7525e+00 7.2690e+00 7.8262e+00
326 327 7.2514e+00 6.7525e+00 7.2690e+00 7.8262e+00
327 328 7.2514e+00 6.7525e+00 7.2690e+00 7.8262e+00
328 329 7.2514e+00 6.7525e+00 7.2690e+00 7.8262e+00
329 330 7.2514e+00 6.7525e+00 7.2690e+00 7.8262e+00
330 331 7.2514e+00 6.7525e+00 7.2690e+00 7.8262e+00
331 332 7.2514e+00 6.7525e+00 7.2690e+00 7.8262e+00
332 333 7.2514e+00 6.7525e+00 7.2690e+00 7.8262e+00
333 334 7.2514e+00 6.7525e+00 7.2690e+00 7.8262e+00
334 335 7.2514e+00 6.7525e+00 7.2690e+00 7.8262e+00
335 336 7.2514e+00 6.7525e+00 7.2690e+00 7.8262e+00
336 337 7.2514e+00 6.7525e+00 7.2690e+00 7.8262e+00
337 338 7.2514e+00 6.7525e+00 7.2690e+00 7.8262e+00
338 339 7.2514e+00 6.7525e+00 7.2690e+00 7.8262e+00
339 340 7.2514e+00 6.7525e+00 7.2690e+00 7.8262e+00
340 341 7.2514e+00 6.7525e+00 7.2690e+00 7.8262e+00
341 342 7.2514e+00 6.7525e+00 7.2690e+00 7.8262e+00
342 343 7.2514e+00 6.7525e+00 7.2690e+00 7.8262e+00
343 344 7.2514e+00 6.7525e+00 7.2690e+00 7.8262e+00
344 345 7.2514e+00 6.7525e+00 7.2690e+00 7.8262e+00
345 346 7.2514e+00 6.7525e+00 7.2690e+00 7.8262e+00
346 347 7.2514e+00 6.7525e+00 7.2690e+00 7.8262e+00
347 348 7.2514e+00 6.7525e+00 7.2690e+00 7.8262e+00
348 349 7.2514e+00 6.7525e+00 7.2690e+00 7.8262e+00
349 350 7.2514e+00 6.7525e+00 7.2690e+00 7.8262e+00
350 351 7.2514e+00 6.7525e+00 7.2690e+00 7.8262e+00
351 352 7.2514e+00 6.7525e+00 7.2690e+00 7.8262e+00
352 353 7.2514e+00 6.7525e+00 7.2690e+00 7.8262e+00
353 354 7.2514e+00 6.7525e+00 7.2690e+00 7.8262e+00
354 355 7.2514e+00 6.7525e+00 7.2690e+00 7.8262e+00
355 356 7.2514e+00 6.7525e+00 7.2690e+00 7.8262e+00
356 357 7.2514e+00 6.7525e+00 7.2690e+00 7.8262e+00
357 358 7.2514e+00 6.7525e+00 7.2690e+00 7.8262e+00
358 359 7.2514e+00 6.7525e+00 7.2690e+00 7.8262e+00
359 360 7.2514e+00 6.7525e+00 7.2690e+00 7.8262e+00
360 361 7.2514e+00 6.7525e+00 7.2690e+00 7.8262e+00
361 362 7.2514e+00 6.7525e+00 7.2690e+00 7.8262e+00
362 363 7.2514e+00 6.7525e+00 7.2690e+00 7.8262e+00
363 364 7.2514e+00 6.7525e+00 7.2690e+00 7.8262e+00
364 365 7.2514e+00 6.7525e+00 7.2690e+00 7.8262e+00
365 366 7.2514e+00 6.7525e+00 7.2690e+00 7.8262e+00
366 367 7.2514e+00 6.7525e+00 7.2690e+00 7.8262e+00
367 368 7.2514e+00 6.7525e+00 7.2690e+00 7.8262e+00
368 369 7.2514e+00 6.7525e+00 7.2690e+00 7.8262e+00
369 370 7.2514e+00 6.7525e+00 7.2690e+00 7.8262e+00
370 372 7.2514e+00 6.7525e+00 7.2690e+00 7.8262e+00
372 373 7.2514e+00 6.7525e+00 7.2690e+00 7.8262e+00
373 374 7.2514e+00 6.7525e+00 7.2690e+00 7.8262e+00
374 375 7.2514e+00 6.7525e+00 7.2690e+00 7.8262e+00
375 376 7.2514e+00 6.7525e+00 7.2690e+00 7.8262e+00
376 377 7.2514e+00 6.7525e+00 7.2690e+00 7.8262e+00
377 378 7.2514e+00 6.7525e+00 7.2690e+00 7.8262e+00
378 379 7.2514e+00 6.7525e+00 7.2690e+00 7.8262e+00
379 380 7.2514e+00 6.7525e+00 7.2690e+00 7.8262e+00
380 381 7.2514e+00 6.7525e+00 7.2690e+00 7.8262e+00
381 382 7.2514e+00 6.7525e+00 7.2690e+00 7.8262e+00
382 383 7.2514e+00 6.7525e+00 7.2690e+00 7.8262e+00
383 384 7.2514e+00 6.7525e+00 7.2690e+00 7.8262e+00
384 385 7.2514e+00 6.7525e+00 7.2690e+00 7.8262e+00
385 386 7.2514e+00 6.7525e+00 7.2690e+00 7.8262e+00
386 387 7.2514e+00 6.7525e+00 7.2690e+00 7.8262e+00
387 388 7.2514e+00 6.7525e+00 7.2690e+00 7.8262e+00
388 389 7.2514e+00 6.7525e+00 7.2690e+00 7.8262e+00
389 390 7.2514e+00 6.7525e+00 7.2690e+00 7.8262e+00
390 391 7.2514e+00 6.7525e+00 7.2690e+00 7.8262e+00
391 392 7.2514e+00 6.7525e+00 7.2690e+00 7.8262e+00
392 393 7.2514e+00 6.7525e+00 7.2690e+00 7.8262e+00
393 394 7.2514e+00 6.7525e+00 7.2690e+00 7.8262e+00
394 395 7.2514e+00 6.7525e+00 7.2690e+00 7.8262e+00
395 396 7.2514e+00 6.7525e+00 7.2690e+00 7.8262e+00
396 397 7.2514e+00 6.7525e+00 7.2690e+00 7.8262e+00
397 398 7.2514e+00 6.7525e+00 7.2690e+00 7.8262e+00
398 399 7.2514e+00 6.7525e+00 7.2690e+00 7.8262e+00
399 400 7.2514e+00 6.7525e+00 7.2690e+00 7.8262e+00
400 402 7.2514e+00 6.7525e+00 7.2690e+00 7.8262e+00
402 403 7.2514e+00 6.7525e+00 7.2690e+00 7.8262e+00
403 404 7.2514e+00 6.7525e+00 7.2690e+00 7.8262e+00
404 405 7.2514e+00 6.7525e+00 7.2690e+00 7.8262e+00
405 406 7.2514e+00 6.7525e+00 7.2690e+00 7.8262e+00
406 407 7.2514e+00 6.7525e+00 7.2690e+00 7.8262e+00
407 408 7.2514e+00 6.7525e+00 7.2690e+00 7.8262e+00
408 409 7.2514e+00 6.7525e+00 7.2690e+00 7.8262e+00
409 410 7.2514e+00 6.7525e+00 7.2690e+00 7.8262e+00
410 411 7.2514e+00 6.7525e+00 7.2690e+00 7.8262e+00
411 412 7.2514e+00 6.7525e+00 7.2690e+00 7.8262e+00
412 413 7.2514e+00 6.7525e+00 7.2690e+00 7.8262e+00
413 415 7.2514e+00 6.7525e+00 7.2690e+00 7.8262e+00
415 416 7.2514e+00 6.7525e+00 7.2690e+00 7.8262e+00
416 417 7.2514e+00 6.7525e+00 7.2690e+00 7.8262e+00
417 418 7.2514e+00 6.7525e+00 7.2690e+00 7.8262e+00
418 419 7.2514e+00 6.7525e+00 7.2690e+00 7.8262e+00
419 420 7.2514e+00 6.7525e+00 7.2690e+00 7.8262e+00
420 421 7.2514e+00 6.7525e+00 7.2690e+00 7.8262e+00
421 422 7.2514e+00 6.7525e+00 7.2690e+00 7.8262e+00
422 423 7.2514e+00 6.7525e+00 7.2690e+00 7.8262e+00
423 424 7.2514e+00 6.7525e+00 7.2690e+00 7.8262e+00
424 425 7.2514e+00 6.7525e+00 7.2690e+00 7.8262e+00
425 426 7.2514e+00 6.7525e+00 7.2690e+00 7.8262e+00
426 427 7.2514e+00 6.7525e+00 7.2690e+00 7.8262e+00
427 428 7.2514e+00 6.7525e+00 7.2690e+00 7.8262e+00
428 429 7.2514e+00 6.7525e+00 7.2690e+00 7.8262e+00
429 430 7.2514e+00 6.7525e+00 7.2690e+00 7.8262e+00
430 431 7.2514e+00 6.7525e+00 7.2690e+00 7.8262e+00
431 432 7.2514e+00 6.7525e+00 7.2690e+00 7.8262e+00
432 433 7.2514e+00 6.7525e+00 7.2690e+00 7.8262e+00
433 434 7.2514e+00 6.7525e+00 7.2690e+00 7.8262e+00
434 435 7.2514e+00 6.7525e+00 7.2690e+00 7.8262e+00
435 436 7.2514e+00 6.7525e+00 7.2690e+00 7.8262e+00
436 437 7.2514e+00 6.7525e+00 7.2690e+00 7.8262e+00
437 438 7.2514e+00 6.7525e+00 7.2690e+00 7.8262e+00
438 439 7.2514e+00 6.7525e+00 7.2690e+00 7.8262e+00
439 440 7.2514e+00 6.7525e+00 7.2690e+00 7.8262e+00
440 441 7.2514e+00 6.7525e+00 7.2690e+00 7.8262e+00
441 442 7.2514e+00 6.7525e+00 7.2690e+00 7.8262e+00
442 443 7.2514e+00 6.7525e+00 7.2690e+00 7.8262e+00
443 444 7.2514e+00 6.7525e+00 7.2690e+00 7.8262e+00
444 445 7.2514e+00 6.7525e+00 7.2690e+00 7.8262e+00
445 446 7.2514e+00 6.7525e+00 7.2690e+00 7.8262e+00
446 447 7.2514e+00 6.7525e+00 7.2690e+00 7.8262e+00
447 448 7.2514e+00 6.7525e+00 7.2690e+00 7.8262e+00
448 449 7.2514e+00 6.7525e+00 7.2690e+00 7.8262e+00
449 450 7.2514e+00 6.7525e+00 7.2690e+00 7.8262e+00
450 451 7.2514e+00 6.7525e+00 7.2690e+00 7.8262e+00
451 452 7.2514e+00 6.7525e+00 7.2690e+00 7.8262e+00
452 453 7.2514e+00 6.7525e+00 7.2690e+00 7.8262e+00
453 454 7.2514e+00 6.7525e+00 7.2690e+00 7.8262e+00
454 455 7.2514e+00 6.7525e+00 7.2690e+00 7.8262e+00
455 456 7.2514e+00 6.7525e+00 7.2690e+00 7.8262e+00
456 457 7.2514e+00 6.7525e+00 7.2690e+00 7.8262e+00
457 458 7.2514e+00 6.7525e+00 7.2690e+00 7.8262e+00
458 459 7.2514e+00 6.7525e+00 7.2690e+00 7.8262e+00
459 460 7.2514e+00 6.7525e+00 7.2690e+00 7.8262e+00
460 461 7.2514e+00 6.7525e+00 7.2690e+00 7.8262e+00
461 462 7.2514e+00 6.7525e+00 7.2690e+00 7.8262e+00
462 463 7.2514e+00 6.7525e+00 7.2690e+00 7.8262e+00
463 464 7.2514e+00 6.7525e+00 7.2690e+00 7.8262e+00
464 465 7.2514e+00 6.7525e+00 7.2690e+00 7.8262e+00
465 466 7.2514e+00 6.7525e+00 7.2690e+00 7.8262e+00
466 467 7.2514e+00 6.7525e+00 7.2690e+00 7.8262e+00
467 468 7.2514e+00 6.7525e+00 7.2690e+00 7.8262e+00
468 469 7.2514e+00 6.7525e+00 7.2690e+00 7.8262e+00
469 470 7.2514e+00 6.7525e+00 7.2690e+00 7.8262e+00
470 471 7.2514e+00 6.7525e+00 7.2690e+00 7.8262e+00
471 472 7.2514e+00 6.7525e+00 7.2690e+00 7.8262e+00
472 473 7.2514e+00 6.7525e+00 7.2690e+00 7.8262e+00
473 474 7.2514e+00 6.7525e+00 7.2690e+00 7.8262e+00
474 475 7.2514e+00 6.7525e+00 7.2690e+00 7.8262e+00
475 476 7.2514e+00 6.7525e+00 7.2690e+00 7.8262e+00
476 477 7.2514e+00 6.7525e+00 7.2690e+00 7.8262e+00
477 478 7.2514e+00 6.7525e+00 7.2690e+00 7.8262e+00
478 479 7.2514e+00 6.7525e+00 7.2690e+00 7.8262e+00
479 480 7.2514e+00 6.7525e+00 7.2690e+00 7.8262e+00
480 481 7.2514e+00 6.7525e+00 7.2690e+00 7.8262e+00
481 483 7.2514e+00 6.7525e+00 7.2690e+00 7.8262e+00
483 484 7.2514e+00 6.7525e+00 7.2690e+00 7.8262e+00
484 485 7.2514e+00 6.7525e+00 7.2690e+00 7.8262e+00
485 486 7.2514e+00 6.7525e+00 7.2690e+00 7.8262e+00
486 487 7.2514e+00 6.7525e+00 7.2690e+00 7.8262e+00
487 488 7.2514e+00 6.7525e+00 7.2690e+00 7.8262e+00
488 489 7.2514e+00 6.7525e+00 7.2690e+00 7.8262e+00
489 490 7.2514e+00 6.7525e+00 7.2690e+00 7.8262e+00
490 491 7.2514e+00 6.7525e+00 7.2690e+00 7.8262e+00
491 492 7.2514e+00 6.7525e+00 7.2690e+00 7.8262e+00
492 493 7.2514e+00 6.7525e+00 7.2690e+00 7.8262e+00
493 495 7.2514e+00 6.7525e+00 7.2690e+00 7.8262e+00
495 496 7.2514e+00 6.7525e+00 7.2690e+00 7.8262e+00
496 497 7.2514e+00 6.7525e+00 7.2690e+00 7.8262e+00
497 498 7.2514e+00 6.7525e+00 7.2690e+00 7.8262e+00
498 499 7.2514e+00 6.7525e+00 7.2690e+00 7.8262e+00
499 500 7.2514e+00 6.7525e+00 7.2690e+00 7.8262e+00
500 501 7.2514e+00 6.7525e+00 7.2690e+00 7.8262e+00
501 502 7.2514e+00 6.7525e+00 7.2690e+00 7.8262e+00
502 503 7.2514e+00 6.7525e+00 7.2690e+00 7.8262e+00
503 504 7.2514e+00 6.7525e+00 7.2690e+00 7.8262e+00
504 505 7.2514e+00 6.7525e+00 7.2690e+00 7.8262e+00
505 506 7.2514e+00 6.7525e+00 7.2690e+00 7.8262e+00
506 507 7.2514e+00 6.7525e+00 7.2690e+00 7.8262e+00
507 508 7.2514e+00 6.7525e+00 7.2690e+00 7.8262e+00
508 509 7.2514e+00 6.7525e+00 7.2690e+00 7.8262e+00
509 510 7.2514e+00 6.7525e+00 7.2690e+00 7.8262e+00
510 511 7.2514e+00 6.7525e+00 7.2690e+00 7.8262e+00
511 512 7.2514e+00 6.7525e+00 7.2690e+00 7.8262e+00
512 513 7.2514e+00 6.7525e+00 7.2690e+00 7.8262e+00
513 514 7.2514e+00 6.7525e+00 7.2690e+00 7.8262e+00
514 515 7.2514e+00 6.7525e+00 7.2690e+00 7.8262e+00
515 516 7.2514e+00 6.7525e+00 7.2690e+00 7.8262e+00
516 517 7.2514e+00 6.7525e+00 7.2690e+00 7.8262e+00
517 518 7.2514e+00 6.7525e+00 7.2690e+00 7.8262e+00
518 519 7.2514e+00 6.7525e+00 7.2690e+00 7.8262e+00
519 520 7.2514e+00 6.7525e+00 7.2690e+00 7.8262e+00
520 521 7.2514e+00 6.7525e+00 7.2690e+00 7.8262e+00
521 522 7.2514e+00 6.7525e+00 7.2690e+00 7.8262e+00
522 523 7.2514e+00 6.7525e+00 7.2690e+00 7.8262e+00
523 524 7.2514e+00 6.7525e+00 7.2690e+00 7.8262e+00
524 525 7.2514e+00 6.7525e+00 7.2690e+00 7.8262e+00
525 526 7.2514e+00 6.7525e+00 7.2690e+00 7.8262e+00
526 527 7.2514e+00 6.7525e+00 7.2690e+00 7.8262e+00
527 528 7.2514e+00 6.7525e+00 7.2690e+00 7.8262e+00
528 529 7.2514e+00 6.7525e+00 7.2690e+00 7.8262e+00
529 530 7.2514e+00 6.7525e+00 7.2690e+00 7.8262e+00
530 531 7.2514e+00 6.7525e+00 7.2690e+00 7.8262e+00
531 532 7.2514e+00 6.7525e+00 7.2690e+00 7.8262e+00
532 533 7.2514e+00 6.7525e+00 7.2690e+00 7.8262e+00
533 534 7.2514e+00 6.7525e+00 7.2690e+00 7.8262e+00
534 535 7.2514e+00 6.7525e+00 7.2690e+00 7.8262e+00
535 536 7.2514e+00 6.7525e+00 7.2690e+00 7.8262e+00
536 537 7.2514e+00 6.7525e+00 7.2690e+00 7.8262e+00
537 538 7.2514e+00 6.7525e+00 7.2690e+00 7.8262e+00
538 539 7.2514e+00 6.7525e+00 7.2690e+00 7.8262e+00
539 540 7.2514e+00 6.7525e+00 7.2690e+00 7.8262e+00
540 541 7.2514e+00 6.7525e+00 7.2690e+00 7.8262e+00
541 542 7.2514e+00 6.7525e+00 7.2690e+00 7.8262e+00
542 543 7.2514e+00 6.7525e+00 7.2690e+00 7.8262e+00
543 544 7.2514e+00 6.7525e+00 7.2690e+00 7.8262e+00
544 545 7.2514e+00 6.7525e+00 7.2690e+00 7.8262e+00
545 547 7.2514e+00 6.7525e+00 7.2690e+00 7.8262e+00
547 548 7.2514e+00 6.7525e+00 7.2690e+00 7.8262e+00
548 549 7.2514e+00 6.7525e+00 7.2690e+00 7.8262e+00
549 550 7.2514e+00 6.7525e+00 7.2690e+00 7.8262e+00
550 551 7.2514e+00 6.7525e+00 7.2690e+00 7.8262e+00
551 552 7.2514e+00 6.7525e+00 7.2690e+00 7.8262e+00
552 553 7.2514e+00 6.7525e+00 7.2690e+00 7.8262e+00
553 554 7.2514e+00 6.7525e+00 7.2690e+00 7.8262e+00
554 555 7.2514e+00 6.7525e+00 7.2690e+00 7.8262e+00
555 556 7.2514e+00 6.7525e+00 7.2690e+00 7.8262e+00
556 557 7.2514e+00 6.7525e+00 7.2690e+00 7.8262e+00
557 558 7.2514e+00 6.7525e+00 7.2690e+00 7.8262e+00
558 559 7.2514e+00 6.7525e+00 7.2690e+00 7.8262e+00
559 560 7.2514e+00 6.7525e+00 7.2690e+00 7.8262e+00
560 561 7.2514e+00 6.7525e+00 7.2690e+00 7.8262e+00
561 562 7.2514e+00 6.7525e+00 7.2690e+00 7.8262e+00
562 563 7.2514e+00 6.7525e+00 7.2690e+00 7.8262e+00
563 564 7.2514e+00 6.7525e+00 7.2690e+00 7.8262e+00
564 565 7.2514e+00 6.7525e+00 7.2690e+00 7.8262e+00
565 566 7.2514e+00 6.7525e+00 7.2690e+00 7.8262e+00
566 567 7.2514e+00 6.7525e+00 7.2690e+00 7.8262e+00
567 568 7.2514e+00 6.7525e+00 7.2690e+00 7.8262e+00
568 569 7.2514e+00 6.7525e+00 7.2690e+00 7.8262e+00
569 570 7.2514e+00 6.7525e+00 7.2690e+00 7.8262e+00
570 571 7.2514e+00 6.7525e+00 7.2690e+00 7.8262e+00
571 572 7.2514e+00 6.7525e+00 7.2690e+00 7.8262e+00
572 573 7.2514e+00 6.7525e+00 7.2690e+00 7.8262e+00
573 574 7.2514e+00 6.7525e+00 7.2690e+00 7.8262e+00
574 575 7.2514e+00 6.7525e+00 7.2690e+00 7.8262e+00
575 576 7.2514e+00 6.7525e+00 7.2690e+00 7.8262e+00
576 577 7.2514e+00 6.7525e+00 7.2690e+00 7.8262e+00
577 578 7.2514e+00 6.7525e+00 7.2690e+00 7.8262e+00
578 579 7.2514e+00 6.7525e+00 7.2690e+00 7.8262e+00
579 580 7.2514e+00 6.7525e+00 7.2690e+00 7.8262e+00
580 581 7.2514e+00 6.7525e+00 7.2690e+00 7.8262e+00
581 582 7.2514e+00 6.7525e+00 7.2690e+00 7.8262e+00
582 583 7.2514e+00 6.7525e+00 7.2690e+00 7.8262e+00
583 584 7.2514e+00 6.7525e+00 7.2690e+00 7.8262e+00
584 585 7.2514e+00 6.7525e+00 7.2690e+00 7.8262e+00
585 586 7.2514e+00 6.7525e+00 7.2690e+00 7.8262e+00
586 587 7.2514e+00 6.7525e+00 7.2690e+00 7.8262e+00
587 588 7.2514e+00 6.7525e+00 7.2690e+00 7.8262e+00
588 589 7.2514e+00 6.7525e+00 7.2690e+00 7.8262e+00
589 590 7.2514e+00 6.7525e+00 7.2690e+00 7.8262e+00
590 591 7.2514e+00 6.7525e+00 7.2690e+00 7.8262e+00
591 592 7.2514e+00 6.7525e+00 7.2690e+00 7.8262e+00
592 593 7.2514e+00 6.7525e+00 7.2690e+00 7.8262e+00
593 594 7.2514e+00 6.7525e+00 7.2690e+00 7.8262e+00
594 595 7.2514e+00 6.7525e+00 7.2690e+00 7.8262e+00
595 596 7.2514e+00 6.7525e+00 7.2690e+00 7.8262e+00
596 597 7.2514e+00 6.7525e+00 7.2690e+00 7.8262e+00
597 598 7.2514e+00 6.7525e+00 7.2690e+00 7.8262e+00
598 599 6.6734e+00 1.3331e+00 7.2230e+00 7.8047e+00
599 600 1.3570e+00 1.1820e+00 1.3560e+00 1.5500e+00
600 601 1.3570e+00 1.1820e+00 1.3560e+00 1.5500e+00
601 602 1.3570e+00 1.1820e+00 1.3560e+00 1.5500e+00
602 603 1.3570e+00 1.1820e+00 1.3560e+00 1.5500e+00
603 604 1.3570e+00 1.1820e+00 1.3560e+00 1.5500e+00
604 605 1.3570e+00 1.1820e+00 1.3560e+00 1.5500e+00
605 606 1.3570e+00 1.1820e+00 1.3560e+00 1.5500e+00
606 607 1.3570e+00 1.1820e+00 1.3560e+00 1.5500e+00
607 608 1.3570e+00 1.1820e+00 1.3560e+00 1.5500e+00
608 609 1.3570e+00 1.1820e+00 1.3560e+00 1.5500e+00
609 610 1.3570e+00 1.1820e+00 1.3560e+00 1.5500e+00
610 611 1.3570e+00 1.1820e+00 1.3560e+00 1.5500e+00
611 612 1.3570e+00 1.1820e+00 1.3560e+00 1.5500e+00
612 613 1.3570e+00 1.1820e+00 1.3560e+00 1.5500e+00
613 614 1.3570e+00 1.1820e+00 1.3560e+00 1.5500e+00
614 615 1.3570e+00 1.1820e+00 1.3560e+00 1.5500e+00
615 616 1.3570e+00 1.1820e+00 1.3560e+00 1.5500e+00
616 617 1.3570e+00 1.1820e+00 1.3560e+00 1.5500e+00
617 618 1.3570e+00 1.1820e+00 1.3560e+00 1.5500e+00
618 619 1.3570e+00 1.1820e+00 1.3560e+00 1.5500e+00
619 620 1.3570e+00 1.1820e+00 1.3560e+00 1.5500e+00
620 621 1.3570e+00 1.1820e+00 1.3560e+00 1.5500e+00
621 622 1.3570e+00 1.1820e+00 1.3560e+00 1.5500e+00
622 623 1.3570e+00 1.1820e+00 1.3560e+00 1.5500e+00
623 624 1.3570e+00 1.1820e+00 1.3560e+00 1.5500e+00
624 625 1.3570e+00 1.1820e+00 1.3560e+00 1.5500e+00
625 626 1.3570e+00 1.1820e+00 1.3560e+00 1.5500e+00
626 627 1.3570e+00 1.1820e+00 1.3560e+00 1.5500e+00
627 629 1.3570e+00 1.1820e+00 1.3560e+00 1.5500e+00
629 630 1.4152e+00 1.1853e+00 1.3577e+00 1.5821e+00
630 631 4.9599e+00 1.5600e+00 5.0567e+00 5.2604e+00
631 632 5.0568e+00 4.7606e+00 5.0602e+00 5.2654e+00
632 633 5.0568e+00 4.7606e+00 5.0602e+00 5.2654e+00
633 634 5.0568e+00 4.7606e+00 5.0602e+00 5.2654e+00
634 635 5.0568e+00 4.7606e+00 5.0602e+00 5.2654e+00
635 636 5.0568e+00 4.7606e+00 5.0602e+00 5.2654e+00
636 637 5.0568e+00 4.7606e+00 5.0602e+00 5.2654e+00
637 638 5.0568e+00 4.7606e+00 5.0602e+00 5.2654e+00
638 639 5.0568e+00 4.7606e+00 5.0602e+00 5.2654e+00
639 640 5.0568e+00 4.7606e+00 5.0602e+00 5.2654e+00
640 641 5.0568e+00 4.7606e+00 5.0602e+00 5.2654e+00
641 642 5.0568e+00 4.7606e+00 5.0602e+00 5.2654e+00
642 643 5.0568e+00 4.7606e+00 5.0602e+00 5.2654e+00
643 644 5.0568e+00 4.7606e+00 5.0602e+00 5.2654e+00
644 645 5.0568e+00 4.7606e+00 5.0602e+00 5.2654e+00
645 646 5.0568e+00 4.7606e+00 5.0602e+00 5.2654e+00
646 647 5.0568e+00 4.7606e+00 5.0602e+00 5.2654e+00
647 648 5.0568e+00 4.7606e+00 5.0602e+00 5.2654e+00
648 649 5.0568e+00 4.7606e+00 5.0602e+00 5.2654e+00
649 650 5.0568e+00 4.7606e+00 5.0602e+00 5.2654e+00
650 651 5.0568e+00 4.7606e+00 5.0602e+00 5.2654e+00
651 653 5.0568e+00 4.7606e+00 5.0602e+00 5.2654e+00
653 654 5.0568e+00 4.7606e+00 5.0602e+00 5.2654e+00
654 655 5.0568e+00 4.7606e+00 5.0602e+00 5.2654e+00
655 656 5.0568e+00 4.7606e+00 5.0602e+00 5.2654e+00
656 657 5.0568e+00 4.7606e+00 5.0602e+00 5.2654e+00
657 658 5.0568e+00 4.7606e+00 5.0602e+00 5.2654e+00
658 660 5.0568e+00 4.7606e+00 5.0602e+00 5.2654e+00
660 662 5.0568e+00 4.7606e+00 5.0602e+00 5.2654e+00
662 663 5.0568e+00 4.7606e+00 5.0602e+00 5.2654e+00
663 664 5.0568e+00 4.7606e+00 5.0602e+00 5.2654e+00
664 665 5.0568e+00 4.7606e+00 5.0602e+00 5.2654e+00
665 666 5.0568e+00 4.7606e+00 5.0602e+00 5.2654e+00
666 667 5.0568e+00 4.7606e+00 5.0602e+00 5.2654e+00
667 668 5.0568e+00 4.7606e+00 5.0602e+00 5.2654e+00
668 669 5.0568e+00 4.7606e+00 5.0602e+00 5.2654e+00
669 670 5.0568e+00 4.7606e+00 5.0602e+00 5.2654e+00
670 671 5.0568e+00 4.7606e+00 5.0602e+00 5.2654e+00
671 672 5.0568e+00 4.7606e+00 5.0602e+00 5.2654e+00
672 673 5.0568e+00 4.7606e+00 5.0602e+00 5.2654e+00
673 674 5.0568e+00 4.7606e+00 5.0602e+00 5.2654e+00
674 675 5.0568e+00 4.7606e+00 5.0602e+00 5.2654e+00
675 677 5.0568e+00 4.7606e+00 5.0602e+00 5.2654e+00
677 678 5.0568e+00 4.7606e+00 5.0602e+00 5.2654e+00
678 679 5.0568e+00 4.7606e+00 5.0602e+00 5.2654e+00
679 680 5.0568e+00 4.7606e+00 5.0602e+00 5.2654e+00
680 681 5.0568e+00 4.7606e+00 5.0602e+00 5.2654e+00
681 682 5.0568e+00 4.7606e+00 5.0602e+00 5.2654e+00
682 683 5.0568e+00 4.7606e+00 5.0602e+00 5.2654e+00
683 684 5.0568e+00 4.7606e+00 5.0602e+00 5.2654e+00
684 685 5.0568e+00 4.7606e+00 5.0602e+00 5.2654e+00
685 686 5.0568e+00 4.7606e+00 5.0602e+00 5.2654e+00
686 687 5.0568e+00 4.7606e+00 5.0602e+00 5.2654e+00
687 688 5.0568e+00 4.7606e+00 5.0602e+00 5.2654e+00
688 689 5.0568e+00 4.7606e+00 5.0602e+00 5.2654e+00
689 690 5.0568e+00 4.7606e+00 5.0602e+00 5.2654e+00
690 691 5.0568e+00 4.7606e+00 5.0602e+00 5.2654e+00
691 692 5.0568e+00 4.7606e+00 5.0602e+00 5.2654e+00
692 693 5.0568e+00 4.7606e+00 5.0602e+00 5.2654e+00
693 694 5.0568e+00 4.7606e+00 5.0602e+00 5.2654e+00
694 695 5.0568e+00 4.7606e+00 5.0602e+00 5.2654e+00
695 696 5.0568e+00 4.7606e+00 5.0602e+00 5.2654e+00
696 697 5.0568e+00 4.7606e+00 5.0602e+00 5.2654e+00
697 698 5.0568e+00 4.7606e+00 5.0602e+00 5.2654e+00
698 699 5.0568e+00 4.7606e+00 5.0602e+00 5.2654e+00
699 700 5.0568e+00 4.7606e+00 5.0602e+00 5.2654e+00
700 702 5.0568e+00 4.7606e+00 5.0602e+00 5.2654e+00
702 704 5.0568e+00 4.7606e+00 5.0602e+00 5.2654e+00
704 705 5.0568e+00 4.7606e+00 5.0602e+00 5.2654e+00
705 706 5.0568e+00 4.7606e+00 5.0602e+00 5.2654e+00
706 707 5.0568e+00 4.7606e+00 5.0602e+00 5.2654e+00
707 708 5.0568e+00 4.7606e+00 5.0602e+00 5.2654e+00
708 709 5.0568e+00 4.7606e+00 5.0602e+00 5.2654e+00
709 710 5.0568e+00 4.7606e+00 5.0602e+00 5.2654e+00
710 711 5.0568e+00 4.7606e+00 5.0602e+00 5.2654e+00
711 712 5.0568e+00 4.7606e+00 5.0602e+00 5.2654e+00
712 713 5.0568e+00 4.7606e+00 5.0602e+00 5.2654e+00
713 714 5.0568e+00 4.7606e+00 5.0602e+00 5.2654e+00
714 716 5.0568e+00 4.7606e+00 5.0602e+00 5.2654e+00
716 717 5.0568e+00 4.7606e+00 5.0602e+00 5.2654e+00
717 718 5.0568e+00 4.7606e+00 5.0602e+00 5.2654e+00
718 719 5.0568e+00 4.7606e+00 5.0602e+00 5.2654e+00
719 720 5.0568e+00 4.7606e+00 5.0602e+00 5.2654e+00
720 722 5.0568e+00 4.7606e+00 5.0602e+00 5.2654e+00
722 723 5.0568e+00 4.7606e+00 5.0602e+00 5.2654e+00
723 724 5.0568e+00 4.7606e+00 5.0602e+00 5.2654e+00
724 725 5.0568e+00 4.7606e+00 5.0602e+00 5.2654e+00
725 726 5.0568e+00 4.7606e+00 5.0602e+00 5.2654e+00
726 727 5.0568e+00 4.7606e+00 5.0602e+00 5.2654e+00
727 728 5.0568e+00 4.7606e+00 5.0602e+00 5.2654e+00
728 729 5.0568e+00 4.7606e+00 5.0602e+00 5.2654e+00
729 730 5.0568e+00 4.7606e+00 5.0602e+00 5.2654e+00
730 731 5.0568e+00 4.7606e+00 5.0602e+00 5.2654e+00
731 732 5.0568e+00 4.7606e+00 5.0602e+00 5.2654e+00
732 733 5.0568e+00 4.7606e+00 5.0602e+00 5.2654e+00
733 734 5.0568e+00 4.7606e+00 5.0602e+00 5.2654e+00
734 735 5.0568e+00 4.7606e+00 5.0602e+00 5.2654e+00
735 736 5.0568e+00 4.7606e+00 5.0602e+00 5.2654e+00
736 737 5.0568e+00 4.7606e+00 5.0602e+00 5.2654e+00
737 738 5.0568e+00 4.7606e+00 5.0602e+00 5.2654e+00
738 739 5.0568e+00 4.7606e+00 5.0602e+00 5.2654e+00
739 740 5.0568e+00 4.7606e+00 5.0602e+00 5.2654e+00
740 741 5.0568e+00 4.7606e+00 5.0602e+00 5.2654e+00
741 742 5.0568e+00 4.7606e+00 5.0602e+00 5.2654e+00
742 743 5.0568e+00 4.7606e+00 5.0602e+00 5.2654e+00
743 744 5.0568e+00 4.7606e+00 5.0602e+00 5.2654e+00
744 745 5.0568e+00 4.7606e+00 5.0602e+00 5.2654e+00
745 746 5.0568e+00 4.7606e+00 5.0602e+00 5.2654e+00
746 747 5.0568e+00 4.7606e+00 5.0602e+00 5.2654e+00
747 748 5.0568e+00 4.7606e+00 5.0602e+00 5.2654e+00
748 749 5.0568e+00 4.7606e+00 5.0602e+00 5.2654e+00
749 750 5.0568e+00 4.7606e+00 5.0602e+00 5.2654e+00
750 751 5.0568e+00 4.7606e+00 5.0602e+00 5.2654e+00
751 752 5.0568e+00 4.7606e+00 5.0602e+00 5.2654e+00
752 753 5.0568e+00 4.7606e+00 5.0602e+00 5.2654e+00
753 754 5.0568e+00 4.7606e+00 5.0602e+00 5.2654e+00
754 755 5.0568e+00 4.7606e+00 5.0602e+00 5.2654e+00
755 756 5.0568e+00 4.7606e+00 5.0602e+00 5.2654e+00
756 757 5.0568e+00 4.7606e+00 5.0602e+00 5.2654e+00
757 758 5.0568e+00 4.7606e+00 5.0602e+00 5.2654e+00
758 759 5.0568e+00 4.7606e+00 5.0602e+00 5.2654e+00
759 760 5.0568e+00 4.7606e+00 5.0602e+00 5.2654e+00
760 761 5.0568e+00 4.7606e+00 5.0602e+00 5.2654e+00
761 762 5.0568e+00 4.7606e+00 5.0602e+00 5.2654e+00
762 763 5.0568e+00 4.7606e+00 5.0602e+00 5.2654e+00
763 764 5.0568e+00 4.7606e+00 5.0602e+00 5.2654e+00
764 765 5.0568e+00 4.7606e+00 5.0602e+00 5.2654e+00
765 766 5.0568e+00 4.7606e+00 5.0602e+00 5.2654e+00
766 767 5.0568e+00 4.7606e+00 5.0602e+00 5.2654e+00
767 768 5.0568e+00 4.7606e+00 5.0602e+00 5.2654e+00
768 769 5.0568e+00 4.7606e+00 5.0602e+00 5.2654e+00
769 770 5.0568e+00 4.7606e+00 5.0602e+00 5.2654e+00
770 771 5.0568e+00 4.7606e+00 5.0602e+00 5.2654e+00
771 772 5.0568e+00 4.7606e+00 5.0602e+00 5.2654e+00
772 773 5.0568e+00 4.7606e+00 5.0602e+00 5.2654e+00
773 774 5.0568e+00 4.7606e+00 5.0602e+00 5.2654e+00
774 775 5.0568e+00 4.7606e+00 5.0602e+00 5.2654e+00
775 776 5.0568e+00 4.7606e+00 5.0602e+00 5.2654e+00
776 777 5.0568e+00 4.7606e+00 5.0602e+00 5.2654e+00
777 778 5.0568e+00 4.7606e+00 5.0602e+00 5.2654e+00
778 779 5.0568e+00 4.7606e+00 5.0602e+00 5.2654e+00
779 780 5.0568e+00 4.7606e+00 5.0602e+00 5.2654e+00
780 781 5.0568e+00 4.7606e+00 5.0602e+00 5.2654e+00
781 782 5.0568e+00 4.7606e+00 5.0602e+00 5.2654e+00
782 783 5.0568e+00 4.7606e+00 5.0602e+00 5.2654e+00
783 784 5.0568e+00 4.7606e+00 5.0602e+00 5.2654e+00
784 785 5.0568e+00 4.7606e+00 5.0602e+00 5.2654e+00
785 786 5.0568e+00 4.7606e+00 5.0602e+00 5.2654e+00
786 787 5.0568e+00 4.7606e+00 5.0602e+00 5.2654e+00
787 788 5.0568e+00 4.7606e+00 5.0602e+00 5.2654e+00
788 789 5.0568e+00 4.7606e+00 5.0602e+00 5.2654e+00
789 790 5.0568e+00 4.7606e+00 5.0602e+00 5.2654e+00
790 793 5.0568e+00 4.7606e+00 5.0602e+00 5.2654e+00
793 794 5.0568e+00 4.7606e+00 5.0602e+00 5.2654e+00
794 795 5.0568e+00 4.7606e+00 5.0602e+00 5.2654e+00
795 796 5.0568e+00 4.7606e+00 5.0602e+00 5.2654e+00
796 797 5.0568e+00 4.7606e+00 5.0602e+00 5.2654e+00
797 798 5.0568e+00 4.7606e+00 5.0602e+00 5.2654e+00
798 799 5.0568e+00 4.7606e+00 5.0602e+00 5.2654e+00
799 800 5.0568e+00 4.7606e+00 5.0602e+00 5.2654e+00
800 803 5.0568e+00 4.7606e+00 5.0602e+00 5.2654e+00
803 804 5.0568e+00 4.7606e+00 5.0602e+00 5.2654e+00
804 805 5.0568e+00 4.7606e+00 5.0602e+00 5.2654e+00
805 806 5.0568e+00 4.7606e+00 5.0602e+00 5.2654e+00
806 807 5.0568e+00 4.7606e+00 5.0602e+00 5.2654e+00
807 808 5.0568e+00 4.7606e+00 5.0602e+00 5.2654e+00
808 809 5.0568e+00 4.7606e+00 5.0602e+00 5.2654e+00
809 810 5.0568e+00 4.7606e+00 5.0602e+00 5.2654e+00
810 811 5.0568e+00 4.7606e+00 5.0602e+00 5.2654e+00
811 812 5.0568e+00 4.7606e+00 5.0602e+00 5.2654e+00
812 814 5.0568e+00 4.7606e+00 5.0602e+00 5.2654e+00
814 815 5.0568e+00 4.7606e+00 5.0602e+00 5.2654e+00
815 816 5.0568e+00 4.7606e+00 5.0602e+00 5.2654e+00
816 817 5.0568e+00 4.7606e+00 5.0602e+00 5.2654e+00
817 818 5.0568e+00 4.7606e+00 5.0602e+00 5.2654e+00
818 819 5.0568e+00 4.7606e+00 5.0602e+00 5.2654e+00
819 820 5.0568e+00 4.7606e+00 5.0602e+00 5.2654e+00
820 821 5.0568e+00 4.7606e+00 5.0602e+00 5.2654e+00
821 822 5.0568e+00 4.7606e+00 5.0602e+00 5.2654e+00
822 823 5.0568e+00 4.7606e+00 5.0602e+00 5.2654e+00
823 824 5.0568e+00 4.7606e+00 5.0602e+00 5.2654e+00
824 825 5.0568e+00 4.7606e+00 5.0602e+00 5.2654e+00
825 826 5.0568e+00 4.7606e+00 5.0602e+00 5.2654e+00
826 827 5.0568e+00 4.7606e+00 5.0602e+00 5.2654e+00
827 828 5.0568e+00 4.7606e+00 5.0602e+00 5.2654e+00
828 829 5.0568e+00 4.7606e+00 5.0602e+00 5.2654e+00
829 830 5.0568e+00 4.7606e+00 5.0602e+00 5.2654e+00
830 831 5.0568e+00 4.7606e+00 5.0602e+00 5.2654e+00
831 832 5.0568e+00 4.7606e+00 5.0602e+00 5.2654e+00
832 833 5.0568e+00 4.7606e+00 5.0602e+00 5.2654e+00
833 834 5.0568e+00 4.7606e+00 5.0602e+00 5.2654e+00
834 835 5.0568e+00 4.7606e+00 5.0602e+00 5.2654e+00
835 836 5.0568e+00 4.7606e+00 5.0602e+00 5.2654e+00
836 837 5.0568e+00 4.7606e+00 5.0602e+00 5.2654e+00
837 838 5.0568e+00 4.7606e+00 5.0602e+00 5.2654e+00
838 839 5.0568e+00 4.7606e+00 5.0602e+00 5.2654e+00
839 840 5.0568e+00 4.7606e+00 5.0602e+00 5.2654e+00
840 841 5.0568e+00 4.7606e+00 5.0602e+00 5.2654e+00
841 842 5.0568e+00 4.7606e+00 5.0602e+00 5.2654e+00
842 843 5.0568e+00 4.7606e+00 5.0602e+00 5.2654e+00
843 844 5.0568e+00 4.7606e+00 5.0602e+00 5.2654e+00
844 845 5.0568e+00 4.7606e+00 5.0602e+00 5.2654e+00
845 846 5.0568e+00 4.7606e+00 5.0602e+00 5.2654e+00
846 847 5.0568e+00 4.7606e+00 5.0602e+00 5.2654e+00
847 848 5.0568e+00 4.7606e+00 5.0602e+00 5.2654e+00
848 849 5.0568e+00 4.7606e+00 5.0602e+00 5.2654e+00
849 850 5.0568e+00 4.7606e+00 5.0602e+00 5.2654e+00
850 851 5.0568e+00 4.7606e+00 5.0602e+00 5.2654e+00
851 852 5.0568e+00 4.7606e+00 5.0602e+00 5.2654e+00
852 853 5.0568e+00 4.7606e+00 5.0602e+00 5.2654e+00
853 854 5.0568e+00 4.7606e+00 5.0602e+00 5.2654e+00
854 855 5.0568e+00 4.7606e+00 5.0602e+00 5.2654e+00
855 856 5.0568e+00 4.7606e+00 5.0602e+00 5.2654e+00
856 857 5.0568e+00 4.7606e+00 5.0602e+00 5.2654e+00
857 858 5.0568e+00 4.7606e+00 5.0602e+00 5.2654e+00
858 859 5.0568e+00 4.7606e+00 5.0602e+00 5.2654e+00
859 860 5.0568e+00 4.7606e+00 5.0602e+00 5.2654e+00
860 861 5.0568e+00 4.7606e+00 5.0602e+00 5.2654e+00
861 862 5.0568e+00 4.7606e+00 5.0602e+00 5.2654e+00
862 863 5.0568e+00 4.7606e+00 5.0602e+00 5.2654e+00
863 864 5.0568e+00 4.7606e+00 5.0602e+00 5.2654e+00
864 865 5.0568e+00 4.7606e+00 5.0602e+00 5.2654e+00
865 866 5.0568e+00 4.7606e+00 5.0602e+00 5.2654e+00
866 867 5.0568e+00 4.7606e+00 5.0602e+00 5.2654e+00
867 868 5.0568e+00 4.7606e+00 5.0602e+00 5.2654e+00
868 869 5.0568e+00 4.7606e+00 5.0602e+00 5.2654e+00
869 870 5.0568e+00 4.7606e+00 5.0602e+00 5.2654e+00
870 871 5.0568e+00 4.7606e+00 5.0602e+00 5.2654e+00
871 872 5.0568e+00 4.7606e+00 5.0602e+00 5.2654e+00
872 873 5.0568e+00 4.7606e+00 5.0602e+00 5.2654e+00
873 874 5.0568e+00 4.7606e+00 5.0602e+00 5.2654e+00
874 875 5.0568e+00 4.7606e+00 5.0602e+00 5.2654e+00
875 876 5.0568e+00 4.7606e+00 5.0602e+00 5.2654e+00
876 877 5.0568e+00 4.7606e+00 5.0602e+00 5.2654e+00
877 878 5.0568e+00 4.7606e+00 5.0602e+00 5.2654e+00
878 879 5.0568e+00 4.7606e+00 5.0602e+00 5.2654e+00
879 880 5.0568e+00 4.7606e+00 5.0602e+00 5.2654e+00
880 881 5.0568e+00 4.7606e+00 5.0602e+00 5.2654e+00
881 882 5.0568e+00 4.7606e+00 5.0602e+00 5.2654e+00
882 883 5.0568e+00 4.7606e+00 5.0602e+00 5.2654e+00
883 884 5.0568e+00 4.7606e+00 5.0602e+00 5.2654e+00
884 885 5.0568e+00 4.7606e+00 5.0602e+00 5.2654e+00
885 886 5.0568e+00 4.7606e+00 5.0602e+00 5.2654e+00
886 887 5.0568e+00 4.7606e+00 5.0602e+00 5.2654e+00
887 888 5.0568e+00 4.7606e+00 5.0602e+00 5.2654e+00
888 889 5.0568e+00 4.7606e+00 5.0602e+00 5.2654e+00
889 890 5.0568e+00 4.7606e+00 5.0602e+00 5.2654e+00
890 891 5.0568e+00 4.7606e+00 5.0602e+00 5.2654e+00
891 892 5.0568e+00 4.7606e+00 5.0602e+00 5.2654e+00
892 893 5.0568e+00 4.7606e+00 5.0602e+00 5.2654e+00
893 894 5.0568e+00 4.7606e+00 5.0602e+00 5.2654e+00
894 895 5.0568e+00 4.7606e+00 5.0602e+00 5.2654e+00
895 896 5.0568e+00 4.7606e+00 5.0602e+00 5.2654e+00
896 897 5.0568e+00 4.7606e+00 5.0602e+00 5.2654e+00
897 898 5.0568e+00 4.7606e+00 5.0602e+00 5.2654e+00
898 899 5.0568e+00 4.7606e+00 5.0602e+00 5.2654e+00
899 900 5.0568e+00 4.7606e+00 5.0602e+00 5.2654e+00
900 901 5.0568e+00 4.7606e+00 5.0602e+00 5.2654e+00
901 902 5.0568e+00 4.7606e+00 5.0602e+00 5.2654e+00
902 903 5.0568e+00 4.7606e+00 5.0602e+00 5.2654e+00
903 904 5.0568e+00 4.7606e+00 5.0602e+00 5.2654e+00
904 905 5.0568e+00 4.7606e+00 5.0602e+00 5.2654e+00
905 906 5.0568e+00 4.7606e+00 5.0602e+00 5.2654e+00
906 907 5.0568e+00 4.7606e+00 5.0602e+00 5.2654e+00
907 908 5.0568e+00 4.7606e+00 5.0602e+00 5.2654e+00
908 909 5.0568e+00 4.7606e+00 5.0602e+00 5.2654e+00
909 910 5.0568e+00 4.7606e+00 5.0602e+00 5.2654e+00
910 911 5.0568e+00 4.7606e+00 5.0602e+00 5.2654e+00
911 912 5.0568e+00 4.7606e+00 5.0602e+00 5.2654e+00
912 913 5.0568e+00 4.7606e+00 5.0602e+00 5.2654e+00
913 914 5.0568e+00 4.7606e+00 5.0602e+00 5.2654e+00
914 915 5.0568e+00 4.7606e+00 5.0602e+00 5.2654e+00
915 916 5.0568e+00 4.7606e+00 5.0602e+00 5.2654e+00
916 917 5.0568e+00 4.7606e+00 5.0602e+00 5.2654e+00
917 918 5.0568e+00 4.7606e+00 5.0602e+00 5.2654e+00
918 919 5.0568e+00 4.7606e+00 5.0602e+00 5.2654e+00
919 920 5.0568e+00 4.7606e+00 5.0602e+00 5.2654e+00
920 921 5.0568e+00 4.7606e+00 5.0602e+00 5.2654e+00
921 922 5.0568e+00 4.7606e+00 5.0602e+00 5.2654e+00
922 923 5.0568e+00 4.7606e+00 5.0602e+00 5.2654e+00
923 924 5.0568e+00 4.7606e+00 5.0602e+00 5.2654e+00
924 925 5.0568e+00 4.7606e+00 5.0602e+00 5.2654e+00
925 926 5.0568e+00 4.7606e+00 5.0602e+00 5.2654e+00
926 927 5.0568e+00 4.7606e+00 5.0602e+00 5.2654e+00
927 929 5.0568e+00 4.7606e+00 5.0602e+00 5.2654e+00
929 930 5.0568e+00 4.7606e+00 5.0602e+00 5.2654e+00
930 931 5.0568e+00 4.7606e+00 5.0602e+00 5.2654e+00
931 932 5.0568e+00 4.7606e+00 5.0602e+00 5.2654e+00
932 933 5.0568e+00 4.7606e+00 5.0602e+00 5.2654e+00
933 934 5.0568e+00 4.7606e+00 5.0602e+00 5.2654e+00
934 935 5.0568e+00 4.7606e+00 5.0602e+00 5.2654e+00
935 936 5.0568e+00 4.7606e+00 5.0602e+00 5.2654e+00
936 937 5.0568e+00 4.7606e+00 5.0602e+00 5.2654e+00
937 938 5.0568e+00 4.7606e+00 5.0602e+00 5.2654e+00
938 939 5.0568e+00 4.7606e+00 5.0602e+00 5.2654e+00
939 941 5.0568e+00 4.7606e+00 5.0602e+00 5.2654e+00
941 942 5.0568e+00 4.7606e+00 5.0602e+00 5.2654e+00
942 943 5.0568e+00 4.7606e+00 5.0602e+00 5.2654e+00
943 944 5.0568e+00 4.7606e+00 5.0602e+00 5.2654e+00
944 945 5.0568e+00 4.7606e+00 5.0602e+00 5.2654e+00
945 946 5.0568e+00 4.7606e+00 5.0602e+00 5.2654e+00
946 947 5.0568e+00 4.7606e+00 5.0602e+00 5.2654e+00
947 948 5.0568e+00 4.7606e+00 5.0602e+00 5.2654e+00
948 949 5.0568e+00 4.7606e+00 5.0602e+00 5.2654e+00
949 950 4.9992e+00 4.7297e+00 5.0590e+00 5.2654e+00
950 951 2.0291e+00 3.6635e-01 5.0199e-01 5.1324e+00
951 952 4.4179e-01 3.1470e-01 4.3504e-01 5.7723e-01
952 953 4.4179e-01 3.1470e-01 4.3504e-01 5.7723e-01
953 954 4.4179e-01 3.1470e-01 4.3504e-01 5.7723e-01
954 955 4.4179e-01 3.1470e-01 4.3504e-01 5.7723e-01
955 956 4.4179e-01 3.1470e-01 4.3504e-01 5.7723e-01
956 957 4.4179e-01 3.1470e-01 4.3504e-01 5.7723e-01
957 958 4.4179e-01 3.1470e-01 4.3504e-01 5.7723e-01
958 959 4.4179e-01 3.1470e-01 4.3504e-01 5.7723e-01
959 960 4.4179e-01 3.1470e-01 4.3504e-01 5.7723e-01
960 961 4.4179e-01 3.1470e-01 4.3504e-01 5.7723e-01
961 962 4.4179e-01 3.1470e-01 4.3504e-01 5.7723e-01
962 963 4.4179e-01 3.1470e-01 4.3504e-01 5.7723e-01
963 964 4.4179e-01 3.1470e-01 4.3504e-01 5.7723e-01
964 965 4.4179e-01 3.1470e-01 4.3504e-01 5.7723e-01
965 966 4.4179e-01 3.1470e-01 4.3504e-01 5.7723e-01
966 967 4.4179e-01 3.1470e-01 4.3504e-01 5.7723e-01
967 968 5.2886e+00 4.7191e-01 5.6682e+00 6.0963e+00
968 969 5.6837e+00 5.1679e+00 5.6814e+00 6.1019e+00
969 970 5.6837e+00 5.1679e+00 5.6814e+00 6.1019e+00
970 971 5.6837e+00 5.1679e+00 5.6814e+00 6.1019e+00
971 972 5.6837e+00 5.1679e+00 5.6814e+00 6.1019e+00
972 973 5.6837e+00 5.1679e+00 5.6814e+00 6.1019e+00
973 974 5.6837e+00 5.1679e+00 5.6814e+00 6.1019e+00
974 975 5.6837e+00 5.1679e+00 5.6814e+00 6.1019e+00
975 976 5.6837e+00 5.1679e+00 5.6814e+00 6.1019e+00
976 977 5.6837e+00 5.1679e+00 5.6814e+00 6.1019e+00
977 978 5.6837e+00 5.1679e+00 5.6814e+00 6.1019e+00
978 979 5.6837e+00 5.1679e+00 5.6814e+00 6.1019e+00
979 980 5.6837e+00 5.1679e+00 5.6814e+00 6.1019e+00
980 981 5.6837e+00 5.1679e+00 5.6814e+00 6.1019e+00
981 982 5.6837e+00 5.1679e+00 5.6814e+00 6.1019e+00
982 983 5.6837e+00 5.1679e+00 5.6814e+00 6.1019e+00
983 984 5.6837e+00 5.1679e+00 5.6814e+00 6.1019e+00
984 985 5.6837e+00 5.1679e+00 5.6814e+00 6.1019e+00
985 986 5.6837e+00 5.1679e+00 5.6814e+00 6.1019e+00
986 987 5.6837e+00 5.1679e+00 5.6814e+00 6.1019e+00
987 988 5.6837e+00 5.1679e+00 5.6814e+00 6.1019e+00
988 989 5.6837e+00 5.1679e+00 5.6814e+00 6.1019e+00
989 990 5.6837e+00 5.1679e+00 5.6814e+00 6.1019e+00
990 991 5.6837e+00 5.1679e+00 5.6814e+00 6.1019e+00
991 992 5.6837e+00 5.1679e+00 5.6814e+00 6.1019e+00
992 993 5.6837e+00 5.1679e+00 5.6814e+00 6.1019e+00
993 994 5.6837e+00 5.1679e+00 5.6814e+00 6.1019e+00
994 995 5.6837e+00 5.1679e+00 5.6814e+00 6.1019e+00
995 996 5.6837e+00 5.1679e+00 5.6814e+00 6.1019e+00
996 997 5.6837e+00 5.1679e+00 5.6814e+00 6.1019e+00
997 998 5.6837e+00 5.1679e+00 5.6814e+00 6.1019e+00
998 999 5.6837e+00 5.1679e+00 5.6814e+00 6.1019e+00
999 1000 5.6837e+00 5.1679e+00 5.6814e+00 6.1019e+00
1000 1001 5.6837e+00 5.1679e+00 5.6814e+00 6.1019e+00
1001 1002 5.6837e+00 5.1679e+00 5.6814e+00 6.1019e+00
1002 1003 5.6837e+00 5.1679e+00 5.6814e+00 6.1019e+00
1003 1004 5.6837e+00 5.1679e+00 5.6814e+00 6.1019e+00
1004 1005 5.6837e+00 5.1679e+00 5.6814e+00 6.1019e+00
1005 1006 5.6837e+00 5.1679e+00 5.6814e+00 6.1019e+00
1006 1007 5.6837e+00 5.1679e+00 5.6814e+00 6.1019e+00
1007 1008 5.6837e+00 5.1679e+00 5.6814e+00 6.1019e+00
1008 1009 5.6837e+00 5.1679e+00 5.6814e+00 6.1019e+00
1009 1010 5.6837e+00 5.1679e+00 5.6814e+00 6.1019e+00
1010 1011 5.6837e+00 5.1679e+00 5.6814e+00 6.1019e+00
1011 1012 5.6837e+00 5.1679e+00 5.6814e+00 6.1019e+00
1012 1013 5.6837e+00 5.1679e+00 5.6814e+00 6.1019e+00
1013 1014 5.6837e+00 5.1679e+00 5.6814e+00 6.1019e+00
1014 1015 5.6837e+00 5.1679e+00 5.6814e+00 6.1019e+00
1015 1016 5.6837e+00 5.1679e+00 5.6814e+00 6.1019e+00
1016 1017 5.6837e+00 5.1679e+00 5.6814e+00 6.1019e+00
1017 1018 5.6837e+00 5.1679e+00 5.6814e+00 6.1019e+00
1018 1019 5.6837e+00 5.1679e+00 5.6814e+00 6.1019e+00
1019 1020 5.6837e+00 5.1679e+00 5.6814e+00 6.1019e+00
1020 1021 5.6837e+00 5.1679e+00 5.6814e+00 6.1019e+00
1021 1022 5.6837e+00 5.1679e+00 5.6814e+00 6.1019e+00
1022 1023 5.6837e+00 5.1679e+00 5.6814e+00 6.1019e+00
1023 1024 5.6837e+00 5.1679e+00 5.6814e+00 6.1019e+00
1024 1025 5.6837e+00 5.1679e+00 5.6814e+00 6.1019e+00
1025 1026 5.6837e+00 5.1679e+00 5.6814e+00 6.1019e+00
1026 1027 5.6837e+00 5.1679e+00 5.6814e+00 6.1019e+00
1027 1028 5.6837e+00 5.1679e+00 5.6814e+00 6.1019e+00
1028 1029 5.6837e+00 5.1679e+00 5.6814e+00 6.1019e+00
1029 1030 5.6837e+00 5.1679e+00 5.6814e+00 6.1019e+00
1030 1031 5.6837e+00 5.1679e+00 5.6814e+00 6.1019e+00
1031 1032 5.6837e+00 5.1679e+00 5.6814e+00 6.1019e+00
1032 1033 5.6837e+00 5.1679e+00 5.6814e+00 6.1019e+00
1033 1034 5.6837e+00 5.1679e+00 5.6814e+00 6.1019e+00
1034 1035 5.6837e+00 5.1679e+00 5.6814e+00 6.1019e+00
1035 1036 5.6837e+00 5.1679e+00 5.6814e+00 6.1019e+00
1036 1037 5.6837e+00 5.1679e+00 5.6814e+00 6.1019e+00
1037 1038 5.6837e+00 5.1679e+00 5.6814e+00 6.1019e+00
1038 1039 5.6837e+00 5.1679e+00 5.6814e+00 6.1019e+00
1039 1040 5.6837e+00 5.1679e+00 5.6814e+00 6.1019e+00
1040 1041 5.6837e+00 5.1679e+00 5.6814e+00 6.1019e+00
1041 1042 5.6837e+00 5.1679e+00 5.6814e+00 6.1019e+00
1042 1043 5.6837e+00 5.1679e+00 5.6814e+00 6.1019e+00
1043 1044 5.6837e+00 5.1679e+00 5.6814e+00 6.1019e+00
1044 1045 5.6837e+00 5.1679e+00 5.6814e+00 6.1019e+00
1045 1046 5.6837e+00 5.1679e+00 5.6814e+00 6.1019e+00
1046 1047 5.6837e+00 5.1679e+00 5.6814e+00 6.1019e+00
1047 1048 5.6837e+00 5.1679e+00 5.6814e+00 6.1019e+00
1048 1049 5.6837e+00 5.1679e+00 5.6814e+00 6.1019e+00
1049 1050 5.6837e+00 5.1679e+00 5.6814e+00 6.1019e+00
1050 1051 5.6837e+00 5.1679e+00 5.6814e+00 6.1019e+00
1051 1052 5.6837e+00 5.1679e+00 5.6814e+00 6.1019e+00
1052 1053 5.6837e+00 5.1679e+00 5.6814e+00 6.1019e+00
1053 1054 5.6837e+00 5.1679e+00 5.6814e+00 6.1019e+00
1054 1055 5.6837e+00 5.1679e+00 5.6814e+00 6.1019e+00
1055 1056 5.6837e+00 5.1679e+00 5.6814e+00 6.1019e+00
1056 1057 5.6837e+00 5.1679e+00 5.6814e+00 6.1019e+00
1057 1058 5.6837e+00 5.1679e+00 5.6814e+00 6.1019e+00
1058 1059 5.6837e+00 5.1679e+00 5.6814e+00 6.1019e+00
1059 1060 5.6837e+00 5.1679e+00 5.6814e+00 6.1019e+00
1060 1061 5.6837e+00 5.1679e+00 5.6814e+00 6.1019e+00
1061 1062 5.6837e+00 5.1679e+00 5.6814e+00 6.1019e+00
1062 1063 5.6837e+00 5.1679e+00 5.6814e+00 6.1019e+00
1063 1064 5.6837e+00 5.1679e+00 5.6814e+00 6.1019e+00
1064 1065 5.6837e+00 5.1679e+00 5.6814e+00 6.1019e+00
1065 1066 5.6837e+00 5.1679e+00 5.6814e+00 6.1019e+00
1066 1067 5.6837e+00 5.1679e+00 5.6814e+00 6.1019e+00
1067 1068 5.6837e+00 5.1679e+00 5.6814e+00 6.1019e+00
1068 1069 5.6837e+00 5.1679e+00 5.6814e+00 6.1019e+00
1069 1070 5.6837e+00 5.1679e+00 5.6814e+00 6.1019e+00
1070 1071 5.6837e+00 5.1679e+00 5.6814e+00 6.1019e+00
1071 1072 5.6837e+00 5.1679e+00 5.6814e+00 6.1019e+00
1072 1073 5.6837e+00 5.1679e+00 5.6814e+00 6.1019e+00
1073 1074 5.6837e+00 5.1679e+00 5.6814e+00 6.1019e+00
1074 1075 5.6837e+00 5.1679e+00 5.6814e+00 6.1019e+00
1075 1076 5.6837e+00 5.1679e+00 5.6814e+00 6.1019e+00
1076 1077 5.6837e+00 5.1679e+00 5.6814e+00 6.1019e+00
1077 1078 5.6837e+00 5.1679e+00 5.6814e+00 6.1019e+00
1078 1079 5.6837e+00 5.1679e+00 5.6814e+00 6.1019e+00
1079 1080 5.6837e+00 5.1679e+00 5.6814e+00 6.1019e+00
1080 1081 5.6837e+00 5.1679e+00 5.6814e+00 6.1019e+00
1081 1082 5.6837e+00 5.1679e+00 5.6814e+00 6.1019e+00
1082 1083 5.6837e+00 5.1679e+00 5.6814e+00 6.1019e+00
1083 1084 5.6837e+00 5.1679e+00 5.6814e+00 6.1019e+00
1084 1085 5.6837e+00 5.1679e+00 5.6814e+00 6.1019e+00
1085 1086 5.6837e+00 5.1679e+00 5.6814e+00 6.1019e+00
1086 1087 5.6837e+00 5.1679e+00 5.6814e+00 6.1019e+00
1087 1088 5.6837e+00 5.1679e+00 5.6814e+00 6.1019e+00
1088 1089 5.6837e+00 5.1679e+00 5.6814e+00 6.1019e+00
1089 1090 5.6837e+00 5.1679e+00 5.6814e+00 6.1019e+00
1090 1091 5.6837e+00 5.1679e+00 5.6814e+00 6.1019e+00
1091 1092 5.6837e+00 5.1679e+00 5.6814e+00 6.1019e+00
1092 1093 5.6837e+00 5.1679e+00 5.6814e+00 6.1019e+00
1093 1094 5.6837e+00 5.1679e+00 5.6814e+00 6.1019e+00
1094 1096 5.6837e+00 5.1679e+00 5.6814e+00 6.1019e+00
1096 1097 5.6837e+00 5.1679e+00 5.6814e+00 6.1019e+00
1097 1098 5.6837e+00 5.1679e+00 5.6814e+00 6.1019e+00
1098 1099 5.6837e+00 5.1679e+00 5.6814e+00 6.1019e+00
1099 1100 5.6837e+00 5.1679e+00 5.6814e+00 6.1019e+00
1100 1101 5.6837e+00 5.1679e+00 5.6814e+00 6.1019e+00
1101 1102 5.6837e+00 5.1679e+00 5.6814e+00 6.1019e+00
1102 1103 5.6837e+00 5.1679e+00 5.6814e+00 6.1019e+00
1103 1104 5.6837e+00 5.1679e+00 5.6814e+00 6.1019e+00
1104 1105 5.6837e+00 5.1679e+00 5.6814e+00 6.1019e+00
1105 1106 5.6837e+00 5.1679e+00 5.6814e+00 6.1019e+00
1106 1107 5.6837e+00 5.1679e+00 5.6814e+00 6.1019e+00
1107 1108 5.6837e+00 5.1679e+00 5.6814e+00 6.1019e+00
1108 1109 5.6837e+00 5.1679e+00 5.6814e+00 6.1019e+00
1109 1110 5.6837e+00 5.1679e+00 5.6814e+00 6.1019e+00
1110 1111 5.6837e+00 5.1679e+00 5.6814e+00 6.1019e+00
1111 1112 5.6837e+00 5.1679e+00 5.6814e+00 6.1019e+00
1112 1113 5.6837e+00 5.1679e+00 5.6814e+00 6.1019e+00
1113 1114 5.6837e+00 5.1679e+00 5.6814e+00 6.1019e+00
1114 1115 5.6837e+00 5.1679e+00 5.6814e+00 6.1019e+00
1115 1116 5.6837e+00 5.1679e+00 5.6814e+00 6.1019e+00
1116 1117 5.6837e+00 5.1679e+00 5.6814e+00 6.1019e+00
1117 1118 5.6837e+00 5.1679e+00 5.6814e+00 6.1019e+00
1118 1119 5.6837e+00 5.1679e+00 5.6814e+00 6.1019e+00
1119 1120 5.6837e+00 5.1679e+00 5.6814e+00 6.1019e+00
1120 1121 5.6837e+00 5.1679e+00 5.6814e+00 6.1019e+00
1121 1122 5.6837e+00 5.1679e+00 5.6814e+00 6.1019e+00
1122 1123 5.6837e+00 5.1679e+00 5.6814e+00 6.1019e+00
1123 1124 5.6837e+00 5.1679e+00 5.6814e+00 6.1019e+00
1124 1125 5.6837e+00 5.1679e+00 5.6814e+00 6.1019e+00
1125 1126 5.6837e+00 5.1679e+00 5.6814e+00 6.1019e+00
1126 1127 5.6837e+00 5.1679e+00 5.6814e+00 6.1019e+00
1127 1128 5.6837e+00 5.1679e+00 5.6814e+00 6.1019e+00
1128 1129 5.6837e+00 5.1679e+00 5.6814e+00 6.1019e+00
1129 1130 5.6837e+00 5.1679e+00 5.6814e+00 6.1019e+00
1130 1131 5.6837e+00 5.1679e+00 5.6814e+00 6.1019e+00
1131 1132 5.6837e+00 5.1679e+00 5.6814e+00 6.1019e+00
1132 1133 5.6837e+00 5.1679e+00 5.6814e+00 6.1019e+00
1133 1134 5.6837e+00 5.1679e+00 5.6814e+00 6.1019e+00
1134 1135 5.6837e+00 5.1679e+00 5.6814e+00 6.1019e+00
1135 1136 5.6792e+00 5.1604e+00 5.6812e+00 6.1019e+00
1136 1137 5.6785e+00 5.1604e+00 5.6812e+00 6.1019e+00
1137 1138 5.6785e+00 5.1604e+00 5.6812e+00 6.1019e+00
1138 1139 5.6767e+00 5.1604e+00 5.6812e+00 6.1019e+00
1139 1140 5.6622e+00 5.1315e+00 5.6811e+00 6.0968e+00
1140 1141 5.6560e+00 5.1154e+00 5.6802e+00 6.0968e+00
1141 1142 5.6560e+00 5.1154e+00 5.6802e+00 6.0968e+00
1142 1143 5.6541e+00 5.1137e+00 5.6802e+00 6.0968e+00
1143 1144 5.6541e+00 5.1137e+00 5.6802e+00 6.0968e+00
1144 1145 5.6524e+00 5.1137e+00 5.6802e+00 6.0968e+00
1145 1146 5.6524e+00 5.1137e+00 5.6802e+00 6.0968e+00
1146 1147 5.6524e+00 5.1137e+00 5.6802e+00 6.0968e+00
1147 1148 5.6524e+00 5.1137e+00 5.6802e+00 6.0968e+00
1148 1149 5.6524e+00 5.1137e+00 5.6802e+00 6.0968e+00
1149 1150 5.6495e+00 5.1014e+00 5.6797e+00 6.0968e+00
1150 1151 5.6435e+00 5.0968e+00 5.6797e+00 6.0968e+00
1151 1152 5.5946e+00 2.6796e+00 5.6767e+00 6.0966e+00
1152 1154 5.5358e+00 2.5845e+00 5.6750e+00 6.0966e+00
1154 1155 5.5130e+00 2.5719e+00 5.6749e+00 6.0966e+00
1155 1156 5.4727e+00 2.5591e+00 5.6712e+00 6.0966e+00
1156 1157 5.4406e+00 2.5416e+00 5.6691e+00 6.0963e+00
1157 1158 5.4004e+00 2.5322e+00 5.6671e+00 6.0963e+00
1158 1159 5.3739e+00 2.5172e+00 5.6590e+00 6.0963e+00
1159 1160 5.2851e+00 2.4857e+00 5.6508e+00 6.0963e+00
1160 1161 5.2205e+00 2.4749e+00 5.6418e+00 6.0963e+00
1161 1162 5.0977e+00 2.4679e+00 5.6183e+00 6.0963e+00
1162 1163 3.5317e+00 2.4204e+00 2.5976e+00 6.0040e+00
1163 1164 3.2358e+00 2.4149e+00 2.5651e+00 5.9037e+00
1164 1165 3.2193e+00 2.4149e+00 2.5624e+00 5.9037e+00
1165 1166 3.1162e+00 2.4132e+00 2.5533e+00 5.8742e+00
1166 1167 2.5416e+00 2.4027e+00 2.5110e+00 2.6942e+00
1167 1168 2.5327e+00 2.4027e+00 2.5108e+00 2.6882e+00
1168 1169 2.5327e+00 2.4027e+00 2.5108e+00 2.6882e+00
1169 1170 2.5327e+00 2.4027e+00 2.5108e+00 2.6882e+00
1170 1171 2.5327e+00 2.4027e+00 2.5108e+00 2.6882e+00
1171 1172 2.5327e+00 2.4027e+00 2.5108e+00 2.6882e+00
1172 1173 2.5327e+00 2.4027e+00 2.5108e+00 2.6882e+00
1173 1174 2.5327e+00 2.4027e+00 2.5108e+00 2.6882e+00
1174 1175 2.5327e+00 2.4027e+00 2.5108e+00 2.6882e+00
1175 1176 2.5327e+00 2.4027e+00 2.5108e+00 2.6882e+00
1176 1177 2.5327e+00 2.4027e+00 2.5108e+00 2.6882e+00
1177 1178 2.5327e+00 2.4027e+00 2.5108e+00 2.6882e+00
1178 1179 2.5327e+00 2.4027e+00 2.5108e+00 2.6882e+00
1179 1180 2.5327e+00 2.4027e+00 2.5108e+00 2.6882e+00
1180 1181 2.5327e+00 2.4027e+00 2.5108e+00 2.6882e+00
1181 1182 2.5327e+00 2.4027e+00 2.5108e+00 2.6882e+00
1182 1183 2.5327e+00 2.4027e+00 2.5108e+00 2.6882e+00
1183 1184 2.5327e+00 2.4027e+00 2.5108e+00 2.6882e+00
1184 1185 2.5327e+00 2.4027e+00 2.5108e+00 2.6882e+00
1185 1186 2.5327e+00 2.4027e+00 2.5108e+00 2.6882e+00
1186 1187 2.5327e+00 2.4027e+00 2.5108e+00 2.6882e+00
1187 1188 2.5327e+00 2.4027e+00 2.5108e+00 2.6882e+00
1188 1189 2.5327e+00 2.4027e+00 2.5108e+00 2.6882e+00
1189 1190 2.5327e+00 2.4027e+00 2.5108e+00 2.6882e+00
1190 1191 2.5327e+00 2.4027e+00 2.5108e+00 2.6882e+00
1191 1192 2.5327e+00 2.4027e+00 2.5108e+00 2.6882e+00
1192 1193 2.5327e+00 2.4027e+00 2.5108e+00 2.6882e+00
1193 1194 2.5327e+00 2.4027e+00 2.5108e+00 2.6882e+00
1194 1195 2.5327e+00 2.4027e+00 2.5108e+00 2.6882e+00
1195 1196 2.5327e+00 2.4027e+00 2.5108e+00 2.6882e+00
1196 1197 2.5327e+00 2.4027e+00 2.5108e+00 2.6882e+00
1197 1198 2.5327e+00 2.4027e+00 2.5108e+00 2.6882e+00
1198 1199 2.5327e+00 2.4027e+00 2.5108e+00 2.6882e+00
1199 1200 2.5327e+00 2.4027e+00 2.5108e+00 2.6882e+00
1200 1201 2.5327e+00 2.4027e+00 2.5108e+00 2.6882e+00
1201 1202 2.5327e+00 2.4027e+00 2.5108e+00 2.6882e+00
1202 1203 2.5327e+00 2.4027e+00 2.5108e+00 2.6882e+00
1203 1204 2.5327e+00 2.4027e+00 2.5108e+00 2.6882e+00
1204 1205 2.5327e+00 2.4027e+00 2.5108e+00 2.6882e+00
1205 1207 2.5327e+00 2.4027e+00 2.5108e+00 2.6882e+00
1207 1208 2.5327e+00 2.4027e+00 2.5108e+00 2.6882e+00
1208 1209 2.5327e+00 2.4027e+00 2.5108e+00 2.6882e+00
1209 1210 2.5327e+00 2.4027e+00 2.5108e+00 2.6882e+00
1210 1211 2.5327e+00 2.4027e+00 2.5108e+00 2.6882e+00
1211 1212 2.5327e+00 2.4027e+00 2.5108e+00 2.6882e+00
1212 1213 2.5327e+00 2.4027e+00 2.5108e+00 2.6882e+00
1213 1214 2.5327e+00 2.4027e+00 2.5108e+00 2.6882e+00
1214 1216 2.5327e+00 2.4027e+00 2.5108e+00 2.6882e+00
1216 1217 2.5327e+00 2.4027e+00 2.5108e+00 2.6882e+00
1217 1218 2.5327e+00 2.4027e+00 2.5108e+00 2.6882e+00
1218 1219 2.5327e+00 2.4027e+00 2.5108e+00 2.6882e+00
1219 1220 2.5327e+00 2.4027e+00 2.5108e+00 2.6882e+00
1220 1221 2.5327e+00 2.4027e+00 2.5108e+00 2.6882e+00
1221 1222 2.5327e+00 2.4027e+00 2.5108e+00 2.6882e+00
1222 1223 2.5327e+00 2.4027e+00 2.5108e+00 2.6882e+00
1223 1224 2.5327e+00 2.4027e+00 2.5108e+00 2.6882e+00
1224 1225 2.5327e+00 2.4027e+00 2.5108e+00 2.6882e+00
1225 1226 2.5327e+00 2.4027e+00 2.5108e+00 2.6882e+00
1226 1227 2.5327e+00 2.4027e+00 2.5108e+00 2.6882e+00
1227 1228 2.5327e+00 2.4027e+00 2.5108e+00 2.6882e+00
1228 1229 2.5327e+00 2.4027e+00 2.5108e+00 2.6882e+00
1229 1230 2.5327e+00 2.4027e+00 2.5108e+00 2.6882e+00
1230 1231 2.5327e+00 2.4027e+00 2.5108e+00 2.6882e+00
1231 1232 2.5327e+00 2.4027e+00 2.5108e+00 2.6882e+00
1232 1233 2.5327e+00 2.4027e+00 2.5108e+00 2.6882e+00
1233 1234 2.5327e+00 2.4027e+00 2.5108e+00 2.6882e+00
1234 1235 2.5327e+00 2.4027e+00 2.5108e+00 2.6882e+00
1235 1236 2.5327e+00 2.4027e+00 2.5108e+00 2.6882e+00
1236 1237 2.5327e+00 2.4027e+00 2.5108e+00 2.6882e+00
1237 1238 2.5327e+00 2.4027e+00 2.5108e+00 2.6882e+00
1238 1239 2.5327e+00 2.4027e+00 2.5108e+00 2.6882e+00
1239 1240 2.5327e+00 2.4027e+00 2.5108e+00 2.6882e+00
1240 1241 2.5327e+00 2.4027e+00 2.5108e+00 2.6882e+00
1241 1242 2.5327e+00 2.4027e+00 2.5108e+00 2.6882e+00
1242 1243 2.5327e+00 2.4027e+00 2.5108e+00 2.6882e+00
1243 1244 2.5327e+00 2.4027e+00 2.5108e+00 2.6882e+00
1244 1245 2.5327e+00 2.4027e+00 2.5108e+00 2.6882e+00
1245 1246 2.5327e+00 2.4027e+00 2.5108e+00 2.6882e+00
1246 1247 2.5327e+00 2.4027e+00 2.5108e+00 2.6882e+00
1247 1248 2.5327e+00 2.4027e+00 2.5108e+00 2.6882e+00
1248 1249 2.5327e+00 2.4027e+00 2.5108e+00 2.6882e+00
1249 1250 2.5327e+00 2.4027e+00 2.5108e+00 2.6882e+00
1250 1251 2.5327e+00 2.4027e+00 2.5108e+00 2.6882e+00
1251 1252 2.5327e+00 2.4027e+00 2.5108e+00 2.6882e+00
1252 1253 2.5327e+00 2.4027e+00 2.5108e+00 2.6882e+00
1253 1254 2.5327e+00 2.4027e+00 2.5108e+00 2.6882e+00
1254 1255 2.5327e+00 2.4027e+00 2.5108e+00 2.6882e+00
1255 1256 2.5327e+00 2.4027e+00 2.5108e+00 2.6882e+00
1256 1257 2.5327e+00 2.4027e+00 2.5108e+00 2.6882e+00
1257 1258 2.5327e+00 2.4027e+00 2.5108e+00 2.6882e+00
1258 1259 2.5327e+00 2.4027e+00 2.5108e+00 2.6882e+00
1259 1260 2.5327e+00 2.4027e+00 2.5108e+00 2.6882e+00
1260 1261 2.5327e+00 2.4027e+00 2.5108e+00 2.6882e+00
1261 1262 2.5327e+00 2.4027e+00 2.5108e+00 2.6882e+00
1262 1263 2.5327e+00 2.4027e+00 2.5108e+00 2.6882e+00
1263 1264 2.5327e+00 2.4027e+00 2.5108e+00 2.6882e+00
1264 1265 2.5327e+00 2.4027e+00 2.5108e+00 2.6882e+00
1265 1266 2.5327e+00 2.4027e+00 2.5108e+00 2.6882e+00
1266 1267 2.5327e+00 2.4027e+00 2.5108e+00 2.6882e+00
1267 1268 2.5327e+00 2.4027e+00 2.5108e+00 2.6882e+00
1268 1269 2.5327e+00 2.4027e+00 2.5108e+00 2.6882e+00
1269 1270 2.5327e+00 2.4027e+00 2.5108e+00 2.6882e+00
1270 1271 2.5327e+00 2.4027e+00 2.5108e+00 2.6882e+00
1271 1272 2.5327e+00 2.4027e+00 2.5108e+00 2.6882e+00
1272 1273 2.5327e+00 2.4027e+00 2.5108e+00 2.6882e+00
1273 1274 2.5327e+00 2.4027e+00 2.5108e+00 2.6882e+00
1274 1275 2.5327e+00 2.4027e+00 2.5108e+00 2.6882e+00
1275 1276 2.5327e+00 2.4027e+00 2.5108e+00 2.6882e+00
1276 1277 2.5327e+00 2.4027e+00 2.5108e+00 2.6882e+00
1277 1278 2.5327e+00 2.4027e+00 2.5108e+00 2.6882e+00
1278 1279 2.5327e+00 2.4027e+00 2.5108e+00 2.6882e+00
1279 1280 2.5327e+00 2.4027e+00 2.5108e+00 2.6882e+00
1280 1281 2.5327e+00 2.4027e+00 2.5108e+00 2.6882e+00
1281 1282 2.5327e+00 2.4027e+00 2.5108e+00 2.6882e+00
1282 1283 2.5327e+00 2.4027e+00 2.5108e+00 2.6882e+00
1283 1284 2.5327e+00 2.4027e+00 2.5108e+00 2.6882e+00
1284 1285 2.5327e+00 2.4027e+00 2.5108e+00 2.6882e+00
1285 1286 2.5327e+00 2.4027e+00 2.5108e+00 2.6882e+00
1286 1287 2.5327e+00 2.4027e+00 2.5108e+00 2.6882e+00
1287 1288 2.5327e+00 2.4027e+00 2.5108e+00 2.6882e+00
1288 1289 2.5327e+00 2.4027e+00 2.5108e+00 2.6882e+00
1289 1290 2.5327e+00 2.4027e+00 2.5108e+00 2.6882e+00
1290 1291 2.5327e+00 2.4027e+00 2.5108e+00 2.6882e+00
1291 1292 2.5327e+00 2.4027e+00 2.5108e+00 2.6882e+00
1292 1293 2.5327e+00 2.4027e+00 2.5108e+00 2.6882e+00
1293 1294 2.5327e+00 2.4027e+00 2.5108e+00 2.6882e+00
1294 1295 2.5327e+00 2.4027e+00 2.5108e+00 2.6882e+00
1295 1296 2.5327e+00 2.4027e+00 2.5108e+00 2.6882e+00
1296 1297 2.5327e+00 2.4027e+00 2.5108e+00 2.6882e+00
1297 1298 2.5327e+00 2.4027e+00 2.5108e+00 2.6882e+00
1298 1299 2.5327e+00 2.4027e+00 2.5108e+00 2.6882e+00
1299 1301 2.5327e+00 2.4027e+00 2.5108e+00 2.6882e+00
1301 1302 2.5327e+00 2.4027e+00 2.5108e+00 2.6882e+00
1302 1303 2.5327e+00 2.4027e+00 2.5108e+00 2.6882e+00
1303 1304 2.5327e+00 2.4027e+00 2.5108e+00 2.6882e+00
1304 1305 2.5327e+00 2.4027e+00 2.5108e+00 2.6882e+00
1305 1306 2.5327e+00 2.4027e+00 2.5108e+00 2.6882e+00
1306 1307 2.5327e+00 2.4027e+00 2.5108e+00 2.6882e+00
1307 1308 2.5327e+00 2.4027e+00 2.5108e+00 2.6882e+00
1308 1309 2.5327e+00 2.4027e+00 2.5108e+00 2.6882e+00
1309 1310 2.5327e+00 2.4027e+00 2.5108e+00 2.6882e+00
1310 1311 2.5327e+00 2.4027e+00 2.5108e+00 2.6882e+00
1311 1312 2.5327e+00 2.4027e+00 2.5108e+00 2.6882e+00
1312 1313 2.5327e+00 2.4027e+00 2.5108e+00 2.6882e+00
1313 1314 2.5327e+00 2.4027e+00 2.5108e+00 2.6882e+00
1314 1315 2.5327e+00 2.4027e+00 2.5108e+00 2.6882e+00
1315 1316 2.5327e+00 2.4027e+00 2.5108e+00 2.6882e+00
1316 1317 2.5327e+00 2.4027e+00 2.5108e+00 2.6882e+00
1317 1318 2.5327e+00 2.4027e+00 2.5108e+00 2.6882e+00
1318 1319 2.5327e+00 2.4027e+00 2.5108e+00 2.6882e+00
1319 1320 2.5327e+00 2.4027e+00 2.5108e+00 2.6882e+00
1320 1321 2.5327e+00 2.4027e+00 2.5108e+00 2.6882e+00
1321 1322 2.5327e+00 2.4027e+00 2.5108e+00 2.6882e+00
1322 1323 2.5327e+00 2.4027e+00 2.5108e+00 2.6882e+00
1323 1324 2.5327e+00 2.4027e+00 2.5108e+00 2.6882e+00
1324 1325 2.5327e+00 2.4027e+00 2.5108e+00 2.6882e+00
1325 1326 2.5327e+00 2.4027e+00 2.5108e+00 2.6882e+00
1326 1327 2.5327e+00 2.4027e+00 2.5108e+00 2.6882e+00
1327 1328 2.5327e+00 2.4027e+00 2.5108e+00 2.6882e+00
1328 1329 2.5327e+00 2.4027e+00 2.5108e+00 2.6882e+00
1329 1330 2.5327e+00 2.4027e+00 2.5108e+00 2.6882e+00
1330 1331 2.5327e+00 2.4027e+00 2.5108e+00 2.6882e+00
1331 1332 2.5327e+00 2.4027e+00 2.5108e+00 2.6882e+00
1332 1333 2.5327e+00 2.4027e+00 2.5108e+00 2.6882e+00
1333 1334 2.5327e+00 2.4027e+00 2.5108e+00 2.6882e+00
1334 1335 2.5327e+00 2.4027e+00 2.5108e+00 2.6882e+00
1335 1336 2.5327e+00 2.4027e+00 2.5108e+00 2.6882e+00
1336 1337 2.5327e+00 2.4027e+00 2.5108e+00 2.6882e+00
1337 1338 2.5327e+00 2.4027e+00 2.5108e+00 2.6882e+00
1338 1339 2.5327e+00 2.4027e+00 2.5108e+00 2.6882e+00
1339 1340 2.5327e+00 2.4027e+00 2.5108e+00 2.6882e+00
1340 1341 2.5327e+00 2.4027e+00 2.5108e+00 2.6882e+00
1341 1342 2.5327e+00 2.4027e+00 2.5108e+00 2.6882e+00
1342 1343 2.5327e+00 2.4027e+00 2.5108e+00 2.6882e+00
1343 1344 2.5327e+00 2.4027e+00 2.5108e+00 2.6882e+00
1344 1345 2.5327e+00 2.4027e+00 2.5108e+00 2.6882e+00
1345 1346 2.5327e+00 2.4027e+00 2.5108e+00 2.6882e+00
1346 1347 2.5327e+00 2.4027e+00 2.5108e+00 2.6882e+00
1347 1348 2.5327e+00 2.4027e+00 2.5108e+00 2.6882e+00
1348 1349 2.5327e+00 2.4027e+00 2.5108e+00 2.6882e+00
1349 1350 2.5327e+00 2.4027e+00 2.5108e+00 2.6882e+00
1350 1351 2.5327e+00 2.4027e+00 2.5108e+00 2.6882e+00
1351 1352 2.5327e+00 2.4027e+00 2.5108e+00 2.6882e+00
1352 1353 2.5327e+00 2.4027e+00 2.5108e+00 2.6882e+00
1353 1354 2.5327e+00 2.4027e+00 2.5108e+00 2.6882e+00
1354 1355 2.5327e+00 2.4027e+00 2.5108e+00 2.6882e+00
1355 1356 2.5327e+00 2.4027e+00 2.5108e+00 2.6882e+00
1356 1357 2.5327e+00 2.4027e+00 2.5108e+00 2.6882e+00
1357 1358 2.5327e+00 2.4027e+00 2.5108e+00 2.6882e+00
1358 1359 2.5327e+00 2.4027e+00 2.5108e+00 2.6882e+00
1359 1360 2.5327e+00 2.4027e+00 2.5108e+00 2.6882e+00
1360 1361 2.5327e+00 2.4027e+00 2.5108e+00 2.6882e+00
1361 1362 2.5327e+00 2.4027e+00 2.5108e+00 2.6882e+00
1362 1363 2.5327e+00 2.4027e+00 2.5108e+00 2.6882e+00
1363 1364 2.5327e+00 2.4027e+00 2.5108e+00 2.6882e+00
1364 1365 2.5327e+00 2.4027e+00 2.5108e+00 2.6882e+00
1365 1366 2.5327e+00 2.4027e+00 2.5108e+00 2.6882e+00
1366 1367 2.5327e+00 2.4027e+00 2.5108e+00 2.6882e+00
1367 1368 2.5327e+00 2.4027e+00 2.5108e+00 2.6882e+00
1368 1369 2.5327e+00 2.4027e+00 2.5108e+00 2.6882e+00
1369 1370 2.5327e+00 2.4027e+00 2.5108e+00 2.6882e+00
1370 1371 2.5327e+00 2.4027e+00 2.5108e+00 2.6882e+00
1371 1372 2.5327e+00 2.4027e+00 2.5108e+00 2.6882e+00
1372 1373 2.5327e+00 2.4027e+00 2.5108e+00 2.6882e+00
1373 1374 2.5327e+00 2.4027e+00 2.5108e+00 2.6882e+00
1374 1375 2.5327e+00 2.4027e+00 2.5108e+00 2.6882e+00
1375 1376 2.5327e+00 2.4027e+00 2.5108e+00 2.6882e+00
1376 1377 2.5327e+00 2.4027e+00 2.5108e+00 2.6882e+00
1377 1378 2.5327e+00 2.4027e+00 2.5108e+00 2.6882e+00
1378 1379 2.5327e+00 2.4027e+00 2.5108e+00 2.6882e+00
1379 1380 2.5327e+00 2.4027e+00 2.5108e+00 2.6882e+00
1380 1381 2.5327e+00 2.4027e+00 2.5108e+00 2.6882e+00
1381 1382 2.5327e+00 2.4027e+00 2.5108e+00 2.6882e+00
1382 1383 2.5327e+00 2.4027e+00 2.5108e+00 2.6882e+00
1383 1384 2.8706e+00 2.4034e+00 2.5172e+00 9.1097e+00
1384 1385 7.4757e+00 2.4358e+00 9.0686e+00 1.0912e+01
1385 1386 9.3479e+00 7.6799e+00 9.3974e+00 1.1124e+01
1386 1387 9.4699e+00 8.0868e+00 9.4053e+00 1.1124e+01
1387 1388 9.4699e+00 8.0868e+00 9.4053e+00 1.1124e+01
1388 1389 9.4699e+00 8.0868e+00 9.4053e+00 1.1124e+01
1389 1390 9.4699e+00 8.0868e+00 9.4053e+00 1.1124e+01
1390 1391 9.4699e+00 8.0868e+00 9.4053e+00 1.1124e+01
1391 1392 9.4699e+00 8.0868e+00 9.4053e+00 1.1124e+01
1392 1393 9.4699e+00 8.0868e+00 9.4053e+00 1.1124e+01
1393 1394 9.4699e+00 8.0868e+00 9.4053e+00 1.1124e+01
1394 1395 9.4699e+00 8.0868e+00 9.4053e+00 1.1124e+01
1395 1396 9.4699e+00 8.0868e+00 9.4053e+00 1.1124e+01
1396 1397 9.4699e+00 8.0868e+00 9.4053e+00 1.1124e+01
1397 1398 9.4699e+00 8.0868e+00 9.4053e+00 1.1124e+01
1398 1399 9.4699e+00 8.0868e+00 9.4053e+00 1.1124e+01
1399 1400 9.4699e+00 8.0868e+00 9.4053e+00 1.1124e+01
1400 1401 9.4699e+00 8.0868e+00 9.4053e+00 1.1124e+01
1401 1402 9.4699e+00 8.0868e+00 9.4053e+00 1.1124e+01
1402 1403 9.4699e+00 8.0868e+00 9.4053e+00 1.1124e+01
1403 1404 9.4699e+00 8.0868e+00 9.4053e+00 1.1124e+01
1404 1405 9.4699e+00 8.0868e+00 9.4053e+00 1.1124e+01
1405 1406 1.0377e-01 6.6633e-02 1.0405e-01 1.5088e-01
1406 1407 1.0377e-01 6.6633e-02 1.0405e-01 1.5088e-01
1407 1408 1.0377e-01 6.6633e-02 1.0405e-01 1.5088e-01
1408 1409 1.0377e-01 6.6633e-02 1.0405e-01 1.5088e-01
1409 1410 1.0377e-01 6.6633e-02 1.0405e-01 1.5088e-01
1410 1412 1.0377e-01 6.6633e-02 1.0405e-01 1.5088e-01
1412 1413 1.0377e-01 6.6633e-02 1.0405e-01 1.5088e-01
1413 1414 1.0377e-01 6.6633e-02 1.0405e-01 1.5088e-01
1414 1415 1.0377e-01 6.6633e-02 1.0405e-01 1.5088e-01
1415 1416 1.0377e-01 6.6633e-02 1.0405e-01 1.5088e-01
1416 1417 1.0377e-01 6.6633e-02 1.0405e-01 1.5088e-01
1417 1418 1.0377e-01 6.6633e-02 1.0405e-01 1.5088e-01
1418 1419 1.0377e-01 6.6633e-02 1.0405e-01 1.5088e-01
1419 1420 1.0377e-01 6.6633e-02 1.0405e-01 1.5088e-01
1420 1422 1.0377e-01 6.6633e-02 1.0405e-01 1.5088e-01
1422 1423 1.0377e-01 6.6633e-02 1.0405e-01 1.5088e-01
1423 1424 1.0616e-01 6.6633e-02 1.0409e-01 1.5147e-01
1424 1425 1.1007e-01 6.6633e-02 1.0418e-01 1.5290e-01
1425 1426 4.4648e-01 6.8738e-02 1.1219e-01 1.7149e+00
1426 1427 9.8580e-01 7.7582e-02 1.5700e+00 1.8063e+00
1427 1428 1.6665e+00 1.4676e+00 1.6861e+00 1.8942e+00
1428 1429 1.7014e+00 1.5204e+00 1.6897e+00 1.8987e+00
1429 1430 1.7014e+00 1.5204e+00 1.6897e+00 1.8987e+00
1430 1431 1.7014e+00 1.5204e+00 1.6897e+00 1.8987e+00
1431 1432 1.7014e+00 1.5204e+00 1.6897e+00 1.8987e+00
1432 1433 1.7014e+00 1.5204e+00 1.6897e+00 1.8987e+00
1433 1434 1.7014e+00 1.5204e+00 1.6897e+00 1.8987e+00
1434 1435 1.7014e+00 1.5204e+00 1.6897e+00 1.8987e+00
1435 1436 1.7014e+00 1.5204e+00 1.6897e+00 1.8987e+00
1436 1437 1.7014e+00 1.5204e+00 1.6897e+00 1.8987e+00
1437 1438 1.7014e+00 1.5204e+00 1.6897e+00 1.8987e+00
1438 1439 1.7014e+00 1.5204e+00 1.6897e+00 1.8987e+00
1439 1440 1.7014e+00 1.5204e+00 1.6897e+00 1.8987e+00
1440 1441 1.7014e+00 1.5204e+00 1.6897e+00 1.8987e+00
1441 1442 1.7014e+00 1.5204e+00 1.6897e+00 1.8987e+00
1442 1444 1.7014e+00 1.5204e+00 1.6897e+00 1.8987e+00
1444 1445 1.7014e+00 1.5204e+00 1.6897e+00 1.8987e+00
1445 1446 1.7014e+00 1.5204e+00 1.6897e+00 1.8987e+00
1446 1447 1.7014e+00 1.5204e+00 1.6897e+00 1.8987e+00
1447 1448 1.7014e+00 1.5204e+00 1.6897e+00 1.8987e+00
1448 1449 1.7014e+00 1.5204e+00 1.6897e+00 1.8987e+00
1449 1450 1.7014e+00 1.5204e+00 1.6897e+00 1.8987e+00
1450 1451 1.7014e+00 1.5204e+00 1.6897e+00 1.8987e+00
1451 1452 1.7014e+00 1.5204e+00 1.6897e+00 1.8987e+00
1452 1453 1.7014e+00 1.5204e+00 1.6897e+00 1.8987e+00
1453 1454 1.7014e+00 1.5204e+00 1.6897e+00 1.8987e+00
1454 1455 1.7014e+00 1.5204e+00 1.6897e+00 1.8987e+00
1455 1456 1.7014e+00 1.5204e+00 1.6897e+00 1.8987e+00
1456 1457 1.7014e+00 1.5204e+00 1.6897e+00 1.8987e+00
1457 1458 1.7014e+00 1.5204e+00 1.6897e+00 1.8987e+00
1458 1459 1.7014e+00 1.5204e+00 1.6897e+00 1.8987e+00
1459 1460 1.7014e+00 1.5204e+00 1.6897e+00 1.8987e+00
1460 1461 1.7014e+00 1.5204e+00 1.6897e+00 1.8987e+00
1461 1462 1.7014e+00 1.5204e+00 1.6897e+00 1.8987e+00
1462 1463 1.7014e+00 1.5204e+00 1.6897e+00 1.8987e+00
1463 1464 1.7014e+00 1.5204e+00 1.6897e+00 1.8987e+00
1464 1465 1.7038e+00 1.5207e+00 1.6901e+00 1.8988e+00
1465 1466 1.7038e+00 1.5207e+00 1.6901e+00 1.8988e+00
1466 1467 1.7038e+00 1.5207e+00 1.6901e+00 1.8988e+00
1467 1468 1.7038e+00 1.5207e+00 1.6901e+00 1.8988e+00
1468 1469 1.7038e+00 1.5207e+00 1.6901e+00 1.8988e+00
1469 1470 1.5700e+00 5.3993e-01 1.6739e+00 1.8866e+00
1470 1471 5.7808e-01 4.9290e-01 5.4956e-01 6.3286e-01
1471 1472 5.5006e-01 4.9199e-01 5.4897e-01 5.9998e-01
1472 1473 5.5006e-01 4.9199e-01 5.4897e-01 5.9998e-01
1473 1474 5.5006e-01 4.9199e-01 5.4897e-01 5.9998e-01
1474 1475 5.5006e-01 4.9199e-01 5.4897e-01 5.9998e-01
1475 1476 5.5006e-01 4.9199e-01 5.4897e-01 5.9998e-01
1476 1477 5.5006e-01 4.9199e-01 5.4897e-01 5.9998e-01
1477 1478 5.5006e-01 4.9199e-01 5.4897e-01 5.9998e-01
1478 1479 5.5006e-01 4.9199e-01 5.4897e-01 5.9998e-01
1479 1480 5.5006e-01 4.9199e-01 5.4897e-01 5.9998e-01
1480 1481 5.5006e-01 4.9199e-01 5.4897e-01 5.9998e-01
1481 1482 5.5006e-01 4.9199e-01 5.4897e-01 5.9998e-01
1482 1483 5.5006e-01 4.9199e-01 5.4897e-01 5.9998e-01
1483 1484 5.5006e-01 4.9199e-01 5.4897e-01 5.9998e-01
1484 1485 5.5006e-01 4.9199e-01 5.4897e-01 5.9998e-01
1485 1486 5.5006e-01 4.9199e-01 5.4897e-01 5.9998e-01
1486 1487 5.5006e-01 4.9199e-01 5.4897e-01 5.9998e-01
1487 1488 5.5006e-01 4.9199e-01 5.4897e-01 5.9998e-01
1488 1489 5.5006e-01 4.9199e-01 5.4897e-01 5.9998e-01
1489 1490 5.5006e-01 4.9199e-01 5.4897e-01 5.9998e-01
1490 1491 5.5006e-01 4.9199e-01 5.4897e-01 5.9998e-01
1491 1492 5.5006e-01 4.9199e-01 5.4897e-01 5.9998e-01
1492 1493 5.5006e-01 4.9199e-01 5.4897e-01 5.9998e-01
1493 1494 5.5006e-01 4.9199e-01 5.4897e-01 5.9998e-01
1494 1495 5.5006e-01 4.9199e-01 5.4897e-01 5.9998e-01
1495 1496 5.5006e-01 4.9199e-01 5.4897e-01 5.9998e-01
1496 1497 5.5006e-01 4.9199e-01 5.4897e-01 5.9998e-01
1497 1498 5.5006e-01 4.9199e-01 5.4897e-01 5.9998e-01
1498 1499 5.5006e-01 4.9199e-01 5.4897e-01 5.9998e-01
1499 1500 5.5006e-01 4.9199e-01 5.4897e-01 5.9998e-01
1500 1501 5.5006e-01 4.9199e-01 5.4897e-01 5.9998e-01
1501 1502 5.5006e-01 4.9199e-01 5.4897e-01 5.9998e-01
1502 1503 5.5006e-01 4.9199e-01 5.4897e-01 5.9998e-01
1503 1504 5.5006e-01 4.9199e-01 5.4897e-01 5.9998e-01
1504 1505 5.5006e-01 4.9199e-01 5.4897e-01 5.9998e-01
1505 1506 5.5006e-01 4.9199e-01 5.4897e-01 5.9998e-01
1506 1507 5.5006e-01 4.9199e-01 5.4897e-01 5.9998e-01
1507 1508 5.5006e-01 4.9199e-01 5.4897e-01 5.9998e-01
1508 1509 5.5006e-01 4.9199e-01 5.4897e-01 5.9998e-01
1509 1510 5.5006e-01 4.9199e-01 5.4897e-01 5.9998e-01
1510 1511 5.5006e-01 4.9199e-01 5.4897e-01 5.9998e-01
1511 1512 5.5006e-01 4.9199e-01 5.4897e-01 5.9998e-01
1512 1513 5.6400e-01 4.9246e-01 5.4921e-01 6.0915e-01
1513 1514 1.9516e+00 5.7798e-01 2.0075e+00 2.1755e+00
1514 1515 1.9953e+00 1.8370e+00 2.0096e+00 2.1773e+00
1515 1516 1.9953e+00 1.8370e+00 2.0096e+00 2.1773e+00
1516 1517 1.9953e+00 1.8370e+00 2.0096e+00 2.1773e+00
1517 1518 1.9953e+00 1.8370e+00 2.0096e+00 2.1773e+00
1518 1519 1.9953e+00 1.8370e+00 2.0096e+00 2.1773e+00
1519 1520 1.9953e+00 1.8370e+00 2.0096e+00 2.1773e+00
1520 1521 1.9953e+00 1.8370e+00 2.0096e+00 2.1773e+00
1521 1522 1.9953e+00 1.8370e+00 2.0096e+00 2.1773e+00
1522 1523 1.9953e+00 1.8370e+00 2.0096e+00 2.1773e+00
1523 1524 1.9953e+00 1.8370e+00 2.0096e+00 2.1773e+00
1524 1525 1.9953e+00 1.8370e+00 2.0096e+00 2.1773e+00
1525 1526 1.9953e+00 1.8370e+00 2.0096e+00 2.1773e+00
1526 1527 1.9953e+00 1.8370e+00 2.0096e+00 2.1773e+00
1527 1528 1.9953e+00 1.8370e+00 2.0096e+00 2.1773e+00
1528 1529 1.9953e+00 1.8370e+00 2.0096e+00 2.1773e+00
1529 1530 1.9953e+00 1.8370e+00 2.0096e+00 2.1773e+00
1530 1531 1.9953e+00 1.8370e+00 2.0096e+00 2.1773e+00
1531 1532 1.9953e+00 1.8370e+00 2.0096e+00 2.1773e+00
1532 1533 1.9953e+00 1.8370e+00 2.0096e+00 2.1773e+00
1533 1534 1.9953e+00 1.8370e+00 2.0096e+00 2.1773e+00
1534 1535 1.9953e+00 1.8370e+00 2.0096e+00 2.1773e+00
1535 1536 1.9953e+00 1.8370e+00 2.0096e+00 2.1773e+00
1536 1537 1.9953e+00 1.8370e+00 2.0096e+00 2.1773e+00
1537 1538 1.9953e+00 1.8370e+00 2.0096e+00 2.1773e+00
1538 1539 1.9953e+00 1.8370e+00 2.0096e+00 2.1773e+00
1539 1540 1.9953e+00 1.8370e+00 2.0096e+00 2.1773e+00
1540 1541 1.9953e+00 1.8370e+00 2.0096e+00 2.1773e+00
1541 1542 1.9953e+00 1.8370e+00 2.0096e+00 2.1773e+00
1542 1543 1.9953e+00 1.8370e+00 2.0096e+00 2.1773e+00
1543 1544 1.9953e+00 1.8370e+00 2.0096e+00 2.1773e+00
1544 1545 1.9953e+00 1.8370e+00 2.0096e+00 2.1773e+00
1545 1546 1.9953e+00 1.8370e+00 2.0096e+00 2.1773e+00
1546 1547 1.9953e+00 1.8370e+00 2.0096e+00 2.1773e+00
1547 1548 1.9953e+00 1.8370e+00 2.0096e+00 2.1773e+00
1548 1549 1.9953e+00 1.8370e+00 2.0096e+00 2.1773e+00
1549 1550 1.9953e+00 1.8370e+00 2.0096e+00 2.1773e+00
1550 1551 1.9953e+00 1.8370e+00 2.0096e+00 2.1773e+00
1551 1552 1.9953e+00 1.8370e+00 2.0096e+00 2.1773e+00
1552 1553 1.9953e+00 1.8370e+00 2.0096e+00 2.1773e+00
1553 1554 1.9953e+00 1.8370e+00 2.0096e+00 2.1773e+00
1554 1555 1.9953e+00 1.8370e+00 2.0096e+00 2.1773e+00
1555 1556 1.9953e+00 1.8370e+00 2.0096e+00 2.1773e+00
1556 1557 1.9953e+00 1.8370e+00 2.0096e+00 2.1773e+00
1557 1558 1.9953e+00 1.8370e+00 2.0096e+00 2.1773e+00
1558 1559 1.9953e+00 1.8370e+00 2.0096e+00 2.1773e+00
1559 1560 1.9953e+00 1.8370e+00 2.0096e+00 2.1773e+00
1560 1561 1.9953e+00 1.8370e+00 2.0096e+00 2.1773e+00
1561 1562 1.9953e+00 1.8370e+00 2.0096e+00 2.1773e+00
1562 1563 1.9953e+00 1.8370e+00 2.0096e+00 2.1773e+00
1563 1565 1.9953e+00 1.8370e+00 2.0096e+00 2.1773e+00
1565 1566 1.9953e+00 1.8370e+00 2.0096e+00 2.1773e+00
1566 1567 1.9953e+00 1.8370e+00 2.0096e+00 2.1773e+00
1567 1568 1.9953e+00 1.8370e+00 2.0096e+00 2.1773e+00
1568 1569 1.9953e+00 1.8370e+00 2.0096e+00 2.1773e+00
1569 1570 1.9953e+00 1.8370e+00 2.0096e+00 2.1773e+00
1570 1571 1.9953e+00 1.8370e+00 2.0096e+00 2.1773e+00
1571 1572 1.9953e+00 1.8370e+00 2.0096e+00 2.1773e+00
1572 1573 1.9953e+00 1.8370e+00 2.0096e+00 2.1773e+00
1573 1574 1.9953e+00 1.8370e+00 2.0096e+00 2.1773e+00
1574 1575 1.9953e+00 1.8370e+00 2.0096e+00 2.1773e+00
1575 1576 1.9953e+00 1.8370e+00 2.0096e+00 2.1773e+00
1576 1577 1.9953e+00 1.8370e+00 2.0096e+00 2.1773e+00
1577 1578 1.9953e+00 1.8370e+00 2.0096e+00 2.1773e+00
