# parameters
version_bit_string:13816762181795971082,seed:5489,burn_in:100000,num_iter:1000000,stats_thin:1000,block_penalty:50,prior_rate_mean:1,window_size:50,partition_length:4001,overlap_length:200,pade_resolution:10,pade_max:1000,max_lk_start:0.001,max_lk_resolution:0.001,num_snps:1404,num_snp_partitions:1,num_samps:1000
# left_snp right_snp mean p0.025 p0.500 p0.975
0 1 7.9941e-01 7.5091e-01 7.9993e-01 8.4363e-01
1 2 7.9941e-01 7.5091e-01 7.9993e-01 8.4363e-01
2 3 7.9941e-01 7.5091e-01 7.9993e-01 8.4363e-01
3 4 7.9941e-01 7.5091e-01 7.9993e-01 8.4363e-01
4 5 7.9941e-01 7.5091e-01 7.9993e-01 8.4363e-01
5 6 7.9941e-01 7.5091e-01 7.9993e-01 8.4363e-01
6 7 7.9941e-01 7.5091e-01 7.9993e-01 8.4363e-01
7 8 7.9941e-01 7.5091e-01 7.9993e-01 8.4363e-01
8 9 7.9941e-01 7.5091e-01 7.9993e-01 8.4363e-01
9 10 7.9941e-01 7.5091e-01 7.9993e-01 8.4363e-01
10 11 7.9941e-01 7.5091e-01 7.9993e-01 8.4363e-01
11 12 7.9941e-01 7.5091e-01 7.9993e-01 8.4363e-01
12 13 7.9941e-01 7.5091e-01 7.9993e-01 8.4363e-01
13 14 7.9941e-01 7.5091e-01 7.9993e-01 8.4363e-01
14 15 7.9941e-01 7.5091e-01 7.9993e-01 8.4363e-01
15 16 7.9941e-01 7.5091e-01 7.9993e-01 8.4363e-01
16 17 7.9941e-01 7.5091e-01 7.9993e-01 8.4363e-01
17 18 7.9941e-01 7.5091e-01 7.9993e-01 8.4363e-01
18 19 7.9941e-01 7.5091e-01 7.9993e-01 8.4363e-01
19 20 7.9941e-01 7.5091e-01 7.9993e-01 8.4363e-01
20 21 7.9941e-01 7.5091e-01 7.9993e-01 8.4363e-01
21 22 7.9941e-01 7.5091e-01 7.9993e-01 8.4363e-01
22 23 7.9941e-01 7.5091e-01 7.9993e-01 8.4363e-01
23 24 7.9941e-01 7.5091e-01 7.9993e-01 8.4363e-01
24 25 7.9941e-01 7.5091e-01 7.9993e-01 8.4363e-01
25 26 7.9941e-01 7.5091e-01 7.9993e-01 8.4363e-01
26 27 7.9941e-01 7.5091e-01 7.9993e-01 8.4363e-01
27 28 7.9941e-01 7.5091e-01 7.9993e-01 8.4363e-01
28 29 7.9941e-01 7.5091e-01 7.9993e-01 8.4363e-01
29 30 7.9941e-01 7.5091e-01 7.9993e-01 8.4363e-01
30 31 7.9941e-01 7.5091e-01 7.9993e-01 8.4363e-01
31 32 7.9941e-01 7.5091e-01 7.9993e-01 8.4363e-01
32 33 7.9941e-01 7.5091e-01 7.9993e-01 8.4363e-01
33 34 7.9941e-01 7.5091e-01 7.9993e-01 8.4363e-01
34 35 7.9941e-01 7.5091e-01 7.9993e-01 8.4363e-01
35 36 7.9941e-01 7.5091e-01 7.9993e-01 8.4363e-01
36 37 7.9941e-01 7.5091e-01 7.9993e-01 8.4363e-01
37 38 7.9941e-01 7.5091e-01 7.9993e-01 8.4363e-01
38 39 7.9941e-01 7.5091e-01 7.9993e-01 8.4363e-01
39 40 7.9941e-01 7.5091e-01 7.9993e-01 8.4363e-01
40 41 7.9941e-01 7.5091e-01 7.9993e-01 8.4363e-01
41 42 7.9941e-01 7.5091e-01 7.9993e-01 8.4363e-01
42 43 7.9941e-01 7.5091e-01 7.9993e-01 8.4363e-01
43 44 7.9941e-01 7.5091e-01 7.9993e-01 8.4363e-01
44 45 7.9941e-01 7.5091e-01 7.9993e-01 8.4363e-01
45 46 7.9941e-01 7.5091e-01 7.9993e-01 8.4363e-01
46 47 7.9941e-01 7.5091e-01 7.9993e-01 8.4363e-01
47 48 7.9941e-01 7.5091e-01 7.9993e-01 8.4363e-01
48 49 7.9941e-01 7.5091e-01 7.9993e-01 8.4363e-01
49 50 7.9941e-01 7.5091e-01 7.9993e-01 8.4363e-01
50 51 7.9941e-01 7.5091e-01 7.9993e-01 8.4363e-01
51 52 7.9941e-01 7.5091e-01 7.9993e-01 8.4363e-01
52 53 7.9941e-01 7.5091e-01 7.9993e-01 8.4363e-01
53 54 7.9941e-01 7.5091e-01 7.9993e-01 8.4363e-01
54 55 7.9941e-01 7.5091e-01 7.9993e-01 8.4363e-01
55 56 7.9941e-01 7.5091e-01 7.9993e-01 8.4363e-01
56 57 7.9941e-01 7.5091e-01 7.9993e-01 8.4363e-01
57 58 7.9941e-01 7.5091e-01 7.9993e-01 8.4363e-01
58 59 7.9941e-01 7.5091e-01 7.9993e-01 8.4363e-01
59 60 7.9941e-01 7.5091e-01 7.9993e-01 8.4363e-01
60 61 7.9941e-01 7.5091e-01 7.9993e-01 8.4363e-01
61 62 7.9941e-01 7.5091e-01 7.9993e-01 8.4363e-01
62 63 7.9941e-01 7.5091e-01 7.9993e-01 8.4363e-01
63 64 7.9941e-01 7.5091e-01 7.9993e-01 8.4363e-01
64 65 7.9941e-01 7.5091e-01 7.9993e-01 8.4363e-01
65 66 7.9941e-01 7.5091e-01 7.9993e-01 8.4363e-01
66 67 7.9941e-01 7.5091e-01 7.9993e-01 8.4363e-01
67 68 7.9941e-01 7.5091e-01 7.9993e-01 8.4363e-01
68 69 7.9941e-01 7.5091e-01 7.9993e-01 8.4363e-01
69 70 7.9941e-01 7.5091e-01 7.9993e-01 8.4363e-01
70 71 7.9941e-01 7.5091e-01 7.9993e-01 8.4363e-01
71 72 7.9941e-01 7.5091e-01 7.9993e-01 8.4363e-01
72 73 7.9941e-01 7.5091e-01 7.9993e-01 8.4363e-01
73 74 7.9941e-01 7.5091e-01 7.9993e-01 8.4363e-01
74 75 7.9941e-01 7.5091e-01 7.9993e-01 8.4363e-01
75 76 7.9941e-01 7.5091e-01 7.9993e-01 8.4363e-01
76 77 7.9941e-01 7.5091e-01 7.9993e-01 8.4363e-01
77 78 7.9941e-01 7.5091e-01 7.9993e-01 8.4363e-01
78 79 7.9941e-01 7.5091e-01 7.9993e-01 8.4363e-01
79 80 7.9941e-01 7.5091e-01 7.9993e-01 8.4363e-01
80 81 7.9941e-01 7.5091e-01 7.9993e-01 8.4363e-01
81 82 7.9941e-01 7.5091e-01 7.9993e-01 8.4363e-01
82 83 7.9941e-01 7.5091e-01 7.9993e-01 8.4363e-01
83 84 7.9941e-01 7.5091e-01 7.9993e-01 8.4363e-01
84 85 7.9941e-01 7.5091e-01 7.9993e-01 8.4363e-01
85 86 7.9941e-01 7.5091e-01 7.9993e-01 8.4363e-01
86 87 7.9941e-01 7.5091e-01 7.9993e-01 8.4363e-01
87 88 7.9941e-01 7.5091e-01 7.9993e-01 8.4363e-01
88 89 7.9941e-01 7.5091e-01 7.9993e-01 8.4363e-01
89 90 7.9941e-01 7.5091e-01 7.9993e-01 8.4363e-01
90 91 7.9941e-01 7.5091e-01 7.9993e-01 8.4363e-01
91 93 7.9941e-01 7.5091e-01 7.9993e-01 8.4363e-01
93 94 7.9941e-01 7.5091e-01 7.9993e-01 8.4363e-01
94 95 7.9941e-01 7.5091e-01 7.9993e-01 8.4363e-01
95 96 7.9941e-01 7.5091e-01 7.9993e-01 8.4363e-01
96 97 7.9941e-01 7.5091e-01 7.9993e-01 8.4363e-01
97 98 7.9941e-01 7.5091e-01 7.9993e-01 8.4363e-01
98 99 7.9941e-01 7.5091e-01 7.9993e-01 8.4363e-01
99 100 7.9941e-01 7.5091e-01 7.9993e-01 8.4363e-01
100 102 7.9941e-01 7.5091e-01 7.9993e-01 8.4363e-01
102 103 7.9941e-01 7.5091e-01 7.9993e-01 8.4363e-01
103 104 7.9941e-01 7.5091e-01 7.9993e-01 8.4363e-01
104 105 7.9941e-01 7.5091e-01 7.9993e-01 8.4363e-01
105 106 7.9941e-01 7.5091e-01 7.9993e-01 8.4363e-01
106 107 7.9941e-01 7.5091e-01 7.9993e-01 8.4363e-01
107 108 7.9941e-01 7.5091e-01 7.9993e-01 8.4363e-01
108 109 7.9941e-01 7.5091e-01 7.9993e-01 8.4363e-01
109 110 7.9941e-01 7.5091e-01 7.9993e-01 8.4363e-01
110 111 7.9941e-01 7.5091e-01 7.9993e-01 8.4363e-01
111 112 7.9941e-01 7.5091e-01 7.9993e-01 8.4363e-01
112 113 7.9941e-01 7.5091e-01 7.9993e-01 8.4363e-01
113 114 7.9941e-01 7.5091e-01 7.9993e-01 8.4363e-01
114 115 7.9941e-01 7.5091e-01 7.9993e-01 8.4363e-01
115 116 7.9941e-01 7.5091e-01 7.9993e-01 8.4363e-01
116 117 7.9941e-01 7.5091e-01 7.9993e-01 8.4363e-01
117 118 7.9941e-01 7.5091e-01 7.9993e-01 8.4363e-01
118 119 7.9941e-01 7.5091e-01 7.9993e-01 8.4363e-01
119 120 7.9941e-01 7.5091e-01 7.9993e-01 8.4363e-01
120 121 7.9941e-01 7.5091e-01 7.9993e-01 8.4363e-01
121 122 7.9941e-01 7.5091e-01 7.9993e-01 8.4363e-01
122 123 4.8321e+00 4.4896e+00 4.8473e+00 5.1526e+00
123 124 4.8321e+00 4.4896e+00 4.8473e+00 5.1526e+00
124 125 4.8321e+00 4.4896e+00 4.8473e+00 5.1526e+00
125 126 4.8321e+00 4.4896e+00 4.8473e+00 5.1526e+00
126 127 4.8321e+00 4.4896e+00 4.8473e+00 5.1526e+00
127 128 4.8321e+00 4.4896e+00 4.8473e+00 5.1526e+00
128 129 4.8321e+00 4.4896e+00 4.8473e+00 5.1526e+00
129 130 4.8321e+00 4.4896e+00 4.8473e+00 5.1526e+00
130 131 4.8321e+00 4.4896e+00 4.8473e+00 5.1526e+00
131 132 4.8321e+00 4.4896e+00 4.8473e+00 5.1526e+00
132 133 4.8321e+00 4.4896e+00 4.8473e+00 5.1526e+00
133 134 4.8321e+00 4.4896e+00 4.8473e+00 5.1526e+00
134 135 4.8321e+00 4.4896e+00 4.8473e+00 5.1526e+00
135 136 4.8321e+00 4.4896e+00 4.8473e+00 5.1526e+00
136 137 4.8321e+00 4.4896e+00 4.8473e+00 5.1526e+00
137 138 4.8321e+00 4.4896e+00 4.8473e+00 5.1526e+00
138 139 4.8321e+00 4.4896e+00 4.8473e+00 5.1526e+00
139 140 4.8321e+00 4.4896e+00 4.8473e+00 5.1526e+00
140 141 4.8321e+00 4.4896e+00 4.8473e+00 5.1526e+00
141 142 4.8321e+00 4.4896e+00 4.8473e+00 5.1526e+00
142 143 4.8321e+00 4.4896e+00 4.8473e+00 5.1526e+00
143 144 4.8321e+00 4.4896e+00 4.8473e+00 5.1526e+00
144 146 4.8321e+00 4.4896e+00 4.8473e+00 5.1526e+00
146 147 4.8321e+00 4.4896e+00 4.8473e+00 5.1526e+00
147 148 4.8321e+00 4.4896e+00 4.8473e+00 5.1526e+00
148 149 4.8321e+00 4.4896e+00 4.8473e+00 5.1526e+00
149 150 4.8321e+00 4.4896e+00 4.8473e+00 5.1526e+00
150 151 4.8321e+00 4.4896e+00 4.8473e+00 5.1526e+00
151 152 4.8321e+00 4.4896e+00 4.8473e+00 5.1526e+00
152 153 4.8321e+00 4.4896e+00 4.8473e+00 5.1526e+00
153 154 4.8321e+00 4.4896e+00 4.8473e+00 5.1526e+00
154 155 4.8321e+00 4.4896e+00 4.8473e+00 5.1526e+00
155 156 4.8321e+00 4.4896e+00 4.8473e+00 5.1526e+00
156 157 4.8321e+00 4.4896e+00 4.8473e+00 5.1526e+00
157 158 4.8321e+00 4.4896e+00 4.8473e+00 5.1526e+00
158 159 4.8321e+00 4.4896e+00 4.8473e+00 5.1526e+00
159 160 4.8321e+00 4.4896e+00 4.8473e+00 5.1526e+00
160 161 4.8321e+00 4.4896e+00 4.8473e+00 5.1526e+00
161 162 4.8321e+00 4.4896e+00 4.8473e+00 5.1526e+00
162 163 4.8321e+00 4.4896e+00 4.8473e+00 5.1526e+00
163 164 4.8321e+00 4.4896e+00 4.8473e+00 5.1526e+00
164 165 4.8321e+00 4.4896e+00 4.8473e+00 5.1526e+00
165 166 4.8321e+00 4.4896e+00 4.8473e+00 5.1526e+00
166 167 4.8321e+00 4.4896e+00 4.8473e+00 5.1526e+00
167 168 4.8321e+00 4.4896e+00 4.8473e+00 5.1526e+00
168 169 4.8321e+00 4.4896e+00 4.8473e+00 5.1526e+00
169 170 4.8321e+00 4.4896e+00 4.8473e+00 5.1526e+00
170 171 4.8321e+00 4.4896e+00 4.8473e+00 5.1526e+00
171 172 4.8321e+00 4.4896e+00 4.8473e+00 5.1526e+00
172 173 4.8321e+00 4.4896e+00 4.8473e+00 5.1526e+00
173 174 4.8321e+00 4.4896e+00 4.8473e+00 5.1526e+00
174 175 4.8321e+00 4.4896e+00 4.8473e+00 5.1526e+00
175 176 4.8321e+00 4.4896e+00 4.8473e+00 5.1526e+00
176 177 4.8321e+00 4.4896e+00 4.8473e+00 5.1526e+00
177 179 4.8321e+00 4.4896e+00 4.8473e+00 5.1526e+00
179 180 4.8321e+00 4.4896e+00 4.8473e+00 5.1526e+00
180 181 4.8321e+00 4.4896e+00 4.8473e+00 5.1526e+00
181 182 4.8321e+00 4.4896e+00 4.8473e+00 5.1526e+00
182 183 4.8321e+00 4.4896e+00 4.8473e+00 5.1526e+00
183 184 4.8321e+00 4.4896e+00 4.8473e+00 5.1526e+00
184 185 4.8321e+00 4.4896e+00 4.8473e+00 5.1526e+00
185 186 4.8321e+00 4.4896e+00 4.8473e+00 5.1526e+00
186 187 4.8321e+00 4.4896e+00 4.8473e+00 5.1526e+00
187 188 4.8321e+00 4.4896e+00 4.8473e+00 5.1526e+00
188 189 4.8321e+00 4.4896e+00 4.8473e+00 5.1526e+00
189 190 4.8321e+00 4.4896e+00 4.8473e+00 5.1526e+00
190 191 4.8321e+00 4.4896e+00 4.8473e+00 5.1526e+00
191 192 4.8321e+00 4.4896e+00 4.8473e+00 5.1526e+00
192 193 4.8321e+00 4.4896e+00 4.8473e+00 5.1526e+00
193 194 4.8321e+00 4.4896e+00 4.8473e+00 5.1526e+00
194 195 4.8321e+00 4.4896e+00 4.8473e+00 5.1526e+00
195 196 4.8321e+00 4.4896e+00 4.8473e+00 5.1526e+00
196 199 4.8321e+00 4.4896e+00 4.8473e+00 5.1526e+00
199 200 4.8321e+00 4.4896e+00 4.8473e+00 5.1526e+00
200 201 4.8321e+00 4.4896e+00 4.8473e+00 5.1526e+00
201 202 4.8321e+00 4.4896e+00 4.8473e+00 5.1526e+00
202 203 4.8321e+00 4.4896e+00 4.8473e+00 5.1526e+00
203 205 4.8321e+00 4.4896e+00 4.8473e+00 5.1526e+00
205 206 4.8321e+00 4.4896e+00 4.8473e+00 5.1526e+00
206 207 4.8321e+00 4.4896e+00 4.8473e+00 5.1526e+00
207 208 4.8321e+00 4.4896e+00 4.8473e+00 5.1526e+00
208 209 4.8321e+00 4.4896e+00 4.8473e+00 5.1526e+00
209 210 4.8321e+00 4.4896e+00 4.8473e+00 5.1526e+00
210 211 4.8321e+00 4.4896e+00 4.8473e+00 5.1526e+00
211 212 4.8321e+00 4.4896e+00 4.8473e+00 5.1526e+00
212 213 4.8321e+00 4.4896e+00 4.8473e+00 5.1526e+00
213 214 4.8321e+00 4.4896e+00 4.8473e+00 5.1526e+00
214 215 4.8321e+00 4.4896e+00 4.8473e+00 5.1526e+00
215 216 4.8321e+00 4.4896e+00 4.8473e+00 5.1526e+00
216 217 4.8321e+00 4.4896e+00 4.8473e+00 5.1526e+00
217 218 4.8321e+00 4.4896e+00 4.8473e+00 5.1526e+00
218 219 4.8321e+00 4.4896e+00 4.8473e+00 5.1526e+00
219 220 4.8321e+00 4.4896e+00 4.8473e+00 5.1526e+00
220 221 4.8321e+00 4.4896e+00 4.8473e+00 5.1526e+00
221 222 4.8321e+00 4.4896e+00 4.8473e+00 5.1526e+00
222 223 4.8321e+00 4.4896e+00 4.8473e+00 5.1526e+00
223 224 4.8321e+00 4.4896e+00 4.8473e+00 5.1526e+00
224 225 4.8321e+00 4.4896e+00 4.8473e+00 5.1526e+00
225 226 4.8321e+00 4.4896e+00 4.8473e+00 5.1526e+00
226 227 4.8321e+00 4.4896e+00 4.8473e+00 5.1526e+00
227 228 4.8321e+00 4.4896e+00 4.8473e+00 5.1526e+00
228 229 4.8321e+00 4.4896e+00 4.8473e+00 5.1526e+00
229 230 4.8321e+00 4.4896e+00 4.8473e+00 5.1526e+00
230 231 4.8321e+00 4.4896e+00 4.8473e+00 5.1526e+00
231 232 4.8321e+00 4.4896e+00 4.8473e+00 5.1526e+00
232 233 4.8321e+00 4.4896e+00 4.8473e+00 5.1526e+00
233 234 4.8321e+00 4.4896e+00 4.8473e+00 5.1526e+00
234 235 4.8321e+00 4.4896e+00 4.8473e+00 5.1526e+00
235 236 4.8321e+00 4.4896e+00 4.8473e+00 5.1526e+00
236 237 4.8321e+00 4.4896e+00 4.8473e+00 5.1526e+00
237 238 4.8321e+00 4.4896e+00 4.8473e+00 5.1526e+00
238 240 4.8321e+00 4.4896e+00 4.8473e+00 5.1526e+00
240 241 4.8321e+00 4.4896e+00 4.8473e+00 5.1526e+00
241 242 4.8321e+00 4.4896e+00 4.8473e+00 5.1526e+00
242 243 4.8321e+00 4.4896e+00 4.8473e+00 5.1526e+00
243 244 4.8321e+00 4.4896e+00 4.8473e+00 5.1526e+00
244 245 4.8321e+00 4.4896e+00 4.8473e+00 5.1526e+00
245 246 4.8321e+00 4.4896e+00 4.8473e+00 5.1526e+00
246 247 4.8321e+00 4.4896e+00 4.8473e+00 5.1526e+00
247 248 4.8321e+00 4.4896e+00 4.8473e+00 5.1526e+00
248 249 4.8321e+00 4.4896e+00 4.8473e+00 5.1526e+00
249 250 4.8321e+00 4.4896e+00 4.8473e+00 5.1526e+00
250 251 4.8321e+00 4.4896e+00 4.8473e+00 5.1526e+00
251 252 4.8321e+00 4.4896e+00 4.8473e+00 5.1526e+00
252 253 4.8321e+00 4.4896e+00 4.8473e+00 5.1526e+00
253 254 4.8321e+00 4.4896e+00 4.8473e+00 5.1526e+00
254 255 4.8321e+00 4.4896e+00 4.8473e+00 5.1526e+00
255 256 4.8321e+00 4.4896e+00 4.8473e+00 5.1526e+00
256 257 4.8321e+00 4.4896e+00 4.8473e+00 5.1526e+00
257 258 4.8321e+00 4.4896e+00 4.8473e+00 5.1526e+00
258 259 4.8321e+00 4.4896e+00 4.8473e+00 5.1526e+00
259 260 4.8321e+00 4.4896e+00 4.8473e+00 5.1526e+00
260 261 4.8321e+00 4.4896e+00 4.8473e+00 5.1526e+00
261 262 4.8321e+00 4.4896e+00 4.8473e+00 5.1526e+00
262 263 4.8321e+00 4.4896e+00 4.8473e+00 5.1526e+00
263 264 4.8321e+00 4.4896e+00 4.8473e+00 5.1526e+00
264 265 4.8321e+00 4.4896e+00 4.8473e+00 5.1526e+00
265 266 4.8321e+00 4.4896e+00 4.8473e+00 5.1526e+00
266 267 4.8321e+00 4.4896e+00 4.8473e+00 5.1526e+00
267 268 4.8321e+00 4.4896e+00 4.8473e+00 5.1526e+00
268 269 4.8321e+00 4.4896e+00 4.8473e+00 5.1526e+00
269 270 4.8321e+00 4.4896e+00 4.8473e+00 5.1526e+00
270 271 4.8321e+00 4.4896e+00 4.8473e+00 5.1526e+00
271 272 4.8321e+00 4.4896e+00 4.8473e+00 5.1526e+00
272 273 4.8321e+00 4.4896e+00 4.8473e+00 5.1526e+00
273 274 4.8321e+00 4.4896e+00 4.8473e+00 5.1526e+00
274 275 4.8321e+00 4.4896e+00 4.8473e+00 5.1526e+00
275 276 4.8321e+00 4.4896e+00 4.8473e+00 5.1526e+00
276 277 4.8321e+00 4.4896e+00 4.8473e+00 5.1526e+00
277 278 4.8321e+00 4.4896e+00 4.8473e+00 5.1526e+00
278 279 4.8321e+00 4.4896e+00 4.8473e+00 5.1526e+00
279 280 4.8321e+00 4.4896e+00 4.8473e+00 5.1526e+00
280 281 4.8321e+00 4.4896e+00 4.8473e+00 5.1526e+00
281 282 4.8321e+00 4.4896e+00 4.8473e+00 5.1526e+00
282 283 4.8321e+00 4.4896e+00 4.8473e+00 5.1526e+00
283 284 4.8321e+00 4.4896e+00 4.8473e+00 5.1526e+00
284 285 4.8321e+00 4.4896e+00 4.8473e+00 5.1526e+00
285 286 4.8321e+00 4.4896e+00 4.8473e+00 5.1526e+00
286 287 4.8321e+00 4.4896e+00 4.8473e+00 5.1526e+00
287 288 4.8321e+00 4.4896e+00 4.8473e+00 5.1526e+00
288 289 4.8321e+00 4.4896e+00 4.8473e+00 5.1526e+00
289 290 4.8321e+00 4.4896e+00 4.8473e+00 5.1526e+00
290 291 4.8321e+00 4.4896e+00 4.8473e+00 5.1526e+00
291 292 4.8321e+00 4.4896e+00 4.8473e+00 5.1526e+00
292 293 4.8321e+00 4.4896e+00 4.8473e+00 5.1526e+00
293 294 4.8321e+00 4.4896e+00 4.8473e+00 5.1526e+00
294 295 4.8321e+00 4.4896e+00 4.8473e+00 5.1526e+00
295 296 4.8321e+00 4.4896e+00 4.8473e+00 5.1526e+00
296 297 4.8321e+00 4.4896e+00 4.8473e+00 5.1526e+00
297 298 4.8321e+00 4.4896e+00 4.8473e+00 5.1526e+00
298 299 4.8321e+00 4.4896e+00 4.8473e+00 5.1526e+00
299 300 4.8321e+00 4.4896e+00 4.8473e+00 5.1526e+00
300 301 4.8321e+00 4.4896e+00 4.8473e+00 5.1526e+00
301 302 4.8321e+00 4.4896e+00 4.8473e+00 5.1526e+00
302 303 4.8321e+00 4.4896e+00 4.8473e+00 5.1526e+00
303 304 4.8321e+00 4.4896e+00 4.8473e+00 5.1526e+00
304 307 4.8321e+00 4.4896e+00 4.8473e+00 5.1526e+00
307 308 4.8321e+00 4.4896e+00 4.8473e+00 5.1526e+00
308 309 4.8321e+00 4.4896e+00 4.8473e+00 5.1526e+00
309 310 4.8321e+00 4.4896e+00 4.8473e+00 5.1526e+00
310 311 4.8321e+00 4.4896e+00 4.8473e+00 5.1526e+00
311 312 4.8321e+00 4.4896e+00 4.8473e+00 5.1526e+00
312 313 4.8321e+00 4.4896e+00 4.8473e+00 5.1526e+00
313 314 4.8321e+00 4.4896e+00 4.8473e+00 5.1526e+00
314 315 4.8321e+00 4.4896e+00 4.8473e+00 5.1526e+00
315 316 4.8321e+00 4.4896e+00 4.8473e+00 5.1526e+00
316 317 4.8321e+00 4.4896e+00 4.8473e+00 5.1526e+00
317 318 4.8321e+00 4.4896e+00 4.8473e+00 5.1526e+00
318 319 4.8321e+00 4.4896e+00 4.8473e+00 5.1526e+00
319 320 4.8321e+00 4.4896e+00 4.8473e+00 5.1526e+00
320 321 4.8321e+00 4.4896e+00 4.8473e+00 5.1526e+00
321 322 4.8321e+00 4.4896e+00 4.8473e+00 5.1526e+00
322 323 4.8321e+00 4.4896e+00 4.8473e+00 5.1526e+00
323 324 4.8321e+00 4.4896e+00 4.8473e+00 5.1526e+00
324 325 4.8321e+00 4.4896e+00 4.8473e+00 5.1526e+00
325 326 4.8321e+00 4.4896e+00 4.8473e+00 5.1526e+00
326 327 4.8321e+00 4.4896e+00 4.8473e+00 5.1526e+00
327 328 4.8321e+00 4.4896e+00 4.8473e+00 5.1526e+00
328 329 4.8321e+00 4.4896e+00 4.8473e+00 5.1526e+00
329 330 4.8321e+00 4.4896e+00 4.8473e+00 5.1526e+00
330 331 4.8321e+00 4.4896e+00 4.8473e+00 5.1526e+00
331 332 4.8321e+00 4.4896e+00 4.8473e+00 5.1526e+00
332 333 4.8321e+00 4.4896e+00 4.8473e+00 5.1526e+00
333 334 4.8321e+00 4.4896e+00 4.8473e+00 5.1526e+00
334 335 4.8321e+00 4.4896e+00 4.8473e+00 5.1526e+00
335 336 4.8321e+00 4.4896e+00 4.8473e+00 5.1526e+00
336 337 4.8321e+00 4.4896e+00 4.8473e+00 5.1526e+00
337 338 4.8321e+00 4.4896e+00 4.8473e+00 5.1526e+00
338 339 4.8321e+00 4.4896e+00 4.8473e+00 5.1526e+00
339 340 4.8321e+00 4.4896e+00 4.8473e+00 5.1526e+00
340 341 4.8321e+00 4.4896e+00 4.8473e+00 5.1526e+00
341 342 4.8321e+00 4.4896e+00 4.8473e+00 5.1526e+00
342 343 4.8321e+00 4.4896e+00 4.8473e+00 5.1526e+00
343 344 4.8321e+00 4.4896e+00 4.8473e+00 5.1526e+00
344 345 4.8321e+00 4.4896e+00 4.8473e+00 5.1526e+00
345 346 4.8321e+00 4.4896e+00 4.8473e+00 5.1526e+00
346 347 4.8321e+00 4.4896e+00 4.8473e+00 5.1526e+00
347 348 4.8321e+00 4.4896e+00 4.8473e+00 5.1526e+00
348 349 4.8321e+00 4.4896e+00 4.8473e+00 5.1526e+00
349 350 4.8321e+00 4.4896e+00 4.8473e+00 5.1526e+00
350 351 4.8321e+00 4.4896e+00 4.8473e+00 5.1526e+00
351 352 4.8321e+00 4.4896e+00 4.8473e+00 5.1526e+00
352 353 4.8321e+00 4.4896e+00 4.8473e+00 5.1526e+00
353 354 4.8321e+00 4.4896e+00 4.8473e+00 5.1526e+00
354 355 4.8321e+00 4.4896e+00 4.8473e+00 5.1526e+00
355 356 4.8321e+00 4.4896e+00 4.8473e+00 5.1526e+00
356 357 4.8321e+00 4.4896e+00 4.8473e+00 5.1526e+00
357 358 4.8321e+00 4.4896e+00 4.8473e+00 5.1526e+00
358 359 4.8321e+00 4.4896e+00 4.8473e+00 5.1526e+00
359 360 4.8321e+00 4.4896e+00 4.8473e+00 5.1526e+00
360 361 4.8321e+00 4.4896e+00 4.8473e+00 5.1526e+00
361 362 4.8321e+00 4.4896e+00 4.8473e+00 5.1526e+00
362 363 4.8321e+00 4.4896e+00 4.8473e+00 5.1526e+00
363 364 4.8321e+00 4.4896e+00 4.8473e+00 5.1526e+00
364 365 4.8321e+00 4.4896e+00 4.8473e+00 5.1526e+00
365 366 4.8321e+00 4.4896e+00 4.8473e+00 5.1526e+00
366 367 4.8321e+00 4.4896e+00 4.8473e+00 5.1526e+00
367 368 4.8321e+00 4.4896e+00 4.8473e+00 5.1526e+00
368 369 4.8321e+00 4.4896e+00 4.8473e+00 5.1526e+00
369 370 4.8321e+00 4.4896e+00 4.8473e+00 5.1526e+00
370 371 4.8321e+00 4.4896e+00 4.8473e+00 5.1526e+00
371 372 4.8321e+00 4.4896e+00 4.8473e+00 5.1526e+00
372 373 4.8321e+00 4.4896e+00 4.8473e+00 5.1526e+00
373 374 4.8321e+00 4.4896e+00 4.8473e+00 5.1526e+00
374 375 4.8321e+00 4.4896e+00 4.8473e+00 5.1526e+00
375 376 4.8321e+00 4.4896e+00 4.8473e+00 5.1526e+00
376 377 4.8321e+00 4.4896e+00 4.8473e+00 5.1526e+00
377 378 4.8321e+00 4.4896e+00 4.8473e+00 5.1526e+00
378 379 4.8321e+00 4.4896e+00 4.8473e+00 5.1526e+00
379 380 4.8321e+00 4.4896e+00 4.8473e+00 5.1526e+00
380 381 4.8321e+00 4.4896e+00 4.8473e+00 5.1526e+00
381 382 4.8321e+00 4.4896e+00 4.8473e+00 5.1526e+00
382 383 4.8321e+00 4.4896e+00 4.8473e+00 5.1526e+00
383 384 4.8321e+00 4.4896e+00 4.8473e+00 5.1526e+00
384 385 4.8321e+00 4.4896e+00 4.8473e+00 5.1526e+00
385 386 4.8321e+00 4.4896e+00 4.8473e+00 5.1526e+00
386 387 4.8321e+00 4.4896e+00 4.8473e+00 5.1526e+00
387 388 4.8321e+00 4.4896e+00 4.8473e+00 5.1526e+00
388 389 4.8321e+00 4.4896e+00 4.8473e+00 5.1526e+00
389 390 4.8321e+00 4.4896e+00 4.8473e+00 5.1526e+00
390 391 4.8321e+00 4.4896e+00 4.8473e+00 5.1526e+00
391 392 4.8321e+00 4.4896e+00 4.8473e+00 5.1526e+00
392 393 4.8321e+00 4.4896e+00 4.8473e+00 5.1526e+00
393 394 4.8321e+00 4.4896e+00 4.8473e+00 5.1526e+00
394 395 4.8321e+00 4.4896e+00 4.8473e+00 5.1526e+00
395 396 4.8321e+00 4.4896e+00 4.8473e+00 5.1526e+00
396 397 4.8321e+00 4.4896e+00 4.8473e+00 5.1526e+00
397 398 4.8321e+00 4.4896e+00 4.8473e+00 5.1526e+00
398 399 4.8321e+00 4.4896e+00 4.8473e+00 5.1526e+00
399 400 4.8321e+00 4.4896e+00 4.8473e+00 5.1526e+00
400 401 7.8649e-01 7.0959e-01 8.0135e-01 8.2819e-01
401 402 7.8649e-01 7.0959e-01 8.0135e-01 8.2819e-01
402 403 7.8649e-01 7.0959e-01 8.0135e-01 8.2819e-01
403 404 7.8649e-01 7.0959e-01 8.0135e-01 8.2819e-01
404 405 7.8649e-01 7.0959e-01 8.0135e-01 8.2819e-01
405 406 7.8649e-01 7.0959e-01 8.0135e-01 8.2819e-01
406 407 7.8649e-01 7.0959e-01 8.0135e-01 8.2819e-01
407 408 7.8649e-01 7.0959e-01 8.0135e-01 8.2819e-01
408 409 7.8649e-01 7.0959e-01 8.0135e-01 8.2819e-01
409 410 7.8649e-01 7.0959e-01 8.0135e-01 8.2819e-01
410 411 7.8649e-01 7.0959e-01 8.0135e-01 8.2819e-01
411 412 7.8649e-01 7.0959e-01 8.0135e-01 8.2819e-01
412 413 7.8649e-01 7.0959e-01 8.0135e-01 8.2819e-01
413 414 7.8649e-01 7.0959e-01 8.0135e-01 8.2819e-01
414 415 7.8649e-01 7.0959e-01 8.0135e-01 8.2819e-01
415 416 7.8649e-01 7.0959e-01 8.0135e-01 8.2819e-01
416 417 7.8649e-01 7.0959e-01 8.0135e-01 8.2819e-01
417 418 7.8649e-01 7.0959e-01 8.0135e-01 8.2819e-01
418 419 7.8649e-01 7.0959e-01 8.0135e-01 8.2819e-01
419 420 7.8649e-01 7.0959e-01 8.0135e-01 8.2819e-01
420 421 7.8649e-01 7.0959e-01 8.0135e-01 8.2819e-01
421 422 7.8649e-01 7.0959e-01 8.0135e-01 8.2819e-01
422 423 7.8649e-01 7.0959e-01 8.0135e-01 8.2819e-01
423 424 7.8649e-01 7.0959e-01 8.0135e-01 8.2819e-01
424 425 7.8649e-01 7.0959e-01 8.0135e-01 8.2819e-01
425 426 7.8649e-01 7.0959e-01 8.0135e-01 8.2819e-01
426 427 7.8649e-01 7.0959e-01 8.0135e-01 8.2819e-01
427 428 7.8649e-01 7.0959e-01 8.0135e-01 8.2819e-01
428 429 7.8649e-01 7.0959e-01 8.0135e-01 8.2819e-01
429 430 7.8649e-01 7.0959e-01 8.0135e-01 8.2819e-01
430 431 7.8649e-01 7.0959e-01 8.0135e-01 8.2819e-01
431 432 7.8649e-01 7.0959e-01 8.0135e-01 8.2819e-01
432 433 7.8649e-01 7.0959e-01 8.0135e-01 8.2819e-01
433 434 7.8649e-01 7.0959e-01 8.0135e-01 8.2819e-01
434 435 7.8649e-01 7.0959e-01 8.0135e-01 8.2819e-01
435 436 7.8649e-01 7.0959e-01 8.0135e-01 8.2819e-01
436 437 7.8649e-01 7.0959e-01 8.0135e-01 8.2819e-01
437 438 7.8649e-01 7.0959e-01 8.0135e-01 8.2819e-01
438 439 7.8649e-01 7.0959e-01 8.0135e-01 8.2819e-01
439 440 7.8649e-01 7.0959e-01 8.0135e-01 8.2819e-01
440 441 7.8649e-01 7.0959e-01 8.0135e-01 8.2819e-01
441 442 7.8649e-01 7.0959e-01 8.0135e-01 8.2819e-01
442 444 7.8649e-01 7.0959e-01 8.0135e-01 8.2819e-01
444 445 7.8649e-01 7.0959e-01 8.0135e-01 8.2819e-01
445 446 7.8649e-01 7.0959e-01 8.0135e-01 8.2819e-01
446 447 7.8649e-01 7.0959e-01 8.0135e-01 8.2819e-01
447 448 7.8649e-01 7.0959e-01 8.0135e-01 8.2819e-01
448 449 7.8649e-01 7.0959e-01 8.0135e-01 8.2819e-01
449 450 7.8649e-01 7.0959e-01 8.0135e-01 8.2819e-01
450 451 7.8649e-01 7.0959e-01 8.0135e-01 8.2819e-01
451 452 7.8649e-01 7.0959e-01 8.0135e-01 8.2819e-01
452 453 7.8649e-01 7.0959e-01 8.0135e-01 8.2819e-01
453 454 7.8649e-01 7.0959e-01 8.0135e-01 8.2819e-01
454 455 7.8649e-01 7.0959e-01 8.0135e-01 8.2819e-01
455 456 7.8649e-01 7.0959e-01 8.0135e-01 8.2819e-01
456 457 7.8649e-01 7.0959e-01 8.0135e-01 8.2819e-01
457 458 7.8649e-01 7.0959e-01 8.0135e-01 8.2819e-01
458 459 7.8649e-01 7.0959e-01 8.0135e-01 8.2819e-01
459 460 7.8649e-01 7.0959e-01 8.0135e-01 8.2819e-01
460 461 7.8649e-01 7.0959e-01 8.0135e-01 8.2819e-01
461 462 7.8649e-01 7.0959e-01 8.0135e-01 8.2819e-01
462 463 7.8649e-01 7.0959e-01 8.0135e-01 8.2819e-01
463 464 7.8649e-01 7.0959e-01 8.0135e-01 8.2819e-01
464 465 7.8649e-01 7.0959e-01 8.0135e-01 8.2819e-01
465 466 7.8649e-01 7.0959e-01 8.0135e-01 8.2819e-01
466 467 7.8649e-01 7.0959e-01 8.0135e-01 8.2819e-01
467 468 7.8649e-01 7.0959e-01 8.0135e-01 8.2819e-01
468 469 7.8649e-01 7.0959e-01 8.0135e-01 8.2819e-01
469 470 7.8649e-01 7.0959e-01 8.0135e-01 8.2819e-01
470 471 7.8649e-01 7.0959e-01 8.0135e-01 8.2819e-01
471 472 7.8649e-01 7.0959e-01 8.0135e-01 8.2819e-01
472 473 7.8649e-01 7.0959e-01 8.0135e-01 8.2819e-01
473 474 7.8649e-01 7.0959e-01 8.0135e-01 8.2819e-01
474 475 7.8649e-01 7.0959e-01 8.0135e-01 8.2819e-01
475 476 7.8649e-01 7.0959e-01 8.0135e-01 8.2819e-01
476 478 7.8649e-01 7.0959e-01 8.0135e-01 8.2819e-01
478 479 7.8649e-01 7.0959e-01 8.0135e-01 8.2819e-01
479 480 7.8649e-01 7.0959e-01 8.0135e-01 8.2819e-01
480 481 7.8649e-01 7.0959e-01 8.0135e-01 8.2819e-01
481 482 7.8649e-01 7.0959e-01 8.0135e-01 8.2819e-01
482 483 7.8649e-01 7.0959e-01 8.0135e-01 8.2819e-01
483 484 7.8649e-01 7.0959e-01 8.0135e-01 8.2819e-01
484 485 7.8649e-01 7.0959e-01 8.0135e-01 8.2819e-01
485 486 7.8649e-01 7.0959e-01 8.0135e-01 8.2819e-01
486 487 7.8649e-01 7.0959e-01 8.0135e-01 8.2819e-01
487 488 7.8649e-01 7.0959e-01 8.0135e-01 8.2819e-01
488 489 7.8649e-01 7.0959e-01 8.0135e-01 8.2819e-01
489 490 7.8649e-01 7.0959e-01 8.0135e-01 8.2819e-01
490 491 7.8649e-01 7.0959e-01 8.0135e-01 8.2819e-01
491 492 7.8888e-01 7.0959e-01 8.0135e-01 8.2819e-01
492 493 2.8985e+00 7.3413e-01 4.5192e+00 5.0020e+00
493 494 3.9392e+00 7.5443e-01 4.7538e+00 5.1553e+00
494 495 4.8155e+00 4.4601e+00 4.8189e+00 5.3744e+00
495 496 4.8327e+00 4.4712e+00 4.8192e+00 5.3744e+00
496 497 4.8327e+00 4.4712e+00 4.8192e+00 5.3744e+00
497 498 4.8327e+00 4.4712e+00 4.8192e+00 5.3744e+00
498 499 4.8327e+00 4.4712e+00 4.8192e+00 5.3744e+00
499 500 4.8327e+00 4.4712e+00 4.8192e+00 5.3744e+00
500 501 4.8327e+00 4.4712e+00 4.8192e+00 5.3744e+00
501 502 4.8327e+00 4.4712e+00 4.8192e+00 5.3744e+00
502 503 4.8327e+00 4.4712e+00 4.8192e+00 5.3744e+00
503 504 4.8327e+00 4.4712e+00 4.8192e+00 5.3744e+00
504 505 4.8327e+00 4.4712e+00 4.8192e+00 5.3744e+00
505 506 4.8327e+00 4.4712e+00 4.8192e+00 5.3744e+00
506 507 4.8327e+00 4.4712e+00 4.8192e+00 5.3744e+00
507 508 4.8327e+00 4.4712e+00 4.8192e+00 5.3744e+00
508 509 4.8327e+00 4.4712e+00 4.8192e+00 5.3744e+00
509 510 4.8327e+00 4.4712e+00 4.8192e+00 5.3744e+00
510 511 4.8327e+00 4.4712e+00 4.8192e+00 5.3744e+00
511 512 4.8327e+00 4.4712e+00 4.8192e+00 5.3744e+00
512 513 4.8327e+00 4.4712e+00 4.8192e+00 5.3744e+00
513 514 4.8327e+00 4.4712e+00 4.8192e+00 5.3744e+00
514 515 4.8327e+00 4.4712e+00 4.8192e+00 5.3744e+00
515 516 4.8327e+00 4.4712e+00 4.8192e+00 5.3744e+00
516 517 4.8327e+00 4.4712e+00 4.8192e+00 5.3744e+00
517 518 4.8327e+00 4.4712e+00 4.8192e+00 5.3744e+00
518 520 4.8327e+00 4.4712e+00 4.8192e+00 5.3744e+00
520 521 4.8327e+00 4.4712e+00 4.8192e+00 5.3744e+00
521 522 4.8327e+00 4.4712e+00 4.8192e+00 5.3744e+00
522 523 4.8327e+00 4.4712e+00 4.8192e+00 5.3744e+00
523 524 4.8327e+00 4.4712e+00 4.8192e+00 5.3744e+00
524 525 4.8327e+00 4.4712e+00 4.8192e+00 5.3744e+00
525 526 4.8327e+00 4.4712e+00 4.8192e+00 5.3744e+00
526 527 4.8327e+00 4.4712e+00 4.8192e+00 5.3744e+00
527 528 4.8327e+00 4.4712e+00 4.8192e+00 5.3744e+00
528 529 4.8327e+00 4.4712e+00 4.8192e+00 5.3744e+00
529 530 4.8327e+00 4.4712e+00 4.8192e+00 5.3744e+00
530 531 4.8327e+00 4.4712e+00 4.8192e+00 5.3744e+00
531 532 4.8327e+00 4.4712e+00 4.8192e+00 5.3744e+00
532 533 4.8327e+00 4.4712e+00 4.8192e+00 5.3744e+00
533 534 4.8327e+00 4.4712e+00 4.8192e+00 5.3744e+00
534 535 4.8327e+00 4.4712e+00 4.8192e+00 5.3744e+00
535 536 4.8327e+00 4.4712e+00 4.8192e+00 5.3744e+00
536 537 4.8327e+00 4.4712e+00 4.8192e+00 5.3744e+00
537 538 4.8327e+00 4.4712e+00 4.8192e+00 5.3744e+00
538 539 4.8327e+00 4.4712e+00 4.8192e+00 5.3744e+00
539 540 4.8327e+00 4.4712e+00 4.8192e+00 5.3744e+00
540 541 4.8327e+00 4.4712e+00 4.8192e+00 5.3744e+00
541 542 4.8327e+00 4.4712e+00 4.8192e+00 5.3744e+00
542 543 4.8327e+00 4.4712e+00 4.8192e+00 5.3744e+00
543 544 4.8327e+00 4.4712e+00 4.8192e+00 5.3744e+00
544 545 4.8327e+00 4.4712e+00 4.8192e+00 5.3744e+00
545 546 4.8327e+00 4.4712e+00 4.8192e+00 5.3744e+00
546 547 4.8327e+00 4.4712e+00 4.8192e+00 5.3744e+00
547 548 4.8327e+00 4.4712e+00 4.8192e+00 5.3744e+00
548 549 4.8327e+00 4.4712e+00 4.8192e+00 5.3744e+00
549 550 4.8327e+00 4.4712e+00 4.8192e+00 5.3744e+00
550 551 4.8327e+00 4.4712e+00 4.8192e+00 5.3744e+00
551 552 4.8327e+00 4.4712e+00 4.8192e+00 5.3744e+00
552 553 4.8327e+00 4.4712e+00 4.8192e+00 5.3744e+00
553 554 4.8327e+00 4.4712e+00 4.8192e+00 5.3744e+00
554 555 4.8327e+00 4.4712e+00 4.8192e+00 5.3744e+00
555 556 4.8327e+00 4.4712e+00 4.8192e+00 5.3744e+00
556 557 4.8327e+00 4.4712e+00 4.8192e+00 5.3744e+00
557 558 4.8327e+00 4.4712e+00 4.8192e+00 5.3744e+00
558 559 4.8327e+00 4.4712e+00 4.8192e+00 5.3744e+00
559 560 4.8327e+00 4.4712e+00 4.8192e+00 5.3744e+00
560 561 4.8327e+00 4.4712e+00 4.8192e+00 5.3744e+00
561 562 4.8327e+00 4.4712e+00 4.8192e+00 5.3744e+00
562 563 4.8327e+00 4.4712e+00 4.8192e+00 5.3744e+00
563 564 4.8327e+00 4.4712e+00 4.8192e+00 5.3744e+00
564 565 4.8327e+00 4.4712e+00 4.8192e+00 5.3744e+00
565 566 4.8327e+00 4.4712e+00 4.8192e+00 5.3744e+00
566 567 4.8327e+00 4.4712e+00 4.8192e+00 5.3744e+00
567 568 4.8327e+00 4.4712e+00 4.8192e+00 5.3744e+00
568 569 4.8327e+00 4.4712e+00 4.8192e+00 5.3744e+00
569 570 4.8327e+00 4.4712e+00 4.8192e+00 5.3744e+00
570 571 4.8327e+00 4.4712e+00 4.8192e+00 5.3744e+00
571 572 4.8327e+00 4.4712e+00 4.8192e+00 5.3744e+00
572 573 4.8327e+00 4.4712e+00 4.8192e+00 5.3744e+00
573 574 4.8327e+00 4.4712e+00 4.8192e+00 5.3744e+00
574 575 4.8327e+00 4.4712e+00 4.8192e+00 5.3744e+00
575 576 4.8327e+00 4.4712e+00 4.8192e+00 5.3744e+00
576 577 4.8327e+00 4.4712e+00 4.8192e+00 5.3744e+00
577 578 4.8327e+00 4.4712e+00 4.8192e+00 5.3744e+00
578 579 4.8327e+00 4.4712e+00 4.8192e+00 5.3744e+00
579 580 4.8327e+00 4.4712e+00 4.8192e+00 5.3744e+00
580 581 4.8327e+00 4.4712e+00 4.8192e+00 5.3744e+00
581 582 4.8327e+00 4.4712e+00 4.8192e+00 5.3744e+00
582 583 4.8327e+00 4.4712e+00 4.8192e+00 5.3744e+00
583 584 4.8327e+00 4.4712e+00 4.8192e+00 5.3744e+00
584 585 4.8327e+00 4.4712e+00 4.8192e+00 5.3744e+00
585 586 4.8327e+00 4.4712e+00 4.8192e+00 5.3744e+00
586 587 4.8327e+00 4.4712e+00 4.8192e+00 5.3744e+00
587 588 4.8327e+00 4.4712e+00 4.8192e+00 5.3744e+00
588 589 4.8327e+00 4.4712e+00 4.8192e+00 5.3744e+00
589 590 4.8327e+00 4.4712e+00 4.8192e+00 5.3744e+00
590 591 4.8327e+00 4.4712e+00 4.8192e+00 5.3744e+00
591 592 4.8327e+00 4.4712e+00 4.8192e+00 5.3744e+00
592 593 4.8327e+00 4.4712e+00 4.8192e+00 5.3744e+00
593 594 4.8327e+00 4.4712e+00 4.8192e+00 5.3744e+00
594 595 4.8327e+00 4.4712e+00 4.8192e+00 5.3744e+00
595 596 4.8327e+00 4.4712e+00 4.8192e+00 5.3744e+00
596 597 4.8327e+00 4.4712e+00 4.8192e+00 5.3744e+00
597 598 4.8327e+00 4.4712e+00 4.8192e+00 5.3744e+00
598 599 4.8327e+00 4.4712e+00 4.8192e+00 5.3744e+00
599 600 4.8327e+00 4.4712e+00 4.8192e+00 5.3744e+00
600 601 4.8327e+00 4.4712e+00 4.8192e+00 5.3744e+00
601 602 4.8327e+00 4.4712e+00 4.8192e+00 5.3744e+00
602 603 4.8331e+00 4.4712e+00 4.8192e+00 5.3744e+00
603 604 4.8331e+00 4.4712e+00 4.8192e+00 5.3744e+00
604 605 4.8331e+00 4.4712e+00 4.8192e+00 5.3744e+00
605 606 4.8331e+00 4.4712e+00 4.8192e+00 5.3744e+00
606 607 4.8331e+00 4.4712e+00 4.8192e+00 5.3744e+00
607 608 4.8331e+00 4.4712e+00 4.8192e+00 5.3744e+00
608 609 4.8331e+00 4.4712e+00 4.8192e+00 5.3744e+00
609 610 4.8331e+00 4.4712e+00 4.8192e+00 5.3744e+00
610 611 4.8331e+00 4.4712e+00 4.8192e+00 5.3744e+00
611 612 4.8331e+00 4.4712e+00 4.8192e+00 5.3744e+00
612 613 4.8331e+00 4.4712e+00 4.8192e+00 5.3744e+00
613 614 2.9480e+00 3.9739e-01 4.5815e+00 5.0572e+00
614 615 4.3621e-01 3.8167e-01 4.3558e-01 4.9211e-01
615 616 4.3621e-01 3.8167e-01 4.3558e-01 4.9211e-01
616 617 4.3621e-01 3.8167e-01 4.3558e-01 4.9211e-01
617 618 4.3621e-01 3.8167e-01 4.3558e-01 4.9211e-01
618 619 4.3621e-01 3.8167e-01 4.3558e-01 4.9211e-01
619 620 4.3621e-01 3.8167e-01 4.3558e-01 4.9211e-01
620 621 4.3621e-01 3.8167e-01 4.3558e-01 4.9211e-01
621 622 4.3621e-01 3.8167e-01 4.3558e-01 4.9211e-01
622 623 4.3621e-01 3.8167e-01 4.3558e-01 4.9211e-01
623 624 4.3621e-01 3.8167e-01 4.3558e-01 4.9211e-01
624 625 4.3621e-01 3.8167e-01 4.3558e-01 4.9211e-01
625 626 4.3621e-01 3.8167e-01 4.3558e-01 4.9211e-01
626 627 4.3621e-01 3.8167e-01 4.3558e-01 4.9211e-01
627 628 4.3621e-01 3.8167e-01 4.3558e-01 4.9211e-01
628 629 4.3621e-01 3.8167e-01 4.3558e-01 4.9211e-01
629 630 4.3621e-01 3.8167e-01 4.3558e-01 4.9211e-01
630 631 4.3621e-01 3.8167e-01 4.3558e-01 4.9211e-01
631 632 4.3621e-01 3.8167e-01 4.3558e-01 4.9211e-01
632 633 4.3621e-01 3.8167e-01 4.3558e-01 4.9211e-01
633 634 4.3636e-01 3.8167e-01 4.3558e-01 4.9211e-01
634 635 4.3636e-01 3.8167e-01 4.3558e-01 4.9211e-01
635 636 4.3636e-01 3.8167e-01 4.3558e-01 4.9211e-01
636 637 4.3636e-01 3.8167e-01 4.3558e-01 4.9211e-01
637 638 4.3636e-01 3.8167e-01 4.3558e-01 4.9211e-01
638 639 4.3636e-01 3.8167e-01 4.3558e-01 4.9211e-01
639 640 4.3636e-01 3.8167e-01 4.3558e-01 4.9211e-01
640 641 4.3636e-01 3.8167e-01 4.3558e-01 4.9211e-01
641 642 4.3636e-01 3.8167e-01 4.3558e-01 4.9211e-01
642 643 3.1532e+00 4.0473e-01 4.8189e-01 6.8999e+00
643 644 6.5559e+00 5.9318e+00 6.5173e+00 7.2713e+00
644 645 6.5559e+00 5.9318e+00 6.5173e+00 7.2713e+00
645 646 6.5559e+00 5.9318e+00 6.5173e+00 7.2713e+00
646 647 6.5559e+00 5.9318e+00 6.5173e+00 7.2713e+00
647 648 6.5559e+00 5.9318e+00 6.5173e+00 7.2713e+00
648 649 6.5559e+00 5.9318e+00 6.5173e+00 7.2713e+00
649 650 6.5559e+00 5.9318e+00 6.5173e+00 7.2713e+00
650 651 6.5559e+00 5.9318e+00 6.5173e+00 7.2713e+00
651 652 6.5559e+00 5.9318e+00 6.5173e+00 7.2713e+00
652 653 6.5559e+00 5.9318e+00 6.5173e+00 7.2713e+00
653 654 6.5559e+00 5.9318e+00 6.5173e+00 7.2713e+00
654 655 6.5559e+00 5.9318e+00 6.5173e+00 7.2713e+00
655 656 6.5559e+00 5.9318e+00 6.5173e+00 7.2713e+00
656 657 6.5559e+00 5.9318e+00 6.5173e+00 7.2713e+00
657 658 6.5559e+00 5.9318e+00 6.5173e+00 7.2713e+00
658 659 6.5559e+00 5.9318e+00 6.5173e+00 7.2713e+00
659 660 6.5559e+00 5.9318e+00 6.5173e+00 7.2713e+00
660 661 6.5559e+00 5.9318e+00 6.5173e+00 7.2713e+00
661 662 6.5559e+00 5.9318e+00 6.5173e+00 7.2713e+00
662 663 6.5559e+00 5.9318e+00 6.5173e+00 7.2713e+00
663 664 6.5559e+00 5.9318e+00 6.5173e+00 7.2713e+00
664 665 6.5559e+00 5.9318e+00 6.5173e+00 7.2713e+00
665 666 6.5559e+00 5.9318e+00 6.5173e+00 7.2713e+00
666 667 6.5559e+00 5.9318e+00 6.5173e+00 7.2713e+00
667 668 6.5559e+00 5.9318e+00 6.5173e+00 7.2713e+00
668 669 6.5559e+00 5.9318e+00 6.5173e+00 7.2713e+00
669 670 6.5559e+00 5.9318e+00 6.5173e+00 7.2713e+00
670 671 6.5559e+00 5.9318e+00 6.5173e+00 7.2713e+00
671 672 6.5559e+00 5.9318e+00 6.5173e+00 7.2713e+00
672 673 6.5559e+00 5.9318e+00 6.5173e+00 7.2713e+00
673 674 6.5559e+00 5.9318e+00 6.5173e+00 7.2713e+00
674 675 6.5559e+00 5.9318e+00 6.5173e+00 7.2713e+00
675 676 6.5559e+00 5.9318e+00 6.5173e+00 7.2713e+00
676 677 6.5559e+00 5.9318e+00 6.5173e+00 7.2713e+00
677 678 6.5559e+00 5.9318e+00 6.5173e+00 7.2713e+00
678 679 6.5559e+00 5.9318e+00 6.5173e+00 7.2713e+00
679 680 6.5559e+00 5.9318e+00 6.5173e+00 7.2713e+00
680 681 6.5559e+00 5.9318e+00 6.5173e+00 7.2713e+00
681 682 6.5559e+00 5.9318e+00 6.5173e+00 7.2713e+00
682 683 6.5559e+00 5.9318e+00 6.5173e+00 7.2713e+00
683 684 6.5559e+00 5.9318e+00 6.5173e+00 7.2713e+00
684 685 6.5559e+00 5.9318e+00 6.5173e+00 7.2713e+00
685 686 6.5559e+00 5.9318e+00 6.5173e+00 7.2713e+00
686 687 6.5559e+00 5.9318e+00 6.5173e+00 7.2713e+00
687 688 6.5559e+00 5.9318e+00 6.5173e+00 7.2713e+00
688 689 6.5559e+00 5.9318e+00 6.5173e+00 7.2713e+00
689 690 6.5559e+00 5.9318e+00 6.5173e+00 7.2713e+00
690 691 6.5559e+00 5.9318e+00 6.5173e+00 7.2713e+00
691 692 6.5559e+00 5.9318e+00 6.5173e+00 7.2713e+00
692 693 6.5559e+00 5.9318e+00 6.5173e+00 7.2713e+00
693 694 6.5559e+00 5.9318e+00 6.5173e+00 7.2713e+00
694 695 6.5559e+00 5.9318e+00 6.5173e+00 7.2713e+00
695 696 6.5559e+00 5.9318e+00 6.5173e+00 7.2713e+00
696 697 6.5559e+00 5.9318e+00 6.5173e+00 7.2713e+00
697 698 6.5559e+00 5.9318e+00 6.5173e+00 7.2713e+00
698 699 6.5559e+00 5.9318e+00 6.5173e+00 7.2713e+00
699 700 6.5559e+00 5.9318e+00 6.5173e+00 7.2713e+00
700 701 6.5559e+00 5.9318e+00 6.5173e+00 7.2713e+00
701 702 6.5559e+00 5.9318e+00 6.5173e+00 7.2713e+00
702 703 6.5559e+00 5.9318e+00 6.5173e+00 7.2713e+00
703 704 6.5559e+00 5.9318e+00 6.5173e+00 7.2713e+00
704 705 6.5559e+00 5.9318e+00 6.5173e+00 7.2713e+00
705 706 6.5559e+00 5.9318e+00 6.5173e+00 7.2713e+00
706 707 6.5559e+00 5.9318e+00 6.5173e+00 7.2713e+00
707 708 6.5559e+00 5.9318e+00 6.5173e+00 7.2713e+00
708 709 6.5559e+00 5.9318e+00 6.5173e+00 7.2713e+00
709 710 6.5559e+00 5.9318e+00 6.5173e+00 7.2713e+00
710 711 6.5559e+00 5.9318e+00 6.5173e+00 7.2713e+00
711 712 6.5559e+00 5.9318e+00 6.5173e+00 7.2713e+00
712 713 6.5559e+00 5.9318e+00 6.5173e+00 7.2713e+00
713 714 6.5559e+00 5.9318e+00 6.5173e+00 7.2713e+00
714 715 6.5559e+00 5.9318e+00 6.5173e+00 7.2713e+00
715 716 6.5559e+00 5.9318e+00 6.5173e+00 7.2713e+00
716 717 6.5559e+00 5.9318e+00 6.5173e+00 7.2713e+00
717 718 6.5559e+00 5.9318e+00 6.5173e+00 7.2713e+00
718 719 6.5559e+00 5.9318e+00 6.5173e+00 7.2713e+00
719 720 6.5559e+00 5.9318e+00 6.5173e+00 7.2713e+00
720 721 6.5559e+00 5.9318e+00 6.5173e+00 7.2713e+00
721 722 6.5559e+00 5.9318e+00 6.5173e+00 7.2713e+00
722 723 6.5559e+00 5.9318e+00 6.5173e+00 7.2713e+00
723 724 6.5559e+00 5.9318e+00 6.5173e+00 7.2713e+00
724 725 6.5559e+00 5.9318e+00 6.5173e+00 7.2713e+00
725 726 6.5559e+00 5.9318e+00 6.5173e+00 7.2713e+00
726 727 6.5559e+00 5.9318e+00 6.5173e+00 7.2713e+00
727 728 6.5559e+00 5.9318e+00 6.5173e+00 7.2713e+00
728 730 6.5559e+00 5.9318e+00 6.5173e+00 7.2713e+00
730 731 6.5559e+00 5.9318e+00 6.5173e+00 7.2713e+00
731 732 6.5559e+00 5.9318e+00 6.5173e+00 7.2713e+00
732 733 6.5559e+00 5.9318e+00 6.5173e+00 7.2713e+00
733 734 6.5559e+00 5.9318e+00 6.5173e+00 7.2713e+00
734 735 6.5559e+00 5.9318e+00 6.5173e+00 7.2713e+00
735 736 6.5559e+00 5.9318e+00 6.5173e+00 7.2713e+00
736 737 6.5559e+00 5.9318e+00 6.5173e+00 7.2713e+00
737 738 6.5559e+00 5.9318e+00 6.5173e+00 7.2713e+00
738 739 6.5559e+00 5.9318e+00 6.5173e+00 7.2713e+00
739 740 6.5559e+00 5.9318e+00 6.5173e+00 7.2713e+00
740 741 6.5559e+00 5.9318e+00 6.5173e+00 7.2713e+00
741 742 6.5559e+00 5.9318e+00 6.5173e+00 7.2713e+00
742 743 6.5559e+00 5.9318e+00 6.5173e+00 7.2713e+00
743 744 6.5559e+00 5.9318e+00 6.5173e+00 7.2713e+00
744 745 6.5559e+00 5.9318e+00 6.5173e+00 7.2713e+00
745 746 6.5559e+00 5.9318e+00 6.5173e+00 7.2713e+00
746 747 6.5559e+00 5.9318e+00 6.5173e+00 7.2713e+00
747 748 6.5559e+00 5.9318e+00 6.5173e+00 7.2713e+00
748 749 6.5559e+00 5.9318e+00 6.5173e+00 7.2713e+00
749 750 6.5559e+00 5.9318e+00 6.5173e+00 7.2713e+00
750 751 6.5559e+00 5.9318e+00 6.5173e+00 7.2713e+00
751 752 6.5559e+00 5.9318e+00 6.5173e+00 7.2713e+00
752 753 6.5559e+00 5.9318e+00 6.5173e+00 7.2713e+00
753 754 6.5559e+00 5.9318e+00 6.5173e+00 7.2713e+00
754 755 6.5559e+00 5.9318e+00 6.5173e+00 7.2713e+00
755 756 6.5559e+00 5.9318e+00 6.5173e+00 7.2713e+00
756 757 6.5559e+00 5.9318e+00 6.5173e+00 7.2713e+00
757 758 6.5559e+00 5.9318e+00 6.5173e+00 7.2713e+00
758 759 6.5559e+00 5.9318e+00 6.5173e+00 7.2713e+00
759 760 6.5559e+00 5.9318e+00 6.5173e+00 7.2713e+00
760 761 6.5559e+00 5.9318e+00 6.5173e+00 7.2713e+00
761 762 6.5559e+00 5.9318e+00 6.5173e+00 7.2713e+00
762 763 6.5559e+00 5.9318e+00 6.5173e+00 7.2713e+00
763 764 6.5559e+00 5.9318e+00 6.5173e+00 7.2713e+00
764 765 6.5559e+00 5.9318e+00 6.5173e+00 7.2713e+00
765 766 6.5559e+00 5.9318e+00 6.5173e+00 7.2713e+00
766 767 6.5559e+00 5.9318e+00 6.5173e+00 7.2713e+00
767 768 6.5559e+00 5.9318e+00 6.5173e+00 7.2713e+00
768 769 6.5559e+00 5.9318e+00 6.5173e+00 7.2713e+00
769 770 6.5559e+00 5.9318e+00 6.5173e+00 7.2713e+00
770 771 6.5559e+00 5.9318e+00 6.5173e+00 7.2713e+00
771 772 6.5559e+00 5.9318e+00 6.5173e+00 7.2713e+00
772 773 6.5559e+00 5.9318e+00 6.5173e+00 7.2713e+00
773 774 6.5559e+00 5.9318e+00 6.5173e+00 7.2713e+00
774 775 6.5559e+00 5.9318e+00 6.5173e+00 7.2713e+00
775 776 6.5559e+00 5.9318e+00 6.5173e+00 7.2713e+00
776 777 6.5559e+00 5.9318e+00 6.5173e+00 7.2713e+00
777 778 6.5559e+00 5.9318e+00 6.5173e+00 7.2713e+00
778 779 6.5559e+00 5.9318e+00 6.5173e+00 7.2713e+00
779 780 6.5559e+00 5.9318e+00 6.5173e+00 7.2713e+00
780 781 6.5559e+00 5.9318e+00 6.5173e+00 7.2713e+00
781 782 6.5559e+00 5.9318e+00 6.5173e+00 7.2713e+00
782 783 6.5559e+00 5.9318e+00 6.5173e+00 7.2713e+00
783 784 6.5559e+00 5.9318e+00 6.5173e+00 7.2713e+00
784 785 6.5559e+00 5.9318e+00 6.5173e+00 7.2713e+00
785 786 6.5501e+00 5.9203e+00 6.5169e+00 7.2713e+00
786 787 6.5412e+00 5.9069e+00 6.5163e+00 7.2713e+00
787 788 6.5252e+00 5.8764e+00 6.5155e+00 7.2652e+00
788 789 6.5071e+00 5.8625e+00 6.5151e+00 7.2652e+00
789 790 6.5009e+00 5.8524e+00 6.5151e+00 7.2652e+00
790 791 6.5003e+00 5.8524e+00 6.5151e+00 7.2652e+00
791 792 6.4935e+00 5.8508e+00 6.5146e+00 7.2652e+00
792 793 6.4807e+00 5.8083e+00 6.5140e+00 7.2561e+00
793 794 6.2529e+00 2.2315e+00 6.5061e+00 7.2512e+00
794 795 5.9293e+00 2.1306e+00 6.4608e+00 7.2243e+00
795 796 4.1510e+00 2.0343e+00 2.3724e+00 7.0854e+00
796 797 3.5054e+00 2.0101e+00 2.2877e+00 7.0283e+00
797 798 2.2925e+00 1.9805e+00 2.2087e+00 2.4882e+00
798 799 2.2139e+00 1.9800e+00 2.2063e+00 2.4425e+00
799 801 2.2130e+00 1.9800e+00 2.2063e+00 2.4425e+00
801 802 2.2130e+00 1.9800e+00 2.2063e+00 2.4425e+00
802 803 2.2130e+00 1.9800e+00 2.2063e+00 2.4425e+00
803 804 2.2130e+00 1.9800e+00 2.2063e+00 2.4425e+00
804 805 2.2130e+00 1.9800e+00 2.2063e+00 2.4425e+00
805 806 2.2130e+00 1.9800e+00 2.2063e+00 2.4425e+00
806 807 2.2130e+00 1.9800e+00 2.2063e+00 2.4425e+00
807 808 2.2130e+00 1.9800e+00 2.2063e+00 2.4425e+00
808 809 2.2130e+00 1.9800e+00 2.2063e+00 2.4425e+00
809 810 2.2130e+00 1.9800e+00 2.2063e+00 2.4425e+00
810 811 2.2130e+00 1.9800e+00 2.2063e+00 2.4425e+00
811 812 2.2130e+00 1.9800e+00 2.2063e+00 2.4425e+00
812 813 2.2130e+00 1.9800e+00 2.2063e+00 2.4425e+00
813 814 2.2130e+00 1.9800e+00 2.2063e+00 2.4425e+00
814 815 2.2130e+00 1.9800e+00 2.2063e+00 2.4425e+00
815 816 2.2130e+00 1.9800e+00 2.2063e+00 2.4425e+00
816 817 2.2130e+00 1.9800e+00 2.2063e+00 2.4425e+00
817 818 2.2130e+00 1.9800e+00 2.2063e+00 2.4425e+00
818 819 2.2130e+00 1.9800e+00 2.2063e+00 2.4425e+00
819 820 2.2130e+00 1.9800e+00 2.2063e+00 2.4425e+00
820 821 2.2130e+00 1.9800e+00 2.2063e+00 2.4425e+00
821 822 2.2130e+00 1.9800e+00 2.2063e+00 2.4425e+00
822 823 2.2130e+00 1.9800e+00 2.2063e+00 2.4425e+00
823 824 2.2130e+00 1.9800e+00 2.2063e+00 2.4425e+00
824 825 2.2130e+00 1.9800e+00 2.2063e+00 2.4425e+00
825 826 2.2130e+00 1.9800e+00 2.2063e+00 2.4425e+00
826 827 2.2130e+00 1.9800e+00 2.2063e+00 2.4425e+00
827 828 2.2130e+00 1.9800e+00 2.2063e+00 2.4425e+00
828 829 2.2130e+00 1.9800e+00 2.2063e+00 2.4425e+00
829 830 2.2130e+00 1.9800e+00 2.2063e+00 2.4425e+00
830 831 2.2130e+00 1.9800e+00 2.2063e+00 2.4425e+00
831 833 2.2130e+00 1.9800e+00 2.2063e+00 2.4425e+00
833 834 2.2130e+00 1.9800e+00 2.2063e+00 2.4425e+00
834 835 2.2130e+00 1.9800e+00 2.2063e+00 2.4425e+00
835 836 2.2130e+00 1.9800e+00 2.2063e+00 2.4425e+00
836 837 2.2130e+00 1.9800e+00 2.2063e+00 2.4425e+00
837 838 2.2130e+00 1.9800e+00 2.2063e+00 2.4425e+00
838 839 2.2130e+00 1.9800e+00 2.2063e+00 2.4425e+00
839 840 2.2130e+00 1.9800e+00 2.2063e+00 2.4425e+00
840 841 2.2130e+00 1.9800e+00 2.2063e+00 2.4425e+00
841 842 2.2130e+00 1.9800e+00 2.2063e+00 2.4425e+00
842 843 2.2130e+00 1.9800e+00 2.2063e+00 2.4425e+00
843 844 2.2130e+00 1.9800e+00 2.2063e+00 2.4425e+00
844 845 2.2130e+00 1.9800e+00 2.2063e+00 2.4425e+00
845 846 2.2130e+00 1.9800e+00 2.2063e+00 2.4425e+00
846 847 2.2130e+00 1.9800e+00 2.2063e+00 2.4425e+00
847 848 2.2130e+00 1.9800e+00 2.2063e+00 2.4425e+00
848 849 2.2130e+00 1.9800e+00 2.2063e+00 2.4425e+00
849 850 2.2130e+00 1.9800e+00 2.2063e+00 2.4425e+00
850 851 2.2130e+00 1.9800e+00 2.2063e+00 2.4425e+00
851 852 2.2130e+00 1.9800e+00 2.2063e+00 2.4425e+00
852 853 2.2130e+00 1.9800e+00 2.2063e+00 2.4425e+00
853 854 2.2130e+00 1.9800e+00 2.2063e+00 2.4425e+00
854 855 2.2130e+00 1.9800e+00 2.2063e+00 2.4425e+00
855 856 2.2130e+00 1.9800e+00 2.2063e+00 2.4425e+00
856 857 2.2130e+00 1.9800e+00 2.2063e+00 2.4425e+00
857 858 2.2130e+00 1.9800e+00 2.2063e+00 2.4425e+00
858 859 2.2130e+00 1.9800e+00 2.2063e+00 2.4425e+00
859 860 2.2130e+00 1.9800e+00 2.2063e+00 2.4425e+00
860 861 2.2130e+00 1.9800e+00 2.2063e+00 2.4425e+00
861 862 2.2130e+00 1.9800e+00 2.2063e+00 2.4425e+00
862 863 2.2130e+00 1.9800e+00 2.2063e+00 2.4425e+00
863 864 2.2130e+00 1.9800e+00 2.2063e+00 2.4425e+00
864 865 5.7150e+00 2.0848e+00 7.0161e+00 7.4407e+00
865 866 6.9244e+00 2.4154e+00 7.0281e+00 7.4795e+00
866 867 7.0694e+00 6.7054e+00 7.0303e+00 7.4965e+00
867 868 7.0694e+00 6.7054e+00 7.0303e+00 7.4965e+00
868 869 7.0694e+00 6.7054e+00 7.0303e+00 7.4965e+00
869 870 7.0694e+00 6.7054e+00 7.0303e+00 7.4965e+00
870 871 7.0694e+00 6.7054e+00 7.0303e+00 7.4965e+00
871 872 7.0694e+00 6.7054e+00 7.0303e+00 7.4965e+00
872 873 7.0694e+00 6.7054e+00 7.0303e+00 7.4965e+00
873 874 7.0694e+00 6.7054e+00 7.0303e+00 7.4965e+00
874 875 7.0694e+00 6.7054e+00 7.0303e+00 7.4965e+00
875 876 7.0694e+00 6.7054e+00 7.0303e+00 7.4965e+00
876 877 7.0694e+00 6.7054e+00 7.0303e+00 7.4965e+00
877 878 7.0694e+00 6.7054e+00 7.0303e+00 7.4965e+00
878 879 7.0694e+00 6.7054e+00 7.0303e+00 7.4965e+00
879 880 7.0694e+00 6.7054e+00 7.0303e+00 7.4965e+00
880 881 7.0694e+00 6.7054e+00 7.0303e+00 7.4965e+00
881 882 7.0694e+00 6.7054e+00 7.0303e+00 7.4965e+00
882 883 7.0694e+00 6.7054e+00 7.0303e+00 7.4965e+00
883 884 7.0694e+00 6.7054e+00 7.0303e+00 7.4965e+00
884 885 7.0694e+00 6.7054e+00 7.0303e+00 7.4965e+00
885 886 7.0694e+00 6.7054e+00 7.0303e+00 7.4965e+00
886 887 7.0694e+00 6.7054e+00 7.0303e+00 7.4965e+00
887 888 7.0694e+00 6.7054e+00 7.0303e+00 7.4965e+00
888 889 7.0694e+00 6.7054e+00 7.0303e+00 7.4965e+00
889 890 7.0694e+00 6.7054e+00 7.0303e+00 7.4965e+00
890 891 7.0694e+00 6.7054e+00 7.0303e+00 7.4965e+00
891 892 7.0694e+00 6.7054e+00 7.0303e+00 7.4965e+00
892 893 7.0694e+00 6.7054e+00 7.0303e+00 7.4965e+00
893 894 7.0694e+00 6.7054e+00 7.0303e+00 7.4965e+00
894 895 7.0694e+00 6.7054e+00 7.0303e+00 7.4965e+00
895 896 7.0694e+00 6.7054e+00 7.0303e+00 7.4965e+00
896 897 7.0694e+00 6.7054e+00 7.0303e+00 7.4965e+00
897 898 7.0694e+00 6.7054e+00 7.0303e+00 7.4965e+00
898 899 7.0694e+00 6.7054e+00 7.0303e+00 7.4965e+00
899 900 7.0694e+00 6.7054e+00 7.0303e+00 7.4965e+00
900 901 7.0694e+00 6.7054e+00 7.0303e+00 7.4965e+00
901 902 7.0694e+00 6.7054e+00 7.0303e+00 7.4965e+00
902 903 7.0694e+00 6.7054e+00 7.0303e+00 7.4965e+00
903 904 7.0694e+00 6.7054e+00 7.0303e+00 7.4965e+00
904 905 7.0694e+00 6.7054e+00 7.0303e+00 7.4965e+00
905 906 7.0694e+00 6.7054e+00 7.0303e+00 7.4965e+00
906 907 7.0694e+00 6.7054e+00 7.0303e+00 7.4965e+00
907 908 7.0694e+00 6.7054e+00 7.0303e+00 7.4965e+00
908 909 7.0694e+00 6.7054e+00 7.0303e+00 7.4965e+00
909 910 7.0694e+00 6.7054e+00 7.0303e+00 7.4965e+00
910 911 7.0694e+00 6.7054e+00 7.0303e+00 7.4965e+00
911 912 7.0694e+00 6.7054e+00 7.0303e+00 7.4965e+00
912 913 7.0694e+00 6.7054e+00 7.0303e+00 7.4965e+00
913 914 7.0694e+00 6.7054e+00 7.0303e+00 7.4965e+00
914 915 7.0694e+00 6.7054e+00 7.0303e+00 7.4965e+00
915 916 7.0694e+00 6.7054e+00 7.0303e+00 7.4965e+00
916 917 7.0694e+00 6.7054e+00 7.0303e+00 7.4965e+00
917 918 7.0694e+00 6.7054e+00 7.0303e+00 7.4965e+00
918 919 7.0694e+00 6.7054e+00 7.0303e+00 7.4965e+00
919 920 7.0694e+00 6.7054e+00 7.0303e+00 7.4965e+00
920 921 7.0694e+00 6.7054e+00 7.0303e+00 7.4965e+00
921 922 7.0694e+00 6.7054e+00 7.0303e+00 7.4965e+00
922 923 7.0694e+00 6.7054e+00 7.0303e+00 7.4965e+00
923 924 7.0694e+00 6.7054e+00 7.0303e+00 7.4965e+00
924 925 7.0694e+00 6.7054e+00 7.0303e+00 7.4965e+00
925 926 7.0694e+00 6.7054e+00 7.0303e+00 7.4965e+00
926 927 7.0694e+00 6.7054e+00 7.0303e+00 7.4965e+00
927 928 7.0694e+00 6.7054e+00 7.0303e+00 7.4965e+00
928 929 7.0694e+00 6.7054e+00 7.0303e+00 7.4965e+00
929 931 7.0694e+00 6.7054e+00 7.0303e+00 7.4965e+00
931 932 7.0694e+00 6.7054e+00 7.0303e+00 7.4965e+00
932 933 7.0694e+00 6.7054e+00 7.0303e+00 7.4965e+00
933 935 7.0694e+00 6.7054e+00 7.0303e+00 7.4965e+00
935 936 7.0694e+00 6.7054e+00 7.0303e+00 7.4965e+00
936 937 7.0694e+00 6.7054e+00 7.0303e+00 7.4965e+00
937 938 7.0694e+00 6.7054e+00 7.0303e+00 7.4965e+00
938 939 7.0694e+00 6.7054e+00 7.0303e+00 7.4965e+00
939 940 7.0694e+00 6.7054e+00 7.0303e+00 7.4965e+00
940 941 7.0694e+00 6.7054e+00 7.0303e+00 7.4965e+00
941 942 7.0694e+00 6.7054e+00 7.0303e+00 7.4965e+00
942 943 7.0694e+00 6.7054e+00 7.0303e+00 7.4965e+00
943 944 7.0694e+00 6.7054e+00 7.0303e+00 7.4965e+00
944 945 7.0694e+00 6.7054e+00 7.0303e+00 7.4965e+00
945 946 7.0694e+00 6.7054e+00 7.0303e+00 7.4965e+00
946 947 7.0694e+00 6.7054e+00 7.0303e+00 7.4965e+00
947 948 7.0694e+00 6.7054e+00 7.0303e+00 7.4965e+00
948 949 7.0694e+00 6.7054e+00 7.0303e+00 7.4965e+00
949 950 7.0694e+00 6.7054e+00 7.0303e+00 7.4965e+00
950 951 7.0694e+00 6.7054e+00 7.0303e+00 7.4965e+00
951 952 7.0694e+00 6.7054e+00 7.0303e+00 7.4965e+00
952 953 7.0694e+00 6.7054e+00 7.0303e+00 7.4965e+00
953 954 7.0694e+00 6.7054e+00 7.0303e+00 7.4965e+00
954 955 7.0694e+00 6.7054e+00 7.0303e+00 7.4965e+00
955 956 7.0694e+00 6.7054e+00 7.0303e+00 7.4965e+00
956 957 7.0694e+00 6.7054e+00 7.0303e+00 7.4965e+00
957 958 7.0694e+00 6.7054e+00 7.0303e+00 7.4965e+00
958 959 7.0694e+00 6.7054e+00 7.0303e+00 7.4965e+00
959 960 7.0694e+00 6.7054e+00 7.0303e+00 7.4965e+00
960 961 7.0694e+00 6.7054e+00 7.0303e+00 7.4965e+00
961 962 7.0694e+00 6.7054e+00 7.0303e+00 7.4965e+00
962 963 7.0694e+00 6.7054e+00 7.0303e+00 7.4965e+00
963 964 7.0694e+00 6.7054e+00 7.0303e+00 7.4965e+00
964 965 7.0694e+00 6.7054e+00 7.0303e+00 7.4965e+00
965 966 7.0694e+00 6.7054e+00 7.0303e+00 7.4965e+00
966 967 7.0694e+00 6.7054e+00 7.0303e+00 7.4965e+00
967 968 7.0694e+00 6.7054e+00 7.0303e+00 7.4965e+00
968 969 7.0694e+00 6.7054e+00 7.0303e+00 7.4965e+00
969 970 7.0694e+00 6.7054e+00 7.0303e+00 7.4965e+00
970 971 7.0694e+00 6.7054e+00 7.0303e+00 7.4965e+00
971 972 7.0694e+00 6.7054e+00 7.0303e+00 7.4965e+00
972 973 7.0694e+00 6.7054e+00 7.0303e+00 7.4965e+00
973 974 7.0694e+00 6.7054e+00 7.0303e+00 7.4965e+00
974 975 7.0694e+00 6.7054e+00 7.0303e+00 7.4965e+00
975 976 7.0694e+00 6.7054e+00 7.0303e+00 7.4965e+00
976 977 7.0694e+00 6.7054e+00 7.0303e+00 7.4965e+00
977 978 7.0694e+00 6.7054e+00 7.0303e+00 7.4965e+00
978 979 7.0694e+00 6.7054e+00 7.0303e+00 7.4965e+00
979 980 7.0694e+00 6.7054e+00 7.0303e+00 7.4965e+00
980 981 7.0694e+00 6.7054e+00 7.0303e+00 7.4965e+00
981 982 7.0694e+00 6.7054e+00 7.0303e+00 7.4965e+00
982 983 7.0694e+00 6.7054e+00 7.0303e+00 7.4965e+00
983 984 7.0694e+00 6.7054e+00 7.0303e+00 7.4965e+00
984 985 7.0694e+00 6.7054e+00 7.0303e+00 7.4965e+00
985 986 7.0694e+00 6.7054e+00 7.0303e+00 7.4965e+00
986 987 7.0694e+00 6.7054e+00 7.0303e+00 7.4965e+00
987 988 7.0694e+00 6.7054e+00 7.0303e+00 7.4965e+00
988 989 7.0694e+00 6.7054e+00 7.0303e+00 7.4965e+00
989 990 7.0694e+00 6.7054e+00 7.0303e+00 7.4965e+00
990 991 7.0694e+00 6.7054e+00 7.0303e+00 7.4965e+00
991 992 7.0694e+00 6.7054e+00 7.0303e+00 7.4965e+00
992 993 7.0694e+00 6.7054e+00 7.0303e+00 7.4965e+00
993 994 7.0694e+00 6.7054e+00 7.0303e+00 7.4965e+00
994 995 7.0694e+00 6.7054e+00 7.0303e+00 7.4965e+00
995 996 7.0694e+00 6.7054e+00 7.0303e+00 7.4965e+00
996 997 7.0694e+00 6.7054e+00 7.0303e+00 7.4965e+00
997 998 7.0694e+00 6.7054e+00 7.0303e+00 7.4965e+00
998 999 7.0694e+00 6.7054e+00 7.0303e+00 7.4965e+00
999 1000 7.0694e+00 6.7054e+00 7.0303e+00 7.4965e+00
1000 1001 7.0694e+00 6.7054e+00 7.0303e+00 7.4965e+00
1001 1002 7.0694e+00 6.7054e+00 7.0303e+00 7.4965e+00
1002 1003 7.0694e+00 6.7054e+00 7.0303e+00 7.4965e+00
1003 1004 7.0694e+00 6.7054e+00 7.0303e+00 7.4965e+00
1004 1005 7.0694e+00 6.7054e+00 7.0303e+00 7.4965e+00
1005 1006 7.0694e+00 6.7054e+00 7.0303e+00 7.4965e+00
1006 1007 7.0694e+00 6.7054e+00 7.0303e+00 7.4965e+00
1007 1008 7.0694e+00 6.7054e+00 7.0303e+00 7.4965e+00
1008 1009 7.0694e+00 6.7054e+00 7.0303e+00 7.4965e+00
1009 1010 7.0694e+00 6.7054e+00 7.0303e+00 7.4965e+00
1010 1011 7.0694e+00 6.7054e+00 7.0303e+00 7.4965e+00
1011 1012 7.0694e+00 6.7054e+00 7.0303e+00 7.4965e+00
1012 1013 7.0694e+00 6.7054e+00 7.0303e+00 7.4965e+00
1013 1014 7.0694e+00 6.7054e+00 7.0303e+00 7.4965e+00
1014 1015 7.0694e+00 6.7054e+00 7.0303e+00 7.4965e+00
1015 1016 7.0694e+00 6.7054e+00 7.0303e+00 7.4965e+00
1016 1017 7.0694e+00 6.7054e+00 7.0303e+00 7.4965e+00
1017 1018 7.0694e+00 6.7054e+00 7.0303e+00 7.4965e+00
1018 1019 7.0694e+00 6.7054e+00 7.0303e+00 7.4965e+00
1019 1020 7.0694e+00 6.7054e+00 7.0303e+00 7.4965e+00
1020 1021 7.0694e+00 6.7054e+00 7.0303e+00 7.4965e+00
1021 1022 7.0694e+00 6.7054e+00 7.0303e+00 7.4965e+00
1022 1023 7.0694e+00 6.7054e+00 7.0303e+00 7.4965e+00
1023 1024 7.0694e+00 6.7054e+00 7.0303e+00 7.4965e+00
1024 1025 7.0694e+00 6.7054e+00 7.0303e+00 7.4965e+00
1025 1026 7.0694e+00 6.7054e+00 7.0303e+00 7.4965e+00
1026 1027 7.0694e+00 6.7054e+00 7.0303e+00 7.4965e+00
1027 1028 7.0694e+00 6.7054e+00 7.0303e+00 7.4965e+00
1028 1029 7.0694e+00 6.7054e+00 7.0303e+00 7.4965e+00
1029 1030 7.0694e+00 6.7054e+00 7.0303e+00 7.4965e+00
1030 1031 7.0694e+00 6.7054e+00 7.0303e+00 7.4965e+00
1031 1033 7.0694e+00 6.7054e+00 7.0303e+00 7.4965e+00
1033 1034 7.0694e+00 6.7054e+00 7.0303e+00 7.4965e+00
1034 1035 7.0694e+00 6.7054e+00 7.0303e+00 7.4965e+00
1035 1036 7.0694e+00 6.7054e+00 7.0303e+00 7.4965e+00
1036 1037 7.0694e+00 6.7054e+00 7.0303e+00 7.4965e+00
1037 1038 7.0694e+00 6.7054e+00 7.0303e+00 7.4965e+00
1038 1039 7.0694e+00 6.7054e+00 7.0303e+00 7.4965e+00
1039 1040 7.0694e+00 6.7054e+00 7.0303e+00 7.4965e+00
1040 1041 7.0694e+00 6.7054e+00 7.0303e+00 7.4965e+00
1041 1042 7.0694e+00 6.7054e+00 7.0303e+00 7.4965e+00
1042 1043 7.0694e+00 6.7054e+00 7.0303e+00 7.4965e+00
1043 1044 7.0694e+00 6.7054e+00 7.0303e+00 7.4965e+00
1044 1045 7.0694e+00 6.7054e+00 7.0303e+00 7.4965e+00
1045 1046 7.0694e+00 6.7054e+00 7.0303e+00 7.4965e+00
1046 1047 7.0694e+00 6.7054e+00 7.0303e+00 7.4965e+00
1047 1048 7.0694e+00 6.7054e+00 7.0303e+00 7.4965e+00
1048 1049 7.0694e+00 6.7054e+00 7.0303e+00 7.4965e+00
1049 1050 7.0694e+00 6.7054e+00 7.0303e+00 7.4965e+00
1050 1051 7.0694e+00 6.7054e+00 7.0303e+00 7.4965e+00
1051 1052 7.0694e+00 6.7054e+00 7.0303e+00 7.4965e+00
1052 1053 7.0694e+00 6.7054e+00 7.0303e+00 7.4965e+00
1053 1054 7.0694e+00 6.7054e+00 7.0303e+00 7.4965e+00
1054 1055 7.0694e+00 6.7054e+00 7.0303e+00 7.4965e+00
1055 1056 7.0694e+00 6.7054e+00 7.0303e+00 7.4965e+00
1056 1057 7.0694e+00 6.7054e+00 7.0303e+00 7.4965e+00
1057 1058 7.0694e+00 6.7054e+00 7.0303e+00 7.4965e+00
1058 1059 7.0694e+00 6.7054e+00 7.0303e+00 7.4965e+00
1059 1060 7.0694e+00 6.7054e+00 7.0303e+00 7.4965e+00
1060 1061 7.0694e+00 6.7054e+00 7.0303e+00 7.4965e+00
1061 1062 7.0694e+00 6.7054e+00 7.0303e+00 7.4965e+00
1062 1063 7.0694e+00 6.7054e+00 7.0303e+00 7.4965e+00
1063 1064 7.0694e+00 6.7054e+00 7.0303e+00 7.4965e+00
1064 1065 7.0694e+00 6.7054e+00 7.0303e+00 7.4965e+00
1065 1066 7.0694e+00 6.7054e+00 7.0303e+00 7.4965e+00
1066 1067 7.0694e+00 6.7054e+00 7.0303e+00 7.4965e+00
1067 1068 7.0694e+00 6.7054e+00 7.0303e+00 7.4965e+00
1068 1069 7.0694e+00 6.7054e+00 7.0303e+00 7.4965e+00
1069 1071 7.0694e+00 6.7054e+00 7.0303e+00 7.4965e+00
1071 1072 7.0694e+00 6.7054e+00 7.0303e+00 7.4965e+00
1072 1073 7.0694e+00 6.7054e+00 7.0303e+00 7.4965e+00
1073 1075 7.0694e+00 6.7054e+00 7.0303e+00 7.4965e+00
1075 1076 7.0694e+00 6.7054e+00 7.0303e+00 7.4965e+00
1076 1077 7.0694e+00 6.7054e+00 7.0303e+00 7.4965e+00
1077 1078 7.0694e+00 6.7054e+00 7.0303e+00 7.4965e+00
1078 1079 7.0694e+00 6.7054e+00 7.0303e+00 7.4965e+00
1079 1080 7.0694e+00 6.7054e+00 7.0303e+00 7.4965e+00
1080 1081 7.0694e+00 6.7054e+00 7.0303e+00 7.4965e+00
1081 1082 7.0694e+00 6.7054e+00 7.0303e+00 7.4965e+00
1082 1083 7.0694e+00 6.7054e+00 7.0303e+00 7.4965e+00
1083 1084 7.0694e+00 6.7054e+00 7.0303e+00 7.4965e+00
1084 1085 7.0694e+00 6.7054e+00 7.0303e+00 7.4965e+00
1085 1086 7.0694e+00 6.7054e+00 7.0303e+00 7.4965e+00
1086 1087 7.0694e+00 6.7054e+00 7.0303e+00 7.4965e+00
1087 1088 7.0694e+00 6.7054e+00 7.0303e+00 7.4965e+00
1088 1089 7.0694e+00 6.7054e+00 7.0303e+00 7.4965e+00
1089 1090 7.0694e+00 6.7054e+00 7.0303e+00 7.4965e+00
1090 1091 7.0694e+00 6.7054e+00 7.0303e+00 7.4965e+00
1091 1092 7.0694e+00 6.7054e+00 7.0303e+00 7.4965e+00
1092 1093 7.0694e+00 6.7054e+00 7.0303e+00 7.4965e+00
1093 1094 7.0694e+00 6.7054e+00 7.0303e+00 7.4965e+00
1094 1095 7.0694e+00 6.7054e+00 7.0303e+00 7.4965e+00
1095 1096 7.0694e+00 6.7054e+00 7.0303e+00 7.4965e+00
1096 1097 7.0694e+00 6.7054e+00 7.0303e+00 7.4965e+00
1097 1098 7.0694e+00 6.7054e+00 7.0303e+00 7.4965e+00
1098 1099 7.0694e+00 6.7054e+00 7.0303e+00 7.4965e+00
1099 1100 7.0694e+00 6.7054e+00 7.0303e+00 7.4965e+00
1100 1101 7.0694e+00 6.7054e+00 7.0303e+00 7.4965e+00
1101 1102 7.0694e+00 6.7054e+00 7.0303e+00 7.4965e+00
1102 1103 7.0694e+00 6.7054e+00 7.0303e+00 7.4965e+00
1103 1104 7.0694e+00 6.7054e+00 7.0303e+00 7.4965e+00
1104 1105 7.0694e+00 6.7054e+00 7.0303e+00 7.4965e+00
1105 1106 7.0694e+00 6.7054e+00 7.0303e+00 7.4965e+00
1106 1107 7.0694e+00 6.7054e+00 7.0303e+00 7.4965e+00
1107 1108 7.0694e+00 6.7054e+00 7.0303e+00 7.4965e+00
1108 1109 7.0694e+00 6.7054e+00 7.0303e+00 7.4965e+00
1109 1110 7.0694e+00 6.7054e+00 7.0303e+00 7.4965e+00
1110 1111 7.0694e+00 6.7054e+00 7.0303e+00 7.4965e+00
1111 1112 7.0694e+00 6.7054e+00 7.0303e+00 7.4965e+00
1112 1113 7.0694e+00 6.7054e+00 7.0303e+00 7.4965e+00
1113 1114 7.0694e+00 6.7054e+00 7.0303e+00 7.4965e+00
1114 1115 7.0694e+00 6.7054e+00 7.0303e+00 7.4965e+00
1115 1116 7.0694e+00 6.7054e+00 7.0303e+00 7.4965e+00
1116 1117 7.0694e+00 6.7054e+00 7.0303e+00 7.4965e+00
1117 1118 7.0694e+00 6.7054e+00 7.0303e+00 7.4965e+00
1118 1119 7.0694e+00 6.7054e+00 7.0303e+00 7.4965e+00
1119 1120 7.0694e+00 6.7054e+00 7.0303e+00 7.4965e+00
1120 1121 7.0694e+00 6.7054e+00 7.0303e+00 7.4965e+00
1121 1122 7.0694e+00 6.7054e+00 7.0303e+00 7.4965e+00
1122 1123 7.0694e+00 6.7054e+00 7.0303e+00 7.4965e+00
1123 1124 7.0694e+00 6.7054e+00 7.0303e+00 7.4965e+00
1124 1125 7.0694e+00 6.7054e+00 7.0303e+00 7.4965e+00
1125 1126 7.0694e+00 6.7054e+00 7.0303e+00 7.4965e+00
1126 1127 7.0694e+00 6.7054e+00 7.0303e+00 7.4965e+00
1127 1128 7.0694e+00 6.7054e+00 7.0303e+00 7.4965e+00
1128 1129 7.0694e+00 6.7054e+00 7.0303e+00 7.4965e+00
1129 1130 7.0694e+00 6.7054e+00 7.0303e+00 7.4965e+00
1130 1131 7.0694e+00 6.7054e+00 7.0303e+00 7.4965e+00
1131 1132 7.0694e+00 6.7054e+00 7.0303e+00 7.4965e+00
1132 1133 7.0694e+00 6.7054e+00 7.0303e+00 7.4965e+00
1133 1134 7.0694e+00 6.7054e+00 7.0303e+00 7.4965e+00
1134 1135 7.0694e+00 6.7054e+00 7.0303e+00 7.4965e+00
1135 1136 7.0694e+00 6.7054e+00 7.0303e+00 7.4965e+00
1136 1137 7.0694e+00 6.7054e+00 7.0303e+00 7.4965e+00
1137 1138 7.0694e+00 6.7054e+00 7.0303e+00 7.4965e+00
1138 1139 7.0694e+00 6.7054e+00 7.0303e+00 7.4965e+00
1139 1140 7.0694e+00 6.7054e+00 7.0303e+00 7.4965e+00
1140 1141 7.0694e+00 6.7054e+00 7.0303e+00 7.4965e+00
1141 1142 7.0694e+00 6.7054e+00 7.0303e+00 7.4965e+00
1142 1143 7.0694e+00 6.7054e+00 7.0303e+00 7.4965e+00
1143 1144 7.0694e+00 6.7054e+00 7.0303e+00 7.4965e+00
1144 1146 7.0694e+00 6.7054e+00 7.0303e+00 7.4965e+00
1146 1147 7.0694e+00 6.7054e+00 7.0303e+00 7.4965e+00
1147 1148 7.0694e+00 6.7054e+00 7.0303e+00 7.4965e+00
1148 1149 7.0694e+00 6.7054e+00 7.0303e+00 7.4965e+00
1149 1151 7.0694e+00 6.7054e+00 7.0303e+00 7.4965e+00
1151 1152 7.0694e+00 6.7054e+00 7.0303e+00 7.4965e+00
1152 1153 7.0694e+00 6.7054e+00 7.0303e+00 7.4965e+00
1153 1155 7.0694e+00 6.7054e+00 7.0303e+00 7.4965e+00
1155 1156 7.0694e+00 6.7054e+00 7.0303e+00 7.4965e+00
1156 1157 7.0694e+00 6.7054e+00 7.0303e+00 7.4965e+00
1157 1158 7.0694e+00 6.7054e+00 7.0303e+00 7.4965e+00
1158 1159 7.0694e+00 6.7054e+00 7.0303e+00 7.4965e+00
1159 1160 7.0694e+00 6.7054e+00 7.0303e+00 7.4965e+00
1160 1161 7.0694e+00 6.7054e+00 7.0303e+00 7.4965e+00
1161 1162 7.0694e+00 6.7054e+00 7.0303e+00 7.4965e+00
1162 1163 7.0694e+00 6.7054e+00 7.0303e+00 7.4965e+00
1163 1164 7.0694e+00 6.7054e+00 7.0303e+00 7.4965e+00
1164 1165 7.0694e+00 6.7054e+00 7.0303e+00 7.4965e+00
1165 1166 7.0694e+00 6.7054e+00 7.0303e+00 7.4965e+00
1166 1167 7.0694e+00 6.7054e+00 7.0303e+00 7.4965e+00
1167 1168 7.0694e+00 6.7054e+00 7.0303e+00 7.4965e+00
1168 1169 7.0694e+00 6.7054e+00 7.0303e+00 7.4965e+00
1169 1170 7.0694e+00 6.7054e+00 7.0303e+00 7.4965e+00
1170 1172 7.0694e+00 6.7054e+00 7.0303e+00 7.4965e+00
1172 1173 7.0694e+00 6.7054e+00 7.0303e+00 7.4965e+00
1173 1174 7.0694e+00 6.7054e+00 7.0303e+00 7.4965e+00
1174 1176 7.0694e+00 6.7054e+00 7.0303e+00 7.4965e+00
1176 1177 7.0694e+00 6.7054e+00 7.0303e+00 7.4965e+00
1177 1178 7.0694e+00 6.7054e+00 7.0303e+00 7.4965e+00
1178 1179 7.0694e+00 6.7054e+00 7.0303e+00 7.4965e+00
1179 1180 7.0694e+00 6.7054e+00 7.0303e+00 7.4965e+00
1180 1181 7.0694e+00 6.7054e+00 7.0303e+00 7.4965e+00
1181 1182 7.0694e+00 6.7054e+00 7.0303e+00 7.4965e+00
1182 1183 7.0694e+00 6.7054e+00 7.0303e+00 7.4965e+00
1183 1184 7.0694e+00 6.7054e+00 7.0303e+00 7.4965e+00
1184 1185 7.0694e+00 6.7054e+00 7.0303e+00 7.4965e+00
1185 1186 7.0694e+00 6.7054e+00 7.0303e+00 7.4965e+00
1186 1187 7.0694e+00 6.7054e+00 7.0303e+00 7.4965e+00
1187 1188 7.0694e+00 6.7054e+00 7.0303e+00 7.4965e+00
1188 1189 7.0694e+00 6.7054e+00 7.0303e+00 7.4965e+00
1189 1190 7.0694e+00 6.7054e+00 7.0303e+00 7.4965e+00
1190 1191 7.0694e+00 6.7054e+00 7.0303e+00 7.4965e+00
1191 1192 7.0694e+00 6.7054e+00 7.0303e+00 7.4965e+00
1192 1193 7.0694e+00 6.7054e+00 7.0303e+00 7.4965e+00
1193 1194 7.0694e+00 6.7054e+00 7.0303e+00 7.4965e+00
1194 1195 7.0694e+00 6.7054e+00 7.0303e+00 7.4965e+00
1195 1196 7.0694e+00 6.7054e+00 7.0303e+00 7.4965e+00
1196 1197 7.0694e+00 6.7054e+00 7.0303e+00 7.4965e+00
1197 1198 7.0694e+00 6.7054e+00 7.0303e+00 7.4965e+00
1198 1199 7.0694e+00 6.7054e+00 7.0303e+00 7.4965e+00
1199 1200 7.0694e+00 6.7054e+00 7.0303e+00 7.4965e+00
1200 1201 7.0694e+00 6.7054e+00 7.0303e+00 7.4965e+00
1201 1202 7.0694e+00 6.7054e+00 7.0303e+00 7.4965e+00
1202 1203 7.0694e+00 6.7054e+00 7.0303e+00 7.4965e+00
1203 1204 7.0694e+00 6.7054e+00 7.0303e+00 7.4965e+00
1204 1205 7.0694e+00 6.7054e+00 7.0303e+00 7.4965e+00
1205 1206 7.0694e+00 6.7054e+00 7.0303e+00 7.4965e+00
1206 1207 7.0694e+00 6.7054e+00 7.0303e+00 7.4965e+00
1207 1208 7.0694e+00 6.7054e+00 7.0303e+00 7.4965e+00
1208 1209 7.0694e+00 6.7054e+00 7.0303e+00 7.4965e+00
1209 1210 7.0694e+00 6.7054e+00 7.0303e+00 7.4965e+00
1210 1211 7.0694e+00 6.7054e+00 7.0303e+00 7.4965e+00
1211 1212 7.0694e+00 6.7054e+00 7.0303e+00 7.4965e+00
1212 1213 7.0694e+00 6.7054e+00 7.0303e+00 7.4965e+00
1213 1214 7.0694e+00 6.7054e+00 7.0303e+00 7.4965e+00
1214 1215 7.0694e+00 6.7054e+00 7.0303e+00 7.4965e+00
1215 1216 7.0694e+00 6.7054e+00 7.0303e+00 7.4965e+00
1216 1217 7.0694e+00 6.7054e+00 7.0303e+00 7.4965e+00
1217 1218 7.0694e+00 6.7054e+00 7.0303e+00 7.4965e+00
1218 1219 7.0694e+00 6.7054e+00 7.0303e+00 7.4965e+00
1219 1220 7.0694e+00 6.7054e+00 7.0303e+00 7.4965e+00
1220 1221 7.0694e+00 6.7054e+00 7.0303e+00 7.4965e+00
1221 1222 7.0694e+00 6.7054e+00 7.0303e+00 7.4965e+00
1222 1223 7.0694e+00 6.7054e+00 7.0303e+00 7.4965e+00
1223 1224 7.0694e+00 6.7054e+00 7.0303e+00 7.4965e+00
1224 1225 7.0694e+00 6.7054e+00 7.0303e+00 7.4965e+00
1225 1226 7.0694e+00 6.7054e+00 7.0303e+00 7.4965e+00
1226 1227 7.0694e+00 6.7054e+00 7.0303e+00 7.4965e+00
1227 1228 7.0694e+00 6.7054e+00 7.0303e+00 7.4965e+00
1228 1229 7.0694e+00 6.7054e+00 7.0303e+00 7.4965e+00
1229 1230 7.0694e+00 6.7054e+00 7.0303e+00 7.4965e+00
1230 1231 7.0694e+00 6.7054e+00 7.0303e+00 7.4965e+00
1231 1232 7.0694e+00 6.7054e+00 7.0303e+00 7.4965e+00
1232 1233 7.0694e+00 6.7054e+00 7.0303e+00 7.4965e+00
1233 1235 7.0694e+00 6.7054e+00 7.0303e+00 7.4965e+00
1235 1236 7.0694e+00 6.7054e+00 7.0303e+00 7.4965e+00
1236 1237 7.0694e+00 6.7054e+00 7.0303e+00 7.4965e+00
1237 1238 7.0694e+00 6.7054e+00 7.0303e+00 7.4965e+00
1238 1239 7.0694e+00 6.7054e+00 7.0303e+00 7.4965e+00
1239 1240 7.0694e+00 6.7054e+00 7.0303e+00 7.4965e+00
1240 1241 7.0694e+00 6.7054e+00 7.0303e+00 7.4965e+00
1241 1242 7.0694e+00 6.7054e+00 7.0303e+00 7.4965e+00
1242 1243 7.0694e+00 6.7054e+00 7.0303e+00 7.4965e+00
1243 1245 7.0694e+00 6.7054e+00 7.0303e+00 7.4965e+00
1245 1246 7.0694e+00 6.7054e+00 7.0303e+00 7.4965e+00
1246 1247 7.0694e+00 6.7054e+00 7.0303e+00 7.4965e+00
1247 1248 7.0694e+00 6.7054e+00 7.0303e+00 7.4965e+00
1248 1249 7.0694e+00 6.7054e+00 7.0303e+00 7.4965e+00
1249 1250 7.0694e+00 6.7054e+00 7.0303e+00 7.4965e+00
1250 1251 7.0694e+00 6.7054e+00 7.0303e+00 7.4965e+00
1251 1252 7.0694e+00 6.7054e+00 7.0303e+00 7.4965e+00
1252 1253 7.0694e+00 6.7054e+00 7.0303e+00 7.4965e+00
1253 1255 7.0694e+00 6.7054e+00 7.0303e+00 7.4965e+00
1255 1256 7.0694e+00 6.7054e+00 7.0303e+00 7.4965e+00
1256 1257 7.0694e+00 6.7054e+00 7.0303e+00 7.4965e+00
1257 1258 7.0694e+00 6.7054e+00 7.0303e+00 7.4965e+00
1258 1259 7.0694e+00 6.7054e+00 7.0303e+00 7.4965e+00
1259 1260 7.0694e+00 6.7054e+00 7.0303e+00 7.4965e+00
1260 1261 7.0694e+00 6.7054e+00 7.0303e+00 7.4965e+00
1261 1262 7.0694e+00 6.7054e+00 7.0303e+00 7.4965e+00
1262 1263 7.0694e+00 6.7054e+00 7.0303e+00 7.4965e+00
1263 1264 7.0694e+00 6.7054e+00 7.0303e+00 7.4965e+00
1264 1265 7.0694e+00 6.7054e+00 7.0303e+00 7.4965e+00
1265 1266 7.0694e+00 6.7054e+00 7.0303e+00 7.4965e+00
1266 1267 7.0694e+00 6.7054e+00 7.0303e+00 7.4965e+00
1267 1269 7.0694e+00 6.7054e+00 7.0303e+00 7.4965e+00
1269 1270 7.0694e+00 6.7054e+00 7.0303e+00 7.4965e+00
1270 1271 7.0694e+00 6.7054e+00 7.0303e+00 7.4965e+00
1271 1272 7.0694e+00 6.7054e+00 7.0303e+00 7.4965e+00
1272 1273 7.0694e+00 6.7054e+00 7.0303e+00 7.4965e+00
1273 1274 7.0694e+00 6.7054e+00 7.0303e+00 7.4965e+00
1274 1275 7.0694e+00 6.7054e+00 7.0303e+00 7.4965e+00
1275 1276 7.0694e+00 6.7054e+00 7.0303e+00 7.4965e+00
1276 1277 7.0694e+00 6.7054e+00 7.0303e+00 7.4965e+00
1277 1278 7.0694e+00 6.7054e+00 7.0303e+00 7.4965e+00
1278 1279 7.0694e+00 6.7054e+00 7.0303e+00 7.4965e+00
1279 1280 7.0694e+00 6.7054e+00 7.0303e+00 7.4965e+00
1280 1281 7.0694e+00 6.7054e+00 7.0303e+00 7.4965e+00
1281 1283 7.0694e+00 6.7054e+00 7.0303e+00 7.4965e+00
1283 1284 7.0694e+00 6.7054e+00 7.0303e+00 7.4965e+00
1284 1285 7.0694e+00 6.7054e+00 7.0303e+00 7.4965e+00
1285 1286 7.0694e+00 6.7054e+00 7.0303e+00 7.4965e+00
1286 1287 7.0694e+00 6.7054e+00 7.0303e+00 7.4965e+00
1287 1288 7.0694e+00 6.7054e+00 7.0303e+00 7.4965e+00
1288 1289 7.0694e+00 6.7054e+00 7.0303e+00 7.4965e+00
1289 1290 7.0694e+00 6.7054e+00 7.0303e+00 7.4965e+00
1290 1291 7.0694e+00 6.7054e+00 7.0303e+00 7.4965e+00
1291 1292 7.0694e+00 6.7054e+00 7.0303e+00 7.4965e+00
1292 1293 7.0694e+00 6.7054e+00 7.0303e+00 7.4965e+00
1293 1294 7.0694e+00 6.7054e+00 7.0303e+00 7.4965e+00
1294 1295 7.0694e+00 6.7054e+00 7.0303e+00 7.4965e+00
1295 1296 7.0694e+00 6.7054e+00 7.0303e+00 7.4965e+00
1296 1297 7.0694e+00 6.7054e+00 7.0303e+00 7.4965e+00
1297 1298 7.0694e+00 6.7054e+00 7.0303e+00 7.4965e+00
1298 1299 7.0694e+00 6.7054e+00 7.0303e+00 7.4965e+00
1299 1300 7.0694e+00 6.7054e+00 7.0303e+00 7.4965e+00
1300 1301 7.0694e+00 6.7054e+00 7.0303e+00 7.4965e+00
1301 1302 7.0694e+00 6.7054e+00 7.0303e+00 7.4965e+00
1302 1303 7.0694e+00 6.7054e+00 7.0303e+00 7.4965e+00
1303 1304 7.0694e+00 6.7054e+00 7.0303e+00 7.4965e+00
1304 1305 7.0694e+00 6.7054e+00 7.0303e+00 7.4965e+00
1305 1306 7.0694e+00 6.7054e+00 7.0303e+00 7.4965e+00
1306 1307 7.0694e+00 6.7054e+00 7.0303e+00 7.4965e+00
1307 1308 7.0694e+00 6.7054e+00 7.0303e+00 7.4965e+00
1308 1309 7.0694e+00 6.7054e+00 7.0303e+00 7.4965e+00
1309 1310 7.0694e+00 6.7054e+00 7.0303e+00 7.4965e+00
1310 1311 7.0694e+00 6.7054e+00 7.0303e+00 7.4965e+00
1311 1312 7.0694e+00 6.7054e+00 7.0303e+00 7.4965e+00
1312 1313 7.0694e+00 6.7054e+00 7.0303e+00 7.4965e+00
1313 1314 7.0694e+00 6.7054e+00 7.0303e+00 7.4965e+00
1314 1315 7.0694e+00 6.7054e+00 7.0303e+00 7.4965e+00
1315 1316 7.0694e+00 6.7054e+00 7.0303e+00 7.4965e+00
1316 1317 7.0694e+00 6.7054e+00 7.0303e+00 7.4965e+00
1317 1318 7.0694e+00 6.7054e+00 7.0303e+00 7.4965e+00
1318 1319 7.0694e+00 6.7054e+00 7.0303e+00 7.4965e+00
1319 1320 7.0694e+00 6.7054e+00 7.0303e+00 7.4965e+00
1320 1321 7.0694e+00 6.7054e+00 7.0303e+00 7.4965e+00
1321 1322 7.0694e+00 6.7054e+00 7.0303e+00 7.4965e+00
1322 1323 7.0694e+00 6.7054e+00 7.0303e+00 7.4965e+00
1323 1324 7.0694e+00 6.7054e+00 7.0303e+00 7.4965e+00
1324 1325 7.0694e+00 6.7054e+00 7.0303e+00 7.4965e+00
1325 1326 7.0694e+00 6.7054e+00 7.0303e+00 7.4965e+00
1326 1327 7.0694e+00 6.7054e+00 7.0303e+00 7.4965e+00
1327 1328 7.0694e+00 6.7054e+00 7.0303e+00 7.4965e+00
1328 1329 7.0694e+00 6.7054e+00 7.0303e+00 7.4965e+00
1329 1330 7.0694e+00 6.7054e+00 7.0303e+00 7.4965e+00
1330 1332 7.0694e+00 6.7054e+00 7.0303e+00 7.4965e+00
1332 1333 7.0694e+00 6.7054e+00 7.0303e+00 7.4965e+00
1333 1334 7.0694e+00 6.7054e+00 7.0303e+00 7.4965e+00
1334 1335 7.0694e+00 6.7054e+00 7.0303e+00 7.4965e+00
1335 1336 7.0694e+00 6.7054e+00 7.0303e+00 7.4965e+00
1336 1337 7.0694e+00 6.7054e+00 7.0303e+00 7.4965e+00
1337 1338 7.0694e+00 6.7054e+00 7.0303e+00 7.4965e+00
1338 1339 7.0694e+00 6.7054e+00 7.0303e+00 7.4965e+00
1339 1340 7.0694e+00 6.7054e+00 7.0303e+00 7.4965e+00
1340 1341 7.0694e+00 6.7054e+00 7.0303e+00 7.4965e+00
1341 1342 7.0694e+00 6.7054e+00 7.0303e+00 7.4965e+00
1342 1343 7.0694e+00 6.7054e+00 7.0303e+00 7.4965e+00
1343 1345 7.0694e+00 6.7054e+00 7.0303e+00 7.4965e+00
1345 1346 7.0694e+00 6.7054e+00 7.0303e+00 7.4965e+00
1346 1347 7.0694e+00 6.7054e+00 7.0303e+00 7.4965e+00
1347 1348 7.0694e+00 6.7054e+00 7.0303e+00 7.4965e+00
1348 1349 7.0694e+00 6.7054e+00 7.0303e+00 7.4965e+00
1349 1350 7.0694e+00 6.7054e+00 7.0303e+00 7.4965e+00
1350 1351 7.0694e+00 6.7054e+00 7.0303e+00 7.4965e+00
1351 1352 7.0694e+00 6.7054e+00 7.0303e+00 7.4965e+00
1352 1353 7.0694e+00 6.7054e+00 7.0303e+00 7.4965e+00
1353 1354 7.0694e+00 6.7054e+00 7.0303e+00 7.4965e+00
1354 1355 7.0694e+00 6.7054e+00 7.0303e+00 7.4965e+00
1355 1356 7.0694e+00 6.7054e+00 7.0303e+00 7.4965e+00
1356 1357 7.0694e+00 6.7054e+00 7.0303e+00 7.4965e+00
1357 1358 7.0694e+00 6.7054e+00 7.0303e+00 7.4965e+00
1358 1359 7.0694e+00 6.7054e+00 7.0303e+00 7.4965e+00
1359 1360 7.0694e+00 6.7054e+00 7.0303e+00 7.4965e+00
1360 1361 7.0694e+00 6.7054e+00 7.0303e+00 7.4965e+00
1361 1362 7.0694e+00 6.7054e+00 7.0303e+00 7.4965e+00
1362 1363 7.0694e+00 6.7054e+00 7.0303e+00 7.4965e+00
1363 1364 7.0694e+00 6.7054e+00 7.0303e+00 7.4965e+00
1364 1365 7.0694e+00 6.7054e+00 7.0303e+00 7.4965e+00
1365 1366 7.0694e+00 6.7054e+00 7.0303e+00 7.4965e+00
1366 1367 7.0694e+00 6.7054e+00 7.0303e+00 7.4965e+00
1367 1368 7.0694e+00 6.7054e+00 7.0303e+00 7.4965e+00
1368 1369 7.0694e+00 6.7054e+00 7.0303e+00 7.4965e+00
1369 1370 7.0694e+00 6.7054e+00 7.0303e+00 7.4965e+00
1370 1371 7.0694e+00 6.7054e+00 7.0303e+00 7.4965e+00
1371 1372 7.0694e+00 6.7054e+00 7.0303e+00 7.4965e+00
1372 1374 7.0694e+00 6.7054e+00 7.0303e+00 7.4965e+00
1374 1375 7.0694e+00 6.7054e+00 7.0303e+00 7.4965e+00
1375 1376 7.0694e+00 6.7054e+00 7.0303e+00 7.4965e+00
1376 1377 7.0694e+00 6.7054e+00 7.0303e+00 7.4965e+00
1377 1378 7.0694e+00 6.7054e+00 7.0303e+00 7.4965e+00
1378 1379 7.0694e+00 6.7054e+00 7.0303e+00 7.4965e+00
1379 1380 7.0694e+00 6.7054e+00 7.0303e+00 7.4965e+00
1380 1381 7.0694e+00 6.7054e+00 7.0303e+00 7.4965e+00
1381 1383 7.0694e+00 6.7054e+00 7.0303e+00 7.4965e+00
1383 1384 7.0694e+00 6.7054e+00 7.0303e+00 7.4965e+00
1384 1385 7.0694e+00 6.7054e+00 7.0303e+00 7.4965e+00
1385 1386 7.0694e+00 6.7054e+00 7.0303e+00 7.4965e+00
1386 1387 7.0694e+00 6.7054e+00 7.0303e+00 7.4965e+00
1387 1388 7.0694e+00 6.7054e+00 7.0303e+00 7.4965e+00
1388 1389 7.0694e+00 6.7054e+00 7.0303e+00 7.4965e+00
1389 1391 7.0694e+00 6.7054e+00 7.0303e+00 7.4965e+00
1391 1392 7.0694e+00 6.7054e+00 7.0303e+00 7.4965e+00
1392 1393 7.0694e+00 6.7054e+00 7.0303e+00 7.4965e+00
1393 1395 7.0694e+00 6.7054e+00 7.0303e+00 7.4965e+00
1395 1396 7.0694e+00 6.7054e+00 7.0303e+00 7.4965e+00
1396 1397 7.0694e+00 6.7054e+00 7.0303e+00 7.4965e+00
1397 1398 7.0694e+00 6.7054e+00 7.0303e+00 7.4965e+00
1398 1399 7.0694e+00 6.7054e+00 7.0303e+00 7.4965e+00
1399 1400 7.0694e+00 6.7054e+00 7.0303e+00 7.4965e+00
1400 1401 7.0694e+00 6.7054e+00 7.0303e+00 7.4965e+00
1401 1402 7.0694e+00 6.7054e+00 7.0303e+00 7.4965e+00
1402 1403 6.9958e+00 6.6284e+00 7.0298e+00 7.4965e+00
1403 1404 6.9958e+00 6.6284e+00 7.0298e+00 7.4965e+00
1404 1405 6.6995e+00 2.0328e+00 7.0253e+00 7.4930e+00
1405 1406 6.1432e+00 1.8236e+00 7.0222e+00 7.4849e+00
1406 1408 2.1806e+00 1.6654e+00 1.9578e+00 7.0153e+00
1408 1409 1.9598e+00 1.6641e+00 1.9433e+00 2.3074e+00
1409 1410 1.9598e+00 1.6641e+00 1.9433e+00 2.3074e+00
1410 1411 1.9598e+00 1.6641e+00 1.9433e+00 2.3074e+00
1411 1412 1.9598e+00 1.6641e+00 1.9433e+00 2.3074e+00
1412 1413 1.9598e+00 1.6641e+00 1.9433e+00 2.3074e+00
1413 1414 1.9598e+00 1.6641e+00 1.9433e+00 2.3074e+00
1414 1415 1.9598e+00 1.6641e+00 1.9433e+00 2.3074e+00
1415 1416 1.9598e+00 1.6641e+00 1.9433e+00 2.3074e+00
1416 1417 1.9598e+00 1.6641e+00 1.9433e+00 2.3074e+00
1417 1418 1.9598e+00 1.6641e+00 1.9433e+00 2.3074e+00
1418 1419 1.9598e+00 1.6641e+00 1.9433e+00 2.3074e+00
1419 1420 1.9598e+00 1.6641e+00 1.9433e+00 2.3074e+00
1420 1421 1.9598e+00 1.6641e+00 1.9433e+00 2.3074e+00
1421 1422 1.9598e+00 1.6641e+00 1.9433e+00 2.3074e+00
1422 1423 1.9598e+00 1.6641e+00 1.9433e+00 2.3074e+00
1423 1424 1.9598e+00 1.6641e+00 1.9433e+00 2.3074e+00
1424 1425 1.9598e+00 1.6641e+00 1.9433e+00 2.3074e+00
1425 1428 1.9598e+00 1.6641e+00 1.9433e+00 2.3074e+00
1428 1429 1.9598e+00 1.6641e+00 1.9433e+00 2.3074e+00
1429 1430 1.9598e+00 1.6641e+00 1.9433e+00 2.3074e+00
1430 1431 1.9598e+00 1.6641e+00 1.9433e+00 2.3074e+00
1431 1432 1.9598e+00 1.6641e+00 1.9433e+00 2.3074e+00
1432 1433 1.9598e+00 1.6641e+00 1.9433e+00 2.3074e+00
1433 1434 1.9598e+00 1.6641e+00 1.9433e+00 2.3074e+00
1434 1435 1.9598e+00 1.6641e+00 1.9433e+00 2.3074e+00
1435 1436 1.9598e+00 1.6641e+00 1.9433e+00 2.3074e+00
1436 1437 1.9598e+00 1.6641e+00 1.9433e+00 2.3074e+00
1437 1438 1.9598e+00 1.6641e+00 1.9433e+00 2.3074e+00
1438 1439 1.9598e+00 1.6641e+00 1.9433e+00 2.3074e+00
1439 1440 1.9598e+00 1.6641e+00 1.9433e+00 2.3074e+00
1440 1441 1.9598e+00 1.6641e+00 1.9433e+00 2.3074e+00
1441 1442 1.9598e+00 1.6641e+00 1.9433e+00 2.3074e+00
1442 1443 1.9598e+00 1.6641e+00 1.9433e+00 2.3074e+00
