# parameters
version_bit_string:13816762181795971082,seed:5489,burn_in:100000,num_iter:1000000,stats_thin:1000,block_penalty:50,prior_rate_mean:1,window_size:50,partition_length:4001,overlap_length:200,pade_resolution:10,pade_max:1000,max_lk_start:0.001,max_lk_resolution:0.001,num_snps:785,num_snp_partitions:1,num_samps:1000
# left_snp right_snp mean p0.025 p0.500 p0.975
6 11 7.0132e+00 6.5345e+00 7.0266e+00 7.3498e+00
11 12 7.0132e+00 6.5345e+00 7.0266e+00 7.3498e+00
12 13 7.0132e+00 6.5345e+00 7.0266e+00 7.3498e+00
13 14 7.0132e+00 6.5345e+00 7.0266e+00 7.3498e+00
14 15 7.0132e+00 6.5345e+00 7.0266e+00 7.3498e+00
15 16 7.0132e+00 6.5345e+00 7.0266e+00 7.3498e+00
16 17 7.0132e+00 6.5345e+00 7.0266e+00 7.3498e+00
17 18 7.0132e+00 6.5345e+00 7.0266e+00 7.3498e+00
18 19 7.0132e+00 6.5345e+00 7.0266e+00 7.3498e+00
19 20 7.0132e+00 6.5345e+00 7.0266e+00 7.3498e+00
20 21 7.0132e+00 6.5345e+00 7.0266e+00 7.3498e+00
21 22 7.0132e+00 6.5345e+00 7.0266e+00 7.3498e+00
22 23 7.0132e+00 6.5345e+00 7.0266e+00 7.3498e+00
23 24 7.0132e+00 6.5345e+00 7.0266e+00 7.3498e+00
24 25 7.0132e+00 6.5345e+00 7.0266e+00 7.3498e+00
25 26 7.0132e+00 6.5345e+00 7.0266e+00 7.3498e+00
26 27 7.0132e+00 6.5345e+00 7.0266e+00 7.3498e+00
27 28 7.0132e+00 6.5345e+00 7.0266e+00 7.3498e+00
28 29 7.0132e+00 6.5345e+00 7.0266e+00 7.3498e+00
29 30 7.0132e+00 6.5345e+00 7.0266e+00 7.3498e+00
30 31 7.0132e+00 6.5345e+00 7.0266e+00 7.3498e+00
31 32 7.0132e+00 6.5345e+00 7.0266e+00 7.3498e+00
32 34 7.0132e+00 6.5345e+00 7.0266e+00 7.3498e+00
34 35 7.0132e+00 6.5345e+00 7.0266e+00 7.3498e+00
35 36 7.0132e+00 6.5345e+00 7.0266e+00 7.3498e+00
36 37 7.0132e+00 6.5345e+00 7.0266e+00 7.3498e+00
37 38 7.0132e+00 6.5345e+00 7.0266e+00 7.3498e+00
38 39 7.0132e+00 6.5345e+00 7.0266e+00 7.3498e+00
39 40 7.0132e+00 6.5345e+00 7.0266e+00 7.3498e+00
40 41 7.0132e+00 6.5345e+00 7.0266e+00 7.3498e+00
41 42 7.0132e+00 6.5345e+00 7.0266e+00 7.3498e+00
42 43 7.0132e+00 6.5345e+00 7.0266e+00 7.3498e+00
43 44 7.0132e+00 6.5345e+00 7.0266e+00 7.3498e+00
44 45 7.0132e+00 6.5345e+00 7.0266e+00 7.3498e+00
45 46 7.0132e+00 6.5345e+00 7.0266e+00 7.3498e+00
46 47 7.0132e+00 6.5345e+00 7.0266e+00 7.3498e+00
47 48 7.0132e+00 6.5345e+00 7.0266e+00 7.3498e+00
48 49 7.0132e+00 6.5345e+00 7.0266e+00 7.3498e+00
49 50 7.0132e+00 6.5345e+00 7.0266e+00 7.3498e+00
50 51 7.0132e+00 6.5345e+00 7.0266e+00 7.3498e+00
51 52 7.0132e+00 6.5345e+00 7.0266e+00 7.3498e+00
52 53 7.0132e+00 6.5345e+00 7.0266e+00 7.3498e+00
53 54 7.0132e+00 6.5345e+00 7.0266e+00 7.3498e+00
54 55 7.0132e+00 6.5345e+00 7.0266e+00 7.3498e+00
55 56 7.0132e+00 6.5345e+00 7.0266e+00 7.3498e+00
56 57 7.0132e+00 6.5345e+00 7.0266e+00 7.3498e+00
57 58 7.0132e+00 6.5345e+00 7.0266e+00 7.3498e+00
58 59 7.0132e+00 6.5345e+00 7.0266e+00 7.3498e+00
59 60 7.0132e+00 6.5345e+00 7.0266e+00 7.3498e+00
60 61 7.0132e+00 6.5345e+00 7.0266e+00 7.3498e+00
61 62 7.0132e+00 6.5345e+00 7.0266e+00 7.3498e+00
62 63 7.0132e+00 6.5345e+00 7.0266e+00 7.3498e+00
63 64 7.0132e+00 6.5345e+00 7.0266e+00 7.3498e+00
64 65 7.0132e+00 6.5345e+00 7.0266e+00 7.3498e+00
65 66 7.0132e+00 6.5345e+00 7.0266e+00 7.3498e+00
66 67 7.0132e+00 6.5345e+00 7.0266e+00 7.3498e+00
67 68 7.0132e+00 6.5345e+00 7.0266e+00 7.3498e+00
68 69 7.0132e+00 6.5345e+00 7.0266e+00 7.3498e+00
69 70 7.0132e+00 6.5345e+00 7.0266e+00 7.3498e+00
70 71 7.0132e+00 6.5345e+00 7.0266e+00 7.3498e+00
71 72 7.0132e+00 6.5345e+00 7.0266e+00 7.3498e+00
72 73 7.0132e+00 6.5345e+00 7.0266e+00 7.3498e+00
73 74 7.0132e+00 6.5345e+00 7.0266e+00 7.3498e+00
74 75 7.0132e+00 6.5345e+00 7.0266e+00 7.3498e+00
75 76 7.0132e+00 6.5345e+00 7.0266e+00 7.3498e+00
76 77 7.0132e+00 6.5345e+00 7.0266e+00 7.3498e+00
77 79 7.0132e+00 6.5345e+00 7.0266e+00 7.3498e+00
79 80 7.0132e+00 6.5345e+00 7.0266e+00 7.3498e+00
80 81 7.0132e+00 6.5345e+00 7.0266e+00 7.3498e+00
81 82 7.0132e+00 6.5345e+00 7.0266e+00 7.3498e+00
82 83 7.0132e+00 6.5345e+00 7.0266e+00 7.3498e+00
83 84 7.0132e+00 6.5345e+00 7.0266e+00 7.3498e+00
84 85 7.0132e+00 6.5345e+00 7.0266e+00 7.3498e+00
85 86 7.0132e+00 6.5345e+00 7.0266e+00 7.3498e+00
86 87 7.0132e+00 6.5345e+00 7.0266e+00 7.3498e+00
87 88 7.0132e+00 6.5345e+00 7.0266e+00 7.3498e+00
88 89 7.0132e+00 6.5345e+00 7.0266e+00 7.3498e+00
89 90 7.0132e+00 6.5345e+00 7.0266e+00 7.3498e+00
90 91 7.0132e+00 6.5345e+00 7.0266e+00 7.3498e+00
91 92 7.0132e+00 6.5345e+00 7.0266e+00 7.3498e+00
92 93 7.0132e+00 6.5345e+00 7.0266e+00 7.3498e+00
93 94 7.0132e+00 6.5345e+00 7.0266e+00 7.3498e+00
94 95 7.0132e+00 6.5345e+00 7.0266e+00 7.3498e+00
95 96 7.0132e+00 6.5345e+00 7.0266e+00 7.3498e+00
96 97 7.0132e+00 6.5345e+00 7.0266e+00 7.3498e+00
97 98 7.0132e+00 6.5345e+00 7.0266e+00 7.3498e+00
98 99 7.0132e+00 6.5345e+00 7.0266e+00 7.3498e+00
99 100 7.0132e+00 6.5345e+00 7.0266e+00 7.3498e+00
100 101 7.0132e+00 6.5345e+00 7.0266e+00 7.3498e+00
101 102 7.0132e+00 6.5345e+00 7.0266e+00 7.3498e+00
102 103 7.0132e+00 6.5345e+00 7.0266e+00 7.3498e+00
103 104 7.0132e+00 6.5345e+00 7.0266e+00 7.3498e+00
104 105 7.0132e+00 6.5345e+00 7.0266e+00 7.3498e+00
105 106 7.0132e+00 6.5345e+00 7.0266e+00 7.3498e+00
106 107 7.0132e+00 6.5345e+00 7.0266e+00 7.3498e+00
107 108 7.0132e+00 6.5345e+00 7.0266e+00 7.3498e+00
108 109 7.0132e+00 6.5345e+00 7.0266e+00 7.3498e+00
109 110 7.0132e+00 6.5345e+00 7.0266e+00 7.3498e+00
110 111 7.0132e+00 6.5345e+00 7.0266e+00 7.3498e+00
111 112 7.0132e+00 6.5345e+00 7.0266e+00 7.3498e+00
112 113 7.0132e+00 6.5345e+00 7.0266e+00 7.3498e+00
113 114 7.0132e+00 6.5345e+00 7.0266e+00 7.3498e+00
114 115 7.0132e+00 6.5345e+00 7.0266e+00 7.3498e+00
115 116 7.0132e+00 6.5345e+00 7.0266e+00 7.3498e+00
116 117 7.0132e+00 6.5345e+00 7.0266e+00 7.3498e+00
117 118 7.0132e+00 6.5345e+00 7.0266e+00 7.3498e+00
118 119 7.0132e+00 6.5345e+00 7.0266e+00 7.3498e+00
119 120 7.0132e+00 6.5345e+00 7.0266e+00 7.3498e+00
120 121 7.0132e+00 6.5345e+00 7.0266e+00 7.3498e+00
121 122 7.0132e+00 6.5345e+00 7.0266e+00 7.3498e+00
122 123 7.0132e+00 6.5345e+00 7.0266e+00 7.3498e+00
123 124 7.0132e+00 6.5345e+00 7.0266e+00 7.3498e+00
124 125 7.0132e+00 6.5345e+00 7.0266e+00 7.3498e+00
125 126 7.0132e+00 6.5345e+00 7.0266e+00 7.3498e+00
126 127 7.0132e+00 6.5345e+00 7.0266e+00 7.3498e+00
127 128 7.0132e+00 6.5345e+00 7.0266e+00 7.3498e+00
128 129 7.0132e+00 6.5345e+00 7.0266e+00 7.3498e+00
129 130 7.0132e+00 6.5345e+00 7.0266e+00 7.3498e+00
130 131 7.0132e+00 6.5345e+00 7.0266e+00 7.3498e+00
131 132 7.0132e+00 6.5345e+00 7.0266e+00 7.3498e+00
132 133 7.0132e+00 6.5345e+00 7.0266e+00 7.3498e+00
133 135 7.0132e+00 6.5345e+00 7.0266e+00 7.3498e+00
135 136 7.0132e+00 6.5345e+00 7.0266e+00 7.3498e+00
136 137 7.0132e+00 6.5345e+00 7.0266e+00 7.3498e+00
137 138 7.0132e+00 6.5345e+00 7.0266e+00 7.3498e+00
138 139 7.0132e+00 6.5345e+00 7.0266e+00 7.3498e+00
139 140 7.0132e+00 6.5345e+00 7.0266e+00 7.3498e+00
140 141 7.0132e+00 6.5345e+00 7.0266e+00 7.3498e+00
141 142 7.0132e+00 6.5345e+00 7.0266e+00 7.3498e+00
142 143 7.0132e+00 6.5345e+00 7.0266e+00 7.3498e+00
143 144 7.0132e+00 6.5345e+00 7.0266e+00 7.3498e+00
144 145 7.0132e+00 6.5345e+00 7.0266e+00 7.3498e+00
145 146 7.0132e+00 6.5345e+00 7.0266e+00 7.3498e+00
146 147 7.0132e+00 6.5345e+00 7.0266e+00 7.3498e+00
147 148 7.0132e+00 6.5345e+00 7.0266e+00 7.3498e+00
148 149 7.0132e+00 6.5345e+00 7.0266e+00 7.3498e+00
149 150 7.0132e+00 6.5345e+00 7.0266e+00 7.3498e+00
150 152 7.0132e+00 6.5345e+00 7.0266e+00 7.3498e+00
152 153 7.0132e+00 6.5345e+00 7.0266e+00 7.3498e+00
153 154 7.0132e+00 6.5345e+00 7.0266e+00 7.3498e+00
154 155 7.0132e+00 6.5345e+00 7.0266e+00 7.3498e+00
155 156 7.0132e+00 6.5345e+00 7.0266e+00 7.3498e+00
156 157 7.0132e+00 6.5345e+00 7.0266e+00 7.3498e+00
157 158 7.0132e+00 6.5345e+00 7.0266e+00 7.3498e+00
158 159 7.0132e+00 6.5345e+00 7.0266e+00 7.3498e+00
159 160 7.0132e+00 6.5345e+00 7.0266e+00 7.3498e+00
160 161 7.0132e+00 6.5345e+00 7.0266e+00 7.3498e+00
161 162 7.0132e+00 6.5345e+00 7.0266e+00 7.3498e+00
162 163 7.0132e+00 6.5345e+00 7.0266e+00 7.3498e+00
163 165 7.0132e+00 6.5345e+00 7.0266e+00 7.3498e+00
165 166 7.0132e+00 6.5345e+00 7.0266e+00 7.3498e+00
166 167 7.0132e+00 6.5345e+00 7.0266e+00 7.3498e+00
167 168 7.0132e+00 6.5345e+00 7.0266e+00 7.3498e+00
168 169 7.0132e+00 6.5345e+00 7.0266e+00 7.3498e+00
169 170 7.0132e+00 6.5345e+00 7.0266e+00 7.3498e+00
170 171 7.0132e+00 6.5345e+00 7.0266e+00 7.3498e+00
171 172 7.0132e+00 6.5345e+00 7.0266e+00 7.3498e+00
172 173 7.0132e+00 6.5345e+00 7.0266e+00 7.3498e+00
173 174 7.0132e+00 6.5345e+00 7.0266e+00 7.3498e+00
174 175 7.0132e+00 6.5345e+00 7.0266e+00 7.3498e+00
175 176 7.0132e+00 6.5345e+00 7.0266e+00 7.3498e+00
176 177 7.0132e+00 6.5345e+00 7.0266e+00 7.3498e+00
177 178 7.0132e+00 6.5345e+00 7.0266e+00 7.3498e+00
178 179 7.0132e+00 6.5345e+00 7.0266e+00 7.3498e+00
179 180 7.0132e+00 6.5345e+00 7.0266e+00 7.3498e+00
180 181 7.0132e+00 6.5345e+00 7.0266e+00 7.3498e+00
181 182 7.0132e+00 6.5345e+00 7.0266e+00 7.3498e+00
182 183 7.0132e+00 6.5345e+00 7.0266e+00 7.3498e+00
183 184 7.0132e+00 6.5345e+00 7.0266e+00 7.3498e+00
184 185 7.0132e+00 6.5345e+00 7.0266e+00 7.3498e+00
185 186 7.0132e+00 6.5345e+00 7.0266e+00 7.3498e+00
186 187 7.0132e+00 6.5345e+00 7.0266e+00 7.3498e+00
187 188 7.0132e+00 6.5345e+00 7.0266e+00 7.3498e+00
188 189 7.0132e+00 6.5345e+00 7.0266e+00 7.3498e+00
189 190 7.0132e+00 6.5345e+00 7.0266e+00 7.3498e+00
190 191 7.0132e+00 6.5345e+00 7.0266e+00 7.3498e+00
191 192 7.0132e+00 6.5345e+00 7.0266e+00 7.3498e+00
192 193 7.0132e+00 6.5345e+00 7.0266e+00 7.3498e+00
193 194 7.0132e+00 6.5345e+00 7.0266e+00 7.3498e+00
194 195 7.0132e+00 6.5345e+00 7.0266e+00 7.3498e+00
195 196 7.0132e+00 6.5345e+00 7.0266e+00 7.3498e+00
196 197 7.0132e+00 6.5345e+00 7.0266e+00 7.3498e+00
197 198 7.0132e+00 6.5345e+00 7.0266e+00 7.3498e+00
198 199 7.0132e+00 6.5345e+00 7.0266e+00 7.3498e+00
199 200 7.0132e+00 6.5345e+00 7.0266e+00 7.3498e+00
200 201 7.0132e+00 6.5345e+00 7.0266e+00 7.3498e+00
201 202 7.0132e+00 6.5345e+00 7.0266e+00 7.3498e+00
202 203 7.0132e+00 6.5345e+00 7.0266e+00 7.3498e+00
203 204 7.0132e+00 6.5345e+00 7.0266e+00 7.3498e+00
204 205 7.0132e+00 6.5345e+00 7.0266e+00 7.3498e+00
205 206 7.0132e+00 6.5345e+00 7.0266e+00 7.3498e+00
206 207 7.0132e+00 6.5345e+00 7.0266e+00 7.3498e+00
207 208 7.0132e+00 6.5345e+00 7.0266e+00 7.3498e+00
208 209 7.0132e+00 6.5345e+00 7.0266e+00 7.3498e+00
209 210 7.0132e+00 6.5345e+00 7.0266e+00 7.3498e+00
210 211 7.0132e+00 6.5345e+00 7.0266e+00 7.3498e+00
211 212 7.0132e+00 6.5345e+00 7.0266e+00 7.3498e+00
212 213 7.0132e+00 6.5345e+00 7.0266e+00 7.3498e+00
213 214 7.0132e+00 6.5345e+00 7.0266e+00 7.3498e+00
214 215 7.0132e+00 6.5345e+00 7.0266e+00 7.3498e+00
215 216 7.0132e+00 6.5345e+00 7.0266e+00 7.3498e+00
216 217 7.0132e+00 6.5345e+00 7.0266e+00 7.3498e+00
217 218 7.0132e+00 6.5345e+00 7.0266e+00 7.3498e+00
218 219 7.0132e+00 6.5345e+00 7.0266e+00 7.3498e+00
219 220 7.0132e+00 6.5345e+00 7.0266e+00 7.3498e+00
220 221 7.0132e+00 6.5345e+00 7.0266e+00 7.3498e+00
221 222 7.0132e+00 6.5345e+00 7.0266e+00 7.3498e+00
222 223 7.0132e+00 6.5345e+00 7.0266e+00 7.3498e+00
223 224 7.0132e+00 6.5345e+00 7.0266e+00 7.3498e+00
224 226 7.0132e+00 6.5345e+00 7.0266e+00 7.3498e+00
226 227 7.0132e+00 6.5345e+00 7.0266e+00 7.3498e+00
227 228 7.0132e+00 6.5345e+00 7.0266e+00 7.3498e+00
228 229 7.0132e+00 6.5345e+00 7.0266e+00 7.3498e+00
229 230 7.0132e+00 6.5345e+00 7.0266e+00 7.3498e+00
230 231 7.0132e+00 6.5345e+00 7.0266e+00 7.3498e+00
231 232 7.0132e+00 6.5345e+00 7.0266e+00 7.3498e+00
232 233 7.0132e+00 6.5345e+00 7.0266e+00 7.3498e+00
233 234 7.0132e+00 6.5345e+00 7.0266e+00 7.3498e+00
234 235 7.0132e+00 6.5345e+00 7.0266e+00 7.3498e+00
235 236 7.0132e+00 6.5345e+00 7.0266e+00 7.3498e+00
236 238 7.0132e+00 6.5345e+00 7.0266e+00 7.3498e+00
238 239 7.0132e+00 6.5345e+00 7.0266e+00 7.3498e+00
239 240 7.0132e+00 6.5345e+00 7.0266e+00 7.3498e+00
240 241 7.0132e+00 6.5345e+00 7.0266e+00 7.3498e+00
241 242 7.0132e+00 6.5345e+00 7.0266e+00 7.3498e+00
242 244 7.0132e+00 6.5345e+00 7.0266e+00 7.3498e+00
244 245 7.0132e+00 6.5345e+00 7.0266e+00 7.3498e+00
245 246 7.0132e+00 6.5345e+00 7.0266e+00 7.3498e+00
246 247 7.0132e+00 6.5345e+00 7.0266e+00 7.3498e+00
247 248 7.0132e+00 6.5345e+00 7.0266e+00 7.3498e+00
248 249 7.0132e+00 6.5345e+00 7.0266e+00 7.3498e+00
249 250 7.0132e+00 6.5345e+00 7.0266e+00 7.3498e+00
250 251 7.0132e+00 6.5345e+00 7.0266e+00 7.3498e+00
251 252 7.0132e+00 6.5345e+00 7.0266e+00 7.3498e+00
252 253 7.0132e+00 6.5345e+00 7.0266e+00 7.3498e+00
253 254 7.0132e+00 6.5345e+00 7.0266e+00 7.3498e+00
254 255 7.0132e+00 6.5345e+00 7.0266e+00 7.3498e+00
255 256 7.0132e+00 6.5345e+00 7.0266e+00 7.3498e+00
256 257 7.0132e+00 6.5345e+00 7.0266e+00 7.3498e+00
257 258 7.0132e+00 6.5345e+00 7.0266e+00 7.3498e+00
258 259 7.0132e+00 6.5345e+00 7.0266e+00 7.3498e+00
259 260 7.0132e+00 6.5345e+00 7.0266e+00 7.3498e+00
260 261 7.0132e+00 6.5345e+00 7.0266e+00 7.3498e+00
261 262 7.0132e+00 6.5345e+00 7.0266e+00 7.3498e+00
262 263 7.0132e+00 6.5345e+00 7.0266e+00 7.3498e+00
263 264 7.0132e+00 6.5345e+00 7.0266e+00 7.3498e+00
264 265 7.0132e+00 6.5345e+00 7.0266e+00 7.3498e+00
265 266 7.0132e+00 6.5345e+00 7.0266e+00 7.3498e+00
266 267 7.0132e+00 6.5345e+00 7.0266e+00 7.3498e+00
267 268 7.0132e+00 6.5345e+00 7.0266e+00 7.3498e+00
268 269 7.0132e+00 6.5345e+00 7.0266e+00 7.3498e+00
269 271 7.0132e+00 6.5345e+00 7.0266e+00 7.3498e+00
271 272 7.0132e+00 6.5345e+00 7.0266e+00 7.3498e+00
272 273 7.0132e+00 6.5345e+00 7.0266e+00 7.3498e+00
273 274 7.0132e+00 6.5345e+00 7.0266e+00 7.3498e+00
274 275 7.0132e+00 6.5345e+00 7.0266e+00 7.3498e+00
275 276 7.0132e+00 6.5345e+00 7.0266e+00 7.3498e+00
276 277 7.0132e+00 6.5345e+00 7.0266e+00 7.3498e+00
277 278 7.0132e+00 6.5345e+00 7.0266e+00 7.3498e+00
278 279 7.0132e+00 6.5345e+00 7.0266e+00 7.3498e+00
279 280 7.0132e+00 6.5345e+00 7.0266e+00 7.3498e+00
280 281 7.0132e+00 6.5345e+00 7.0266e+00 7.3498e+00
281 282 7.0132e+00 6.5345e+00 7.0266e+00 7.3498e+00
282 283 7.0132e+00 6.5345e+00 7.0266e+00 7.3498e+00
283 284 7.0132e+00 6.5345e+00 7.0266e+00 7.3498e+00
284 285 7.0132e+00 6.5345e+00 7.0266e+00 7.3498e+00
285 286 7.0132e+00 6.5345e+00 7.0266e+00 7.3498e+00
286 287 7.0132e+00 6.5345e+00 7.0266e+00 7.3498e+00
287 288 7.0132e+00 6.5345e+00 7.0266e+00 7.3498e+00
288 289 7.0132e+00 6.5345e+00 7.0266e+00 7.3498e+00
289 290 7.0132e+00 6.5345e+00 7.0266e+00 7.3498e+00
290 291 7.0132e+00 6.5345e+00 7.0266e+00 7.3498e+00
291 292 7.0132e+00 6.5345e+00 7.0266e+00 7.3498e+00
292 293 7.0132e+00 6.5345e+00 7.0266e+00 7.3498e+00
293 294 7.0132e+00 6.5345e+00 7.0266e+00 7.3498e+00
294 295 7.0132e+00 6.5345e+00 7.0266e+00 7.3498e+00
295 296 7.0132e+00 6.5345e+00 7.0266e+00 7.3498e+00
296 297 7.0132e+00 6.5345e+00 7.0266e+00 7.3498e+00
297 298 7.0132e+00 6.5345e+00 7.0266e+00 7.3498e+00
298 299 7.0132e+00 6.5345e+00 7.0266e+00 7.3498e+00
299 300 7.0132e+00 6.5345e+00 7.0266e+00 7.3498e+00
300 301 7.0132e+00 6.5345e+00 7.0266e+00 7.3498e+00
301 302 7.0132e+00 6.5345e+00 7.0266e+00 7.3498e+00
302 303 7.0132e+00 6.5345e+00 7.0266e+00 7.3498e+00
303 304 7.0132e+00 6.5345e+00 7.0266e+00 7.3498e+00
304 305 7.0132e+00 6.5345e+00 7.0266e+00 7.3498e+00
305 306 7.0132e+00 6.5345e+00 7.0266e+00 7.3498e+00
306 307 7.0132e+00 6.5345e+00 7.0266e+00 7.3498e+00
307 308 7.0132e+00 6.5345e+00 7.0266e+00 7.3498e+00
308 309 7.0132e+00 6.5345e+00 7.0266e+00 7.3498e+00
309 310 7.0132e+00 6.5345e+00 7.0266e+00 7.3498e+00
310 311 7.0132e+00 6.5345e+00 7.0266e+00 7.3498e+00
311 312 7.0132e+00 6.5345e+00 7.0266e+00 7.3498e+00
312 313 7.0132e+00 6.5345e+00 7.0266e+00 7.3498e+00
313 314 7.0132e+00 6.5345e+00 7.0266e+00 7.3498e+00
314 315 7.0132e+00 6.5345e+00 7.0266e+00 7.3498e+00
315 316 7.0132e+00 6.5345e+00 7.0266e+00 7.3498e+00
316 317 7.0132e+00 6.5345e+00 7.0266e+00 7.3498e+00
317 318 7.0132e+00 6.5345e+00 7.0266e+00 7.3498e+00
318 319 7.0132e+00 6.5345e+00 7.0266e+00 7.3498e+00
319 320 7.0132e+00 6.5345e+00 7.0266e+00 7.3498e+00
320 321 7.0132e+00 6.5345e+00 7.0266e+00 7.3498e+00
321 322 7.0132e+00 6.5345e+00 7.0266e+00 7.3498e+00
322 323 7.0132e+00 6.5345e+00 7.0266e+00 7.3498e+00
323 324 7.0132e+00 6.5345e+00 7.0266e+00 7.3498e+00
324 325 7.0132e+00 6.5345e+00 7.0266e+00 7.3498e+00
325 326 7.0132e+00 6.5345e+00 7.0266e+00 7.3498e+00
326 327 7.0132e+00 6.5345e+00 7.0266e+00 7.3498e+00
327 328 7.0132e+00 6.5345e+00 7.0266e+00 7.3498e+00
328 330 7.0132e+00 6.5345e+00 7.0266e+00 7.3498e+00
330 331 7.0132e+00 6.5345e+00 7.0266e+00 7.3498e+00
331 332 7.0132e+00 6.5345e+00 7.0266e+00 7.3498e+00
332 333 7.0132e+00 6.5345e+00 7.0266e+00 7.3498e+00
333 334 7.0132e+00 6.5345e+00 7.0266e+00 7.3498e+00
334 335 7.0132e+00 6.5345e+00 7.0266e+00 7.3498e+00
335 337 7.0132e+00 6.5345e+00 7.0266e+00 7.3498e+00
337 338 7.0132e+00 6.5345e+00 7.0266e+00 7.3498e+00
338 339 7.0132e+00 6.5345e+00 7.0266e+00 7.3498e+00
339 340 7.0132e+00 6.5345e+00 7.0266e+00 7.3498e+00
340 341 7.0132e+00 6.5345e+00 7.0266e+00 7.3498e+00
341 342 7.0132e+00 6.5345e+00 7.0266e+00 7.3498e+00
342 343 7.0132e+00 6.5345e+00 7.0266e+00 7.3498e+00
343 344 7.0132e+00 6.5345e+00 7.0266e+00 7.3498e+00
344 345 7.0132e+00 6.5345e+00 7.0266e+00 7.3498e+00
345 346 7.0132e+00 6.5345e+00 7.0266e+00 7.3498e+00
346 347 7.0132e+00 6.5345e+00 7.0266e+00 7.3498e+00
347 348 7.0132e+00 6.5345e+00 7.0266e+00 7.3498e+00
348 349 7.0132e+00 6.5345e+00 7.0266e+00 7.3498e+00
349 350 7.0132e+00 6.5345e+00 7.0266e+00 7.3498e+00
350 351 7.0132e+00 6.5345e+00 7.0266e+00 7.3498e+00
351 352 7.0132e+00 6.5345e+00 7.0266e+00 7.3498e+00
352 353 7.0132e+00 6.5345e+00 7.0266e+00 7.3498e+00
353 355 7.0132e+00 6.5345e+00 7.0266e+00 7.3498e+00
355 356 7.0132e+00 6.5345e+00 7.0266e+00 7.3498e+00
356 357 7.0132e+00 6.5345e+00 7.0266e+00 7.3498e+00
357 358 7.0132e+00 6.5345e+00 7.0266e+00 7.3498e+00
358 359 7.0132e+00 6.5345e+00 7.0266e+00 7.3498e+00
359 360 7.0132e+00 6.5345e+00 7.0266e+00 7.3498e+00
360 361 7.0132e+00 6.5345e+00 7.0266e+00 7.3498e+00
361 362 7.0132e+00 6.5345e+00 7.0266e+00 7.3498e+00
362 363 7.0132e+00 6.5345e+00 7.0266e+00 7.3498e+00
363 364 7.0132e+00 6.5345e+00 7.0266e+00 7.3498e+00
364 365 7.0132e+00 6.5345e+00 7.0266e+00 7.3498e+00
365 366 7.0132e+00 6.5345e+00 7.0266e+00 7.3498e+00
366 367 7.0132e+00 6.5345e+00 7.0266e+00 7.3498e+00
367 368 7.0132e+00 6.5345e+00 7.0266e+00 7.3498e+00
368 369 7.0132e+00 6.5345e+00 7.0266e+00 7.3498e+00
369 370 7.0132e+00 6.5345e+00 7.0266e+00 7.3498e+00
370 371 7.0132e+00 6.5345e+00 7.0266e+00 7.3498e+00
371 372 7.0132e+00 6.5345e+00 7.0266e+00 7.3498e+00
372 373 7.0132e+00 6.5345e+00 7.0266e+00 7.3498e+00
373 374 7.0132e+00 6.5345e+00 7.0266e+00 7.3498e+00
374 375 7.0132e+00 6.5345e+00 7.0266e+00 7.3498e+00
375 376 7.0132e+00 6.5345e+00 7.0266e+00 7.3498e+00
376 377 7.0132e+00 6.5345e+00 7.0266e+00 7.3498e+00
377 378 7.0132e+00 6.5345e+00 7.0266e+00 7.3498e+00
378 379 7.0132e+00 6.5345e+00 7.0266e+00 7.3498e+00
379 380 7.0132e+00 6.5345e+00 7.0266e+00 7.3498e+00
380 381 7.0132e+00 6.5345e+00 7.0266e+00 7.3498e+00
381 382 7.0132e+00 6.5345e+00 7.0266e+00 7.3498e+00
382 383 7.0132e+00 6.5345e+00 7.0266e+00 7.3498e+00
383 384 7.0132e+00 6.5345e+00 7.0266e+00 7.3498e+00
384 385 7.0132e+00 6.5345e+00 7.0266e+00 7.3498e+00
385 386 7.0132e+00 6.5345e+00 7.0266e+00 7.3498e+00
386 387 7.0132e+00 6.5345e+00 7.0266e+00 7.3498e+00
387 388 7.0132e+00 6.5345e+00 7.0266e+00 7.3498e+00
388 389 7.0132e+00 6.5345e+00 7.0266e+00 7.3498e+00
389 390 7.0132e+00 6.5345e+00 7.0266e+00 7.3498e+00
390 391 7.0132e+00 6.5345e+00 7.0266e+00 7.3498e+00
391 392 7.0132e+00 6.5345e+00 7.0266e+00 7.3498e+00
392 393 7.0132e+00 6.5345e+00 7.0266e+00 7.3498e+00
393 394 7.0132e+00 6.5345e+00 7.0266e+00 7.3498e+00
394 395 7.0132e+00 6.5345e+00 7.0266e+00 7.3498e+00
395 396 7.0132e+00 6.5345e+00 7.0266e+00 7.3498e+00
396 397 7.0132e+00 6.5345e+00 7.0266e+00 7.3498e+00
397 398 7.0132e+00 6.5345e+00 7.0266e+00 7.3498e+00
398 399 7.0132e+00 6.5345e+00 7.0266e+00 7.3498e+00
399 400 7.0132e+00 6.5345e+00 7.0266e+00 7.3498e+00
400 401 7.0132e+00 6.5345e+00 7.0266e+00 7.3498e+00
401 402 7.0132e+00 6.5345e+00 7.0266e+00 7.3498e+00
402 403 7.0132e+00 6.5345e+00 7.0266e+00 7.3498e+00
403 404 7.0132e+00 6.5345e+00 7.0266e+00 7.3498e+00
404 405 7.0132e+00 6.5345e+00 7.0266e+00 7.3498e+00
405 406 7.0132e+00 6.5345e+00 7.0266e+00 7.3498e+00
406 407 7.0132e+00 6.5345e+00 7.0266e+00 7.3498e+00
407 408 7.0132e+00 6.5345e+00 7.0266e+00 7.3498e+00
408 409 7.0132e+00 6.5345e+00 7.0266e+00 7.3498e+00
409 410 7.0132e+00 6.5345e+00 7.0266e+00 7.3498e+00
410 411 7.0132e+00 6.5345e+00 7.0266e+00 7.3498e+00
411 413 7.0132e+00 6.5345e+00 7.0266e+00 7.3498e+00
413 414 7.0132e+00 6.5345e+00 7.0266e+00 7.3498e+00
414 415 7.0132e+00 6.5345e+00 7.0266e+00 7.3498e+00
415 416 7.0132e+00 6.5345e+00 7.0266e+00 7.3498e+00
416 417 7.0132e+00 6.5345e+00 7.0266e+00 7.3498e+00
417 418 7.0132e+00 6.5345e+00 7.0266e+00 7.3498e+00
418 419 7.0132e+00 6.5345e+00 7.0266e+00 7.3498e+00
419 420 7.0132e+00 6.5345e+00 7.0266e+00 7.3498e+00
420 421 7.0132e+00 6.5345e+00 7.0266e+00 7.3498e+00
421 422 7.0132e+00 6.5345e+00 7.0266e+00 7.3498e+00
422 423 7.0132e+00 6.5345e+00 7.0266e+00 7.3498e+00
423 424 7.0132e+00 6.5345e+00 7.0266e+00 7.3498e+00
424 425 7.0132e+00 6.5345e+00 7.0266e+00 7.3498e+00
425 426 7.0132e+00 6.5345e+00 7.0266e+00 7.3498e+00
426 427 7.0132e+00 6.5345e+00 7.0266e+00 7.3498e+00
427 428 7.0132e+00 6.5345e+00 7.0266e+00 7.3498e+00
428 429 7.0132e+00 6.5345e+00 7.0266e+00 7.3498e+00
429 430 7.0132e+00 6.5345e+00 7.0266e+00 7.3498e+00
430 431 7.0132e+00 6.5345e+00 7.0266e+00 7.3498e+00
431 432 7.0132e+00 6.5345e+00 7.0266e+00 7.3498e+00
432 433 7.0132e+00 6.5345e+00 7.0266e+00 7.3498e+00
433 434 7.0132e+00 6.5345e+00 7.0266e+00 7.3498e+00
434 435 7.0132e+00 6.5345e+00 7.0266e+00 7.3498e+00
435 436 7.0132e+00 6.5345e+00 7.0266e+00 7.3498e+00
436 437 7.0132e+00 6.5345e+00 7.0266e+00 7.3498e+00
437 438 7.0132e+00 6.5345e+00 7.0266e+00 7.3498e+00
438 440 7.0132e+00 6.5345e+00 7.0266e+00 7.3498e+00
440 441 7.0132e+00 6.5345e+00 7.0266e+00 7.3498e+00
441 442 7.0132e+00 6.5345e+00 7.0266e+00 7.3498e+00
442 443 7.0132e+00 6.5345e+00 7.0266e+00 7.3498e+00
443 444 7.0132e+00 6.5345e+00 7.0266e+00 7.3498e+00
444 445 7.0132e+00 6.5345e+00 7.0266e+00 7.3498e+00
445 446 7.0132e+00 6.5345e+00 7.0266e+00 7.3498e+00
446 447 7.0132e+00 6.5345e+00 7.0266e+00 7.3498e+00
447 449 7.0132e+00 6.5345e+00 7.0266e+00 7.3498e+00
449 450 7.0132e+00 6.5345e+00 7.0266e+00 7.3498e+00
450 451 7.0132e+00 6.5345e+00 7.0266e+00 7.3498e+00
451 452 7.0132e+00 6.5345e+00 7.0266e+00 7.3498e+00
452 453 7.0132e+00 6.5345e+00 7.0266e+00 7.3498e+00
453 454 7.0132e+00 6.5345e+00 7.0266e+00 7.3498e+00
454 455 7.0132e+00 6.5345e+00 7.0266e+00 7.3498e+00
455 456 7.0132e+00 6.5345e+00 7.0266e+00 7.3498e+00
456 457 7.0132e+00 6.5345e+00 7.0266e+00 7.3498e+00
457 458 7.0132e+00 6.5345e+00 7.0266e+00 7.3498e+00
458 459 7.0132e+00 6.5345e+00 7.0266e+00 7.3498e+00
459 460 7.0132e+00 6.5345e+00 7.0266e+00 7.3498e+00
460 461 7.0132e+00 6.5345e+00 7.0266e+00 7.3498e+00
461 462 7.0132e+00 6.5345e+00 7.0266e+00 7.3498e+00
462 463 7.0132e+00 6.5345e+00 7.0266e+00 7.3498e+00
463 464 7.0132e+00 6.5345e+00 7.0266e+00 7.3498e+00
464 465 7.0132e+00 6.5345e+00 7.0266e+00 7.3498e+00
465 466 7.0132e+00 6.5345e+00 7.0266e+00 7.3498e+00
466 467 7.0132e+00 6.5345e+00 7.0266e+00 7.3498e+00
467 468 7.0132e+00 6.5345e+00 7.0266e+00 7.3498e+00
468 469 7.0132e+00 6.5345e+00 7.0266e+00 7.3498e+00
469 470 7.0132e+00 6.5345e+00 7.0266e+00 7.3498e+00
470 471 7.0132e+00 6.5345e+00 7.0266e+00 7.3498e+00
471 472 7.0132e+00 6.5345e+00 7.0266e+00 7.3498e+00
472 473 7.0132e+00 6.5345e+00 7.0266e+00 7.3498e+00
473 474 7.0132e+00 6.5345e+00 7.0266e+00 7.3498e+00
474 475 7.0132e+00 6.5345e+00 7.0266e+00 7.3498e+00
475 476 7.0132e+00 6.5345e+00 7.0266e+00 7.3498e+00
476 477 7.0132e+00 6.5345e+00 7.0266e+00 7.3498e+00
477 479 7.0132e+00 6.5345e+00 7.0266e+00 7.3498e+00
479 480 7.0132e+00 6.5345e+00 7.0266e+00 7.3498e+00
480 481 7.0132e+00 6.5345e+00 7.0266e+00 7.3498e+00
481 482 7.0132e+00 6.5345e+00 7.0266e+00 7.3498e+00
482 483 7.0132e+00 6.5345e+00 7.0266e+00 7.3498e+00
483 484 7.0132e+00 6.5345e+00 7.0266e+00 7.3498e+00
484 485 7.0132e+00 6.5345e+00 7.0266e+00 7.3498e+00
485 486 7.0132e+00 6.5345e+00 7.0266e+00 7.3498e+00
486 488 7.0132e+00 6.5345e+00 7.0266e+00 7.3498e+00
488 489 7.0132e+00 6.5345e+00 7.0266e+00 7.3498e+00
489 490 7.0132e+00 6.5345e+00 7.0266e+00 7.3498e+00
490 491 7.0132e+00 6.5345e+00 7.0266e+00 7.3498e+00
491 492 7.0132e+00 6.5345e+00 7.0266e+00 7.3498e+00
492 493 7.0132e+00 6.5345e+00 7.0266e+00 7.3498e+00
493 494 7.0132e+00 6.5345e+00 7.0266e+00 7.3498e+00
494 495 7.0132e+00 6.5345e+00 7.0266e+00 7.3498e+00
495 496 7.0132e+00 6.5345e+00 7.0266e+00 7.3498e+00
496 497 7.0132e+00 6.5345e+00 7.0266e+00 7.3498e+00
497 498 7.0132e+00 6.5345e+00 7.0266e+00 7.3498e+00
498 499 7.0132e+00 6.5345e+00 7.0266e+00 7.3498e+00
499 500 7.0132e+00 6.5345e+00 7.0266e+00 7.3498e+00
500 501 7.0132e+00 6.5345e+00 7.0266e+00 7.3498e+00
501 502 7.0132e+00 6.5345e+00 7.0266e+00 7.3498e+00
502 503 7.0132e+00 6.5345e+00 7.0266e+00 7.3498e+00
503 504 7.0132e+00 6.5345e+00 7.0266e+00 7.3498e+00
504 505 7.0132e+00 6.5345e+00 7.0266e+00 7.3498e+00
505 506 7.0132e+00 6.5345e+00 7.0266e+00 7.3498e+00
506 507 7.0132e+00 6.5345e+00 7.0266e+00 7.3498e+00
507 508 7.0132e+00 6.5345e+00 7.0266e+00 7.3498e+00
508 509 7.0132e+00 6.5345e+00 7.0266e+00 7.3498e+00
509 510 7.0132e+00 6.5345e+00 7.0266e+00 7.3498e+00
510 511 7.0132e+00 6.5345e+00 7.0266e+00 7.3498e+00
511 512 7.0132e+00 6.5345e+00 7.0266e+00 7.3498e+00
512 513 7.0132e+00 6.5345e+00 7.0266e+00 7.3498e+00
513 514 7.0132e+00 6.5345e+00 7.0266e+00 7.3498e+00
514 515 7.0132e+00 6.5345e+00 7.0266e+00 7.3498e+00
515 516 7.0132e+00 6.5345e+00 7.0266e+00 7.3498e+00
516 517 7.0132e+00 6.5345e+00 7.0266e+00 7.3498e+00
517 518 7.0132e+00 6.5345e+00 7.0266e+00 7.3498e+00
518 519 7.0132e+00 6.5345e+00 7.0266e+00 7.3498e+00
519 520 7.0132e+00 6.5345e+00 7.0266e+00 7.3498e+00
520 521 7.0132e+00 6.5345e+00 7.0266e+00 7.3498e+00
521 522 7.0132e+00 6.5345e+00 7.0266e+00 7.3498e+00
522 523 7.0132e+00 6.5345e+00 7.0266e+00 7.3498e+00
523 524 7.0132e+00 6.5345e+00 7.0266e+00 7.3498e+00
524 525 7.0132e+00 6.5345e+00 7.0266e+00 7.3498e+00
525 526 7.0132e+00 6.5345e+00 7.0266e+00 7.3498e+00
526 527 7.0132e+00 6.5345e+00 7.0266e+00 7.3498e+00
527 528 7.0132e+00 6.5345e+00 7.0266e+00 7.3498e+00
528 529 7.0132e+00 6.5345e+00 7.0266e+00 7.3498e+00
529 530 7.0132e+00 6.5345e+00 7.0266e+00 7.3498e+00
530 531 7.0132e+00 6.5345e+00 7.0266e+00 7.3498e+00
531 532 7.0132e+00 6.5345e+00 7.0266e+00 7.3498e+00
532 533 7.0132e+00 6.5345e+00 7.0266e+00 7.3498e+00
533 534 7.0132e+00 6.5345e+00 7.0266e+00 7.3498e+00
534 535 7.0132e+00 6.5345e+00 7.0266e+00 7.3498e+00
535 536 7.0132e+00 6.5345e+00 7.0266e+00 7.3498e+00
536 537 7.0132e+00 6.5345e+00 7.0266e+00 7.3498e+00
537 538 7.0132e+00 6.5345e+00 7.0266e+00 7.3498e+00
538 539 7.0132e+00 6.5345e+00 7.0266e+00 7.3498e+00
539 540 7.0132e+00 6.5345e+00 7.0266e+00 7.3498e+00
540 541 7.0132e+00 6.5345e+00 7.0266e+00 7.3498e+00
541 542 7.0132e+00 6.5345e+00 7.0266e+00 7.3498e+00
542 543 7.0132e+00 6.5345e+00 7.0266e+00 7.3498e+00
543 544 7.0132e+00 6.5345e+00 7.0266e+00 7.3498e+00
544 545 7.0132e+00 6.5345e+00 7.0266e+00 7.3498e+00
545 546 7.0132e+00 6.5345e+00 7.0266e+00 7.3498e+00
546 547 7.0132e+00 6.5345e+00 7.0266e+00 7.3498e+00
547 548 7.0132e+00 6.5345e+00 7.0266e+00 7.3498e+00
548 549 7.0132e+00 6.5345e+00 7.0266e+00 7.3498e+00
549 550 7.0132e+00 6.5345e+00 7.0266e+00 7.3498e+00
550 552 7.0132e+00 6.5345e+00 7.0266e+00 7.3498e+00
552 554 7.0132e+00 6.5345e+00 7.0266e+00 7.3498e+00
554 555 7.0132e+00 6.5345e+00 7.0266e+00 7.3498e+00
555 556 7.0132e+00 6.5345e+00 7.0266e+00 7.3498e+00
556 557 7.0132e+00 6.5345e+00 7.0266e+00 7.3498e+00
557 558 7.0132e+00 6.5345e+00 7.0266e+00 7.3498e+00
558 559 7.0132e+00 6.5345e+00 7.0266e+00 7.3498e+00
559 560 7.0132e+00 6.5345e+00 7.0266e+00 7.3498e+00
560 561 7.0132e+00 6.5345e+00 7.0266e+00 7.3498e+00
561 562 7.0132e+00 6.5345e+00 7.0266e+00 7.3498e+00
562 563 7.0132e+00 6.5345e+00 7.0266e+00 7.3498e+00
563 564 7.0132e+00 6.5345e+00 7.0266e+00 7.3498e+00
564 565 7.0132e+00 6.5345e+00 7.0266e+00 7.3498e+00
565 566 7.0132e+00 6.5345e+00 7.0266e+00 7.3498e+00
566 567 7.0132e+00 6.5345e+00 7.0266e+00 7.3498e+00
567 568 7.0132e+00 6.5345e+00 7.0266e+00 7.3498e+00
568 569 7.0132e+00 6.5345e+00 7.0266e+00 7.3498e+00
569 570 7.0132e+00 6.5345e+00 7.0266e+00 7.3498e+00
570 571 7.0132e+00 6.5345e+00 7.0266e+00 7.3498e+00
571 572 7.0132e+00 6.5345e+00 7.0266e+00 7.3498e+00
572 573 7.0132e+00 6.5345e+00 7.0266e+00 7.3498e+00
573 574 7.0132e+00 6.5345e+00 7.0266e+00 7.3498e+00
574 575 7.0132e+00 6.5345e+00 7.0266e+00 7.3498e+00
575 576 7.0132e+00 6.5345e+00 7.0266e+00 7.3498e+00
576 577 7.0132e+00 6.5345e+00 7.0266e+00 7.3498e+00
577 578 7.0132e+00 6.5345e+00 7.0266e+00 7.3498e+00
578 579 7.0132e+00 6.5345e+00 7.0266e+00 7.3498e+00
579 580 7.0132e+00 6.5345e+00 7.0266e+00 7.3498e+00
580 581 7.0132e+00 6.5345e+00 7.0266e+00 7.3498e+00
581 582 7.0132e+00 6.5345e+00 7.0266e+00 7.3498e+00
582 583 7.0132e+00 6.5345e+00 7.0266e+00 7.3498e+00
583 584 7.0132e+00 6.5345e+00 7.0266e+00 7.3498e+00
584 585 7.0132e+00 6.5345e+00 7.0266e+00 7.3498e+00
585 586 7.0132e+00 6.5345e+00 7.0266e+00 7.3498e+00
586 587 7.0132e+00 6.5345e+00 7.0266e+00 7.3498e+00
587 588 7.0132e+00 6.5345e+00 7.0266e+00 7.3498e+00
588 589 7.0132e+00 6.5345e+00 7.0266e+00 7.3498e+00
589 590 7.0132e+00 6.5345e+00 7.0266e+00 7.3498e+00
590 591 7.0132e+00 6.5345e+00 7.0266e+00 7.3498e+00
591 592 7.0132e+00 6.5345e+00 7.0266e+00 7.3498e+00
592 593 7.0132e+00 6.5345e+00 7.0266e+00 7.3498e+00
593 594 7.0132e+00 6.5345e+00 7.0266e+00 7.3498e+00
594 595 7.0132e+00 6.5345e+00 7.0266e+00 7.3498e+00
595 596 7.0132e+00 6.5345e+00 7.0266e+00 7.3498e+00
596 597 7.0132e+00 6.5345e+00 7.0266e+00 7.3498e+00
597 598 7.0132e+00 6.5345e+00 7.0266e+00 7.3498e+00
598 599 7.0132e+00 6.5345e+00 7.0266e+00 7.3498e+00
599 600 7.0132e+00 6.5345e+00 7.0266e+00 7.3498e+00
600 601 7.0132e+00 6.5345e+00 7.0266e+00 7.3498e+00
601 602 7.0132e+00 6.5345e+00 7.0266e+00 7.3498e+00
602 603 7.0132e+00 6.5345e+00 7.0266e+00 7.3498e+00
603 604 7.0132e+00 6.5345e+00 7.0266e+00 7.3498e+00
604 605 7.0132e+00 6.5345e+00 7.0266e+00 7.3498e+00
605 606 7.0132e+00 6.5345e+00 7.0266e+00 7.3498e+00
606 607 7.0132e+00 6.5345e+00 7.0266e+00 7.3498e+00
607 608 7.0132e+00 6.5345e+00 7.0266e+00 7.3498e+00
608 609 7.0132e+00 6.5345e+00 7.0266e+00 7.3498e+00
609 610 7.0132e+00 6.5345e+00 7.0266e+00 7.3498e+00
610 611 7.0132e+00 6.5345e+00 7.0266e+00 7.3498e+00
611 612 7.0132e+00 6.5345e+00 7.0266e+00 7.3498e+00
612 613 7.0132e+00 6.5345e+00 7.0266e+00 7.3498e+00
613 614 7.0132e+00 6.5345e+00 7.0266e+00 7.3498e+00
614 615 7.0132e+00 6.5345e+00 7.0266e+00 7.3498e+00
615 616 7.0132e+00 6.5345e+00 7.0266e+00 7.3498e+00
616 617 7.0132e+00 6.5345e+00 7.0266e+00 7.3498e+00
617 618 7.0132e+00 6.5345e+00 7.0266e+00 7.3498e+00
618 619 7.0132e+00 6.5345e+00 7.0266e+00 7.3498e+00
619 620 7.0132e+00 6.5345e+00 7.0266e+00 7.3498e+00
620 621 7.0132e+00 6.5345e+00 7.0266e+00 7.3498e+00
621 622 7.0132e+00 6.5345e+00 7.0266e+00 7.3498e+00
622 623 7.0132e+00 6.5345e+00 7.0266e+00 7.3498e+00
623 624 7.0132e+00 6.5345e+00 7.0266e+00 7.3498e+00
624 625 7.0132e+00 6.5345e+00 7.0266e+00 7.3498e+00
625 626 7.0132e+00 6.5345e+00 7.0266e+00 7.3498e+00
626 627 7.0132e+00 6.5345e+00 7.0266e+00 7.3498e+00
627 628 7.0132e+00 6.5345e+00 7.0266e+00 7.3498e+00
628 629 6.9731e+00 6.5187e+00 7.0265e+00 7.3389e+00
629 630 1.1712e+00 7.1126e-01 8.9092e-01 7.0238e+00
630 631 8.9486e-01 7.1126e-01 8.8887e-01 1.0764e+00
631 632 8.9088e-01 7.1126e-01 8.8881e-01 1.0760e+00
632 633 8.9088e-01 7.1126e-01 8.8881e-01 1.0760e+00
633 634 8.9088e-01 7.1126e-01 8.8881e-01 1.0760e+00
634 635 8.9088e-01 7.1126e-01 8.8881e-01 1.0760e+00
635 636 8.9088e-01 7.1126e-01 8.8881e-01 1.0760e+00
636 637 8.9088e-01 7.1126e-01 8.8881e-01 1.0760e+00
637 638 8.9088e-01 7.1126e-01 8.8881e-01 1.0760e+00
638 639 8.9088e-01 7.1126e-01 8.8881e-01 1.0760e+00
639 640 8.9088e-01 7.1126e-01 8.8881e-01 1.0760e+00
640 641 8.9088e-01 7.1126e-01 8.8881e-01 1.0760e+00
641 642 8.9088e-01 7.1126e-01 8.8881e-01 1.0760e+00
642 643 8.9088e-01 7.1126e-01 8.8881e-01 1.0760e+00
643 644 8.9088e-01 7.1126e-01 8.8881e-01 1.0760e+00
644 645 8.9088e-01 7.1126e-01 8.8881e-01 1.0760e+00
645 646 8.9088e-01 7.1126e-01 8.8881e-01 1.0760e+00
646 647 8.9088e-01 7.1126e-01 8.8881e-01 1.0760e+00
647 648 8.9088e-01 7.1126e-01 8.8881e-01 1.0760e+00
648 649 8.9088e-01 7.1126e-01 8.8881e-01 1.0760e+00
649 650 8.9088e-01 7.1126e-01 8.8881e-01 1.0760e+00
650 651 8.9088e-01 7.1126e-01 8.8881e-01 1.0760e+00
651 652 8.9088e-01 7.1126e-01 8.8881e-01 1.0760e+00
652 653 8.9088e-01 7.1126e-01 8.8881e-01 1.0760e+00
653 654 8.9088e-01 7.1126e-01 8.8881e-01 1.0760e+00
654 655 8.9088e-01 7.1126e-01 8.8881e-01 1.0760e+00
655 656 8.9088e-01 7.1126e-01 8.8881e-01 1.0760e+00
656 657 8.9088e-01 7.1126e-01 8.8881e-01 1.0760e+00
657 658 9.3780e-01 7.1895e-01 8.8965e-01 1.0908e+00
658 659 1.7387e+00 7.3112e-01 9.1564e-01 5.8298e+00
659 660 5.5834e+00 5.0167e+00 5.5567e+00 6.2206e+00
660 661 5.5920e+00 5.0174e+00 5.5584e+00 6.2206e+00
661 662 5.5920e+00 5.0174e+00 5.5584e+00 6.2206e+00
662 663 5.5920e+00 5.0174e+00 5.5584e+00 6.2206e+00
663 664 5.5920e+00 5.0174e+00 5.5584e+00 6.2206e+00
664 665 5.5920e+00 5.0174e+00 5.5584e+00 6.2206e+00
665 666 5.5920e+00 5.0174e+00 5.5584e+00 6.2206e+00
666 667 5.5920e+00 5.0174e+00 5.5584e+00 6.2206e+00
667 668 5.5920e+00 5.0174e+00 5.5584e+00 6.2206e+00
668 669 5.5920e+00 5.0174e+00 5.5584e+00 6.2206e+00
669 670 5.5920e+00 5.0174e+00 5.5584e+00 6.2206e+00
670 671 5.5920e+00 5.0174e+00 5.5584e+00 6.2206e+00
671 672 5.5920e+00 5.0174e+00 5.5584e+00 6.2206e+00
672 673 5.5920e+00 5.0174e+00 5.5584e+00 6.2206e+00
673 674 5.5920e+00 5.0174e+00 5.5584e+00 6.2206e+00
674 675 5.5920e+00 5.0174e+00 5.5584e+00 6.2206e+00
675 677 5.5920e+00 5.0174e+00 5.5584e+00 6.2206e+00
677 678 5.5920e+00 5.0174e+00 5.5584e+00 6.2206e+00
678 679 5.5920e+00 5.0174e+00 5.5584e+00 6.2206e+00
679 680 5.5920e+00 5.0174e+00 5.5584e+00 6.2206e+00
680 681 5.5920e+00 5.0174e+00 5.5584e+00 6.2206e+00
681 682 5.5920e+00 5.0174e+00 5.5584e+00 6.2206e+00
682 683 5.5920e+00 5.0174e+00 5.5584e+00 6.2206e+00
683 684 5.5920e+00 5.0174e+00 5.5584e+00 6.2206e+00
684 685 5.5920e+00 5.0174e+00 5.5584e+00 6.2206e+00
685 686 5.5920e+00 5.0174e+00 5.5584e+00 6.2206e+00
686 687 5.5920e+00 5.0174e+00 5.5584e+00 6.2206e+00
687 689 5.5920e+00 5.0174e+00 5.5584e+00 6.2206e+00
689 690 5.5920e+00 5.0174e+00 5.5584e+00 6.2206e+00
690 691 5.5920e+00 5.0174e+00 5.5584e+00 6.2206e+00
691 692 5.5920e+00 5.0174e+00 5.5584e+00 6.2206e+00
692 693 5.5920e+00 5.0174e+00 5.5584e+00 6.2206e+00
693 694 5.5920e+00 5.0174e+00 5.5584e+00 6.2206e+00
694 695 5.5920e+00 5.0174e+00 5.5584e+00 6.2206e+00
695 696 5.5920e+00 5.0174e+00 5.5584e+00 6.2206e+00
696 698 5.5920e+00 5.0174e+00 5.5584e+00 6.2206e+00
698 699 5.5920e+00 5.0174e+00 5.5584e+00 6.2206e+00
699 700 5.5920e+00 5.0174e+00 5.5584e+00 6.2206e+00
700 701 5.5920e+00 5.0174e+00 5.5584e+00 6.2206e+00
701 702 5.5920e+00 5.0174e+00 5.5584e+00 6.2206e+00
702 704 5.5920e+00 5.0174e+00 5.5584e+00 6.2206e+00
704 705 5.5920e+00 5.0174e+00 5.5584e+00 6.2206e+00
705 706 5.5920e+00 5.0174e+00 5.5584e+00 6.2206e+00
706 707 5.5920e+00 5.0174e+00 5.5584e+00 6.2206e+00
707 708 5.5920e+00 5.0174e+00 5.5584e+00 6.2206e+00
708 709 5.5920e+00 5.0174e+00 5.5584e+00 6.2206e+00
709 710 5.5920e+00 5.0174e+00 5.5584e+00 6.2206e+00
710 711 5.5920e+00 5.0174e+00 5.5584e+00 6.2206e+00
711 712 5.5920e+00 5.0174e+00 5.5584e+00 6.2206e+00
712 713 5.5920e+00 5.0174e+00 5.5584e+00 6.2206e+00
713 714 5.5920e+00 5.0174e+00 5.5584e+00 6.2206e+00
714 715 5.5920e+00 5.0174e+00 5.5584e+00 6.2206e+00
715 716 5.5920e+00 5.0174e+00 5.5584e+00 6.2206e+00
716 717 5.5920e+00 5.0174e+00 5.5584e+00 6.2206e+00
717 718 5.5920e+00 5.0174e+00 5.5584e+00 6.2206e+00
718 719 5.5920e+00 5.0174e+00 5.5584e+00 6.2206e+00
719 720 5.5920e+00 5.0174e+00 5.5584e+00 6.2206e+00
720 721 5.5920e+00 5.0174e+00 5.5584e+00 6.2206e+00
721 722 5.5920e+00 5.0174e+00 5.5584e+00 6.2206e+00
722 723 5.5920e+00 5.0174e+00 5.5584e+00 6.2206e+00
723 724 5.5920e+00 5.0174e+00 5.5584e+00 6.2206e+00
724 725 5.5920e+00 5.0174e+00 5.5584e+00 6.2206e+00
725 726 5.5920e+00 5.0174e+00 5.5584e+00 6.2206e+00
726 727 5.5920e+00 5.0174e+00 5.5584e+00 6.2206e+00
727 728 5.5920e+00 5.0174e+00 5.5584e+00 6.2206e+00
728 729 5.5920e+00 5.0174e+00 5.5584e+00 6.2206e+00
729 730 5.5920e+00 5.0174e+00 5.5584e+00 6.2206e+00
730 731 5.5920e+00 5.0174e+00 5.5584e+00 6.2206e+00
731 732 5.5920e+00 5.0174e+00 5.5584e+00 6.2206e+00
732 733 5.5920e+00 5.0174e+00 5.5584e+00 6.2206e+00
733 734 5.5920e+00 5.0174e+00 5.5584e+00 6.2206e+00
734 735 5.5920e+00 5.0174e+00 5.5584e+00 6.2206e+00
735 736 5.5920e+00 5.0174e+00 5.5584e+00 6.2206e+00
736 737 5.5920e+00 5.0174e+00 5.5584e+00 6.2206e+00
737 738 5.5920e+00 5.0174e+00 5.5584e+00 6.2206e+00
738 739 5.5920e+00 5.0174e+00 5.5584e+00 6.2206e+00
739 740 5.5920e+00 5.0174e+00 5.5584e+00 6.2206e+00
740 741 5.5920e+00 5.0174e+00 5.5584e+00 6.2206e+00
741 742 5.5920e+00 5.0174e+00 5.5584e+00 6.2206e+00
742 743 5.5920e+00 5.0174e+00 5.5584e+00 6.2206e+00
743 744 5.5920e+00 5.0174e+00 5.5584e+00 6.2206e+00
744 745 5.5920e+00 5.0174e+00 5.5584e+00 6.2206e+00
745 746 5.5920e+00 5.0174e+00 5.5584e+00 6.2206e+00
746 747 5.5920e+00 5.0174e+00 5.5584e+00 6.2206e+00
747 748 5.5920e+00 5.0174e+00 5.5584e+00 6.2206e+00
748 749 5.5920e+00 5.0174e+00 5.5584e+00 6.2206e+00
749 750 5.5920e+00 5.0174e+00 5.5584e+00 6.2206e+00
750 751 5.5920e+00 5.0174e+00 5.5584e+00 6.2206e+00
751 752 5.5920e+00 5.0174e+00 5.5584e+00 6.2206e+00
752 753 5.5920e+00 5.0174e+00 5.5584e+00 6.2206e+00
753 754 5.5920e+00 5.0174e+00 5.5584e+00 6.2206e+00
754 755 5.5920e+00 5.0174e+00 5.5584e+00 6.2206e+00
755 756 5.5920e+00 5.0174e+00 5.5584e+00 6.2206e+00
756 757 5.5920e+00 5.0174e+00 5.5584e+00 6.2206e+00
757 758 5.5920e+00 5.0174e+00 5.5584e+00 6.2206e+00
758 759 5.5920e+00 5.0174e+00 5.5584e+00 6.2206e+00
759 760 5.5920e+00 5.0174e+00 5.5584e+00 6.2206e+00
760 761 5.5920e+00 5.0174e+00 5.5584e+00 6.2206e+00
761 763 5.5920e+00 5.0174e+00 5.5584e+00 6.2206e+00
763 764 5.5920e+00 5.0174e+00 5.5584e+00 6.2206e+00
764 765 5.5920e+00 5.0174e+00 5.5584e+00 6.2206e+00
765 766 5.5920e+00 5.0174e+00 5.5584e+00 6.2206e+00
766 767 5.5920e+00 5.0174e+00 5.5584e+00 6.2206e+00
767 768 5.5920e+00 5.0174e+00 5.5584e+00 6.2206e+00
768 769 5.5920e+00 5.0174e+00 5.5584e+00 6.2206e+00
769 771 5.5920e+00 5.0174e+00 5.5584e+00 6.2206e+00
771 772 5.5920e+00 5.0174e+00 5.5584e+00 6.2206e+00
772 773 5.5920e+00 5.0174e+00 5.5584e+00 6.2206e+00
773 774 5.5920e+00 5.0174e+00 5.5584e+00 6.2206e+00
774 775 5.5920e+00 5.0174e+00 5.5584e+00 6.2206e+00
775 776 5.5920e+00 5.0174e+00 5.5584e+00 6.2206e+00
776 777 5.5920e+00 5.0174e+00 5.5584e+00 6.2206e+00
777 778 5.5920e+00 5.0174e+00 5.5584e+00 6.2206e+00
778 780 5.5920e+00 5.0174e+00 5.5584e+00 6.2206e+00
780 781 5.5920e+00 5.0174e+00 5.5584e+00 6.2206e+00
781 782 5.5920e+00 5.0174e+00 5.5584e+00 6.2206e+00
782 783 5.5920e+00 5.0174e+00 5.5584e+00 6.2206e+00
783 784 5.5920e+00 5.0174e+00 5.5584e+00 6.2206e+00
784 785 5.5920e+00 5.0174e+00 5.5584e+00 6.2206e+00
785 786 5.5920e+00 5.0174e+00 5.5584e+00 6.2206e+00
786 787 5.5920e+00 5.0174e+00 5.5584e+00 6.2206e+00
787 788 5.5920e+00 5.0174e+00 5.5584e+00 6.2206e+00
788 789 5.5920e+00 5.0174e+00 5.5584e+00 6.2206e+00
789 790 5.5920e+00 5.0174e+00 5.5584e+00 6.2206e+00
790 791 5.5920e+00 5.0174e+00 5.5584e+00 6.2206e+00
791 792 5.5920e+00 5.0174e+00 5.5584e+00 6.2206e+00
792 793 5.5920e+00 5.0174e+00 5.5584e+00 6.2206e+00
793 794 5.5920e+00 5.0174e+00 5.5584e+00 6.2206e+00
794 796 5.5920e+00 5.0174e+00 5.5584e+00 6.2206e+00
796 797 5.5920e+00 5.0174e+00 5.5584e+00 6.2206e+00
797 798 5.5920e+00 5.0174e+00 5.5584e+00 6.2206e+00
798 799 5.5920e+00 5.0174e+00 5.5584e+00 6.2206e+00
799 800 5.5920e+00 5.0174e+00 5.5584e+00 6.2206e+00
800 801 5.5920e+00 5.0174e+00 5.5584e+00 6.2206e+00
801 802 5.5920e+00 5.0174e+00 5.5584e+00 6.2206e+00
802 803 5.5920e+00 5.0174e+00 5.5584e+00 6.2206e+00
803 804 5.5920e+00 5.0174e+00 5.5584e+00 6.2206e+00
804 805 5.5920e+00 5.0174e+00 5.5584e+00 6.2206e+00
805 806 5.5920e+00 5.0174e+00 5.5584e+00 6.2206e+00
806 807 5.5920e+00 5.0174e+00 5.5584e+00 6.2206e+00
807 808 5.5920e+00 5.0174e+00 5.5584e+00 6.2206e+00
808 809 5.5920e+00 5.0174e+00 5.5584e+00 6.2206e+00
809 810 5.5920e+00 5.0174e+00 5.5584e+00 6.2206e+00
810 811 5.5920e+00 5.0174e+00 5.5584e+00 6.2206e+00
811 812 5.5920e+00 5.0174e+00 5.5584e+00 6.2206e+00
812 813 5.5920e+00 5.0174e+00 5.5584e+00 6.2206e+00
813 814 5.5920e+00 5.0174e+00 5.5584e+00 6.2206e+00
814 815 5.5920e+00 5.0174e+00 5.5584e+00 6.2206e+00
815 816 5.5920e+00 5.0174e+00 5.5584e+00 6.2206e+00
816 817 5.5920e+00 5.0174e+00 5.5584e+00 6.2206e+00
817 818 5.5920e+00 5.0174e+00 5.5584e+00 6.2206e+00
818 819 5.5920e+00 5.0174e+00 5.5584e+00 6.2206e+00
819 820 5.5920e+00 5.0174e+00 5.5584e+00 6.2206e+00
820 821 5.5920e+00 5.0174e+00 5.5584e+00 6.2206e+00
