# parameters
version_bit_string:13816762181795971082,seed:5489,burn_in:100000,num_iter:1000000,stats_thin:1000,block_penalty:50,prior_rate_mean:1,window_size:50,partition_length:4001,overlap_length:200,pade_resolution:10,pade_max:1000,max_lk_start:0.001,max_lk_resolution:0.001,num_snps:1091,num_snp_partitions:1,num_samps:1000
# left_snp right_snp mean p0.025 p0.500 p0.975
0 1 6.0683e+00 6.0013e+00 6.0271e+00 6.5144e+00
1 2 6.0683e+00 6.0013e+00 6.0271e+00 6.5144e+00
2 3 6.0683e+00 6.0013e+00 6.0271e+00 6.5144e+00
3 4 6.0683e+00 6.0013e+00 6.0271e+00 6.5144e+00
4 5 6.0683e+00 6.0013e+00 6.0271e+00 6.5144e+00
5 6 6.0683e+00 6.0013e+00 6.0271e+00 6.5144e+00
6 7 6.0683e+00 6.0013e+00 6.0271e+00 6.5144e+00
7 8 6.0683e+00 6.0013e+00 6.0271e+00 6.5144e+00
8 9 6.0683e+00 6.0013e+00 6.0271e+00 6.5144e+00
9 10 6.0683e+00 6.0013e+00 6.0271e+00 6.5144e+00
10 11 6.0683e+00 6.0013e+00 6.0271e+00 6.5144e+00
11 12 6.0683e+00 6.0013e+00 6.0271e+00 6.5144e+00
12 13 6.0683e+00 6.0013e+00 6.0271e+00 6.5144e+00
13 14 6.0683e+00 6.0013e+00 6.0271e+00 6.5144e+00
14 15 6.0683e+00 6.0013e+00 6.0271e+00 6.5144e+00
15 16 6.0683e+00 6.0013e+00 6.0271e+00 6.5144e+00
16 17 6.0683e+00 6.0013e+00 6.0271e+00 6.5144e+00
17 18 6.0683e+00 6.0013e+00 6.0271e+00 6.5144e+00
18 19 6.0683e+00 6.0013e+00 6.0271e+00 6.5144e+00
19 20 6.0683e+00 6.0013e+00 6.0271e+00 6.5144e+00
20 21 6.0683e+00 6.0013e+00 6.0271e+00 6.5144e+00
21 22 6.0683e+00 6.0013e+00 6.0271e+00 6.5144e+00
22 23 6.0683e+00 6.0013e+00 6.0271e+00 6.5144e+00
23 24 6.0683e+00 6.0013e+00 6.0271e+00 6.5144e+00
24 25 6.0683e+00 6.0013e+00 6.0271e+00 6.5144e+00
25 26 6.0683e+00 6.0013e+00 6.0271e+00 6.5144e+00
26 27 6.0683e+00 6.0013e+00 6.0271e+00 6.5144e+00
27 28 6.0683e+00 6.0013e+00 6.0271e+00 6.5144e+00
28 29 6.0683e+00 6.0013e+00 6.0271e+00 6.5144e+00
29 30 6.0683e+00 6.0013e+00 6.0271e+00 6.5144e+00
30 31 6.0683e+00 6.0013e+00 6.0271e+00 6.5144e+00
31 32 6.0683e+00 6.0013e+00 6.0271e+00 6.5144e+00
32 33 6.0683e+00 6.0013e+00 6.0271e+00 6.5144e+00
33 34 6.0683e+00 6.0013e+00 6.0271e+00 6.5144e+00
34 35 6.0683e+00 6.0013e+00 6.0271e+00 6.5144e+00
35 36 6.0683e+00 6.0013e+00 6.0271e+00 6.5144e+00
36 37 6.0683e+00 6.0013e+00 6.0271e+00 6.5144e+00
37 38 6.0683e+00 6.0013e+00 6.0271e+00 6.5144e+00
38 39 6.0683e+00 6.0013e+00 6.0271e+00 6.5144e+00
39 40 6.0683e+00 6.0013e+00 6.0271e+00 6.5144e+00
40 41 6.0683e+00 6.0013e+00 6.0271e+00 6.5144e+00
41 42 6.0683e+00 6.0013e+00 6.0271e+00 6.5144e+00
42 43 6.0683e+00 6.0013e+00 6.0271e+00 6.5144e+00
43 44 6.0683e+00 6.0013e+00 6.0271e+00 6.5144e+00
44 45 6.0683e+00 6.0013e+00 6.0271e+00 6.5144e+00
45 46 6.0683e+00 6.0013e+00 6.0271e+00 6.5144e+00
46 47 6.0683e+00 6.0013e+00 6.0271e+00 6.5144e+00
47 48 6.0683e+00 6.0013e+00 6.0271e+00 6.5144e+00
48 49 6.0683e+00 6.0013e+00 6.0271e+00 6.5144e+00
49 50 6.0683e+00 6.0013e+00 6.0271e+00 6.5144e+00
50 51 6.0683e+00 6.0013e+00 6.0271e+00 6.5144e+00
51 52 6.0683e+00 6.0013e+00 6.0271e+00 6.5144e+00
52 53 6.0683e+00 6.0013e+00 6.0271e+00 6.5144e+00
53 54 6.0683e+00 6.0013e+00 6.0271e+00 6.5144e+00
54 55 6.0683e+00 6.0013e+00 6.0271e+00 6.5144e+00
55 56 6.0683e+00 6.0013e+00 6.0271e+00 6.5144e+00
56 57 6.0683e+00 6.0013e+00 6.0271e+00 6.5144e+00
57 58 6.0683e+00 6.0013e+00 6.0271e+00 6.5144e+00
58 59 6.0683e+00 6.0013e+00 6.0271e+00 6.5144e+00
59 60 6.0683e+00 6.0013e+00 6.0271e+00 6.5144e+00
60 62 6.0683e+00 6.0013e+00 6.0271e+00 6.5144e+00
62 63 6.0683e+00 6.0013e+00 6.0271e+00 6.5144e+00
63 64 6.0683e+00 6.0013e+00 6.0271e+00 6.5144e+00
64 65 6.0683e+00 6.0013e+00 6.0271e+00 6.5144e+00
65 66 6.0683e+00 6.0013e+00 6.0271e+00 6.5144e+00
66 67 6.0683e+00 6.0013e+00 6.0271e+00 6.5144e+00
67 68 6.0683e+00 6.0013e+00 6.0271e+00 6.5144e+00
68 69 6.0683e+00 6.0013e+00 6.0271e+00 6.5144e+00
69 70 6.0683e+00 6.0013e+00 6.0271e+00 6.5144e+00
70 71 6.0683e+00 6.0013e+00 6.0271e+00 6.5144e+00
71 72 6.0683e+00 6.0013e+00 6.0271e+00 6.5144e+00
72 73 6.0683e+00 6.0013e+00 6.0271e+00 6.5144e+00
73 74 6.0683e+00 6.0013e+00 6.0271e+00 6.5144e+00
74 75 6.0683e+00 6.0013e+00 6.0271e+00 6.5144e+00
75 76 6.0683e+00 6.0013e+00 6.0271e+00 6.5144e+00
76 77 6.0683e+00 6.0013e+00 6.0271e+00 6.5144e+00
77 78 6.0683e+00 6.0013e+00 6.0271e+00 6.5144e+00
78 79 6.0683e+00 6.0013e+00 6.0271e+00 6.5144e+00
79 80 6.0683e+00 6.0013e+00 6.0271e+00 6.5144e+00
80 81 6.0683e+00 6.0013e+00 6.0271e+00 6.5144e+00
81 82 6.0683e+00 6.0013e+00 6.0271e+00 6.5144e+00
82 83 6.0683e+00 6.0013e+00 6.0271e+00 6.5144e+00
83 84 6.0683e+00 6.0013e+00 6.0271e+00 6.5144e+00
84 85 6.0683e+00 6.0013e+00 6.0271e+00 6.5144e+00
85 86 6.0683e+00 6.0013e+00 6.0271e+00 6.5144e+00
86 87 6.0683e+00 6.0013e+00 6.0271e+00 6.5144e+00
87 88 6.0683e+00 6.0013e+00 6.0271e+00 6.5144e+00
88 89 6.0683e+00 6.0013e+00 6.0271e+00 6.5144e+00
89 90 6.0683e+00 6.0013e+00 6.0271e+00 6.5144e+00
90 92 6.0683e+00 6.0013e+00 6.0271e+00 6.5144e+00
92 93 6.0683e+00 6.0013e+00 6.0271e+00 6.5144e+00
93 94 6.0683e+00 6.0013e+00 6.0271e+00 6.5144e+00
94 95 6.0683e+00 6.0013e+00 6.0271e+00 6.5144e+00
95 96 6.0683e+00 6.0013e+00 6.0271e+00 6.5144e+00
96 97 6.0683e+00 6.0013e+00 6.0271e+00 6.5144e+00
97 98 6.0683e+00 6.0013e+00 6.0271e+00 6.5144e+00
98 99 6.0683e+00 6.0013e+00 6.0271e+00 6.5144e+00
99 100 6.0683e+00 6.0013e+00 6.0271e+00 6.5144e+00
100 101 6.0683e+00 6.0013e+00 6.0271e+00 6.5144e+00
101 102 6.0683e+00 6.0013e+00 6.0271e+00 6.5144e+00
102 103 6.0683e+00 6.0013e+00 6.0271e+00 6.5144e+00
103 104 6.0683e+00 6.0013e+00 6.0271e+00 6.5144e+00
104 105 6.0683e+00 6.0013e+00 6.0271e+00 6.5144e+00
105 106 6.0683e+00 6.0013e+00 6.0271e+00 6.5144e+00
106 107 6.0683e+00 6.0013e+00 6.0271e+00 6.5144e+00
107 108 6.0683e+00 6.0013e+00 6.0271e+00 6.5144e+00
108 109 6.0683e+00 6.0013e+00 6.0271e+00 6.5144e+00
109 110 6.0683e+00 6.0013e+00 6.0271e+00 6.5144e+00
110 111 6.0683e+00 6.0013e+00 6.0271e+00 6.5144e+00
111 112 6.0683e+00 6.0013e+00 6.0271e+00 6.5144e+00
112 113 6.0683e+00 6.0013e+00 6.0271e+00 6.5144e+00
113 114 6.0683e+00 6.0013e+00 6.0271e+00 6.5144e+00
114 115 6.0683e+00 6.0013e+00 6.0271e+00 6.5144e+00
115 116 6.0683e+00 6.0013e+00 6.0271e+00 6.5144e+00
116 117 6.0683e+00 6.0013e+00 6.0271e+00 6.5144e+00
117 118 6.0683e+00 6.0013e+00 6.0271e+00 6.5144e+00
118 119 6.0683e+00 6.0013e+00 6.0271e+00 6.5144e+00
119 120 6.0683e+00 6.0013e+00 6.0271e+00 6.5144e+00
120 121 6.0683e+00 6.0013e+00 6.0271e+00 6.5144e+00
121 122 6.0683e+00 6.0013e+00 6.0271e+00 6.5144e+00
122 123 6.0683e+00 6.0013e+00 6.0271e+00 6.5144e+00
123 124 6.0683e+00 6.0013e+00 6.0271e+00 6.5144e+00
124 125 6.0683e+00 6.0013e+00 6.0271e+00 6.5144e+00
125 126 6.0683e+00 6.0013e+00 6.0271e+00 6.5144e+00
126 127 6.0683e+00 6.0013e+00 6.0271e+00 6.5144e+00
127 128 6.0683e+00 6.0013e+00 6.0271e+00 6.5144e+00
128 129 6.0683e+00 6.0013e+00 6.0271e+00 6.5144e+00
129 130 6.0683e+00 6.0013e+00 6.0271e+00 6.5144e+00
130 131 6.0683e+00 6.0013e+00 6.0271e+00 6.5144e+00
131 132 6.0683e+00 6.0013e+00 6.0271e+00 6.5144e+00
132 133 6.0683e+00 6.0013e+00 6.0271e+00 6.5144e+00
133 134 6.0683e+00 6.0013e+00 6.0271e+00 6.5144e+00
134 135 6.0683e+00 6.0013e+00 6.0271e+00 6.5144e+00
135 136 6.0683e+00 6.0013e+00 6.0271e+00 6.5144e+00
136 137 6.0683e+00 6.0013e+00 6.0271e+00 6.5144e+00
137 138 6.0683e+00 6.0013e+00 6.0271e+00 6.5144e+00
138 139 6.0683e+00 6.0013e+00 6.0271e+00 6.5144e+00
139 140 6.0683e+00 6.0013e+00 6.0271e+00 6.5144e+00
140 141 6.0683e+00 6.0013e+00 6.0271e+00 6.5144e+00
141 142 6.0683e+00 6.0013e+00 6.0271e+00 6.5144e+00
142 143 6.0683e+00 6.0013e+00 6.0271e+00 6.5144e+00
143 144 6.0683e+00 6.0013e+00 6.0271e+00 6.5144e+00
144 145 6.0683e+00 6.0013e+00 6.0271e+00 6.5144e+00
145 146 6.0683e+00 6.0013e+00 6.0271e+00 6.5144e+00
146 147 6.0683e+00 6.0013e+00 6.0271e+00 6.5144e+00
147 148 6.0683e+00 6.0013e+00 6.0271e+00 6.5144e+00
148 150 6.0683e+00 6.0013e+00 6.0271e+00 6.5144e+00
150 151 6.0683e+00 6.0013e+00 6.0271e+00 6.5144e+00
151 152 6.0683e+00 6.0013e+00 6.0271e+00 6.5144e+00
152 153 6.0683e+00 6.0013e+00 6.0271e+00 6.5144e+00
153 154 6.0683e+00 6.0013e+00 6.0271e+00 6.5144e+00
154 155 6.0683e+00 6.0013e+00 6.0271e+00 6.5144e+00
155 156 6.0683e+00 6.0013e+00 6.0271e+00 6.5144e+00
156 157 6.0683e+00 6.0013e+00 6.0271e+00 6.5144e+00
157 158 6.0683e+00 6.0013e+00 6.0271e+00 6.5144e+00
158 159 6.0683e+00 6.0013e+00 6.0271e+00 6.5144e+00
159 160 6.0683e+00 6.0013e+00 6.0271e+00 6.5144e+00
160 161 6.0683e+00 6.0013e+00 6.0271e+00 6.5144e+00
161 162 6.0683e+00 6.0013e+00 6.0271e+00 6.5144e+00
162 163 6.0683e+00 6.0013e+00 6.0271e+00 6.5144e+00
163 164 6.0683e+00 6.0013e+00 6.0271e+00 6.5144e+00
164 165 6.0683e+00 6.0013e+00 6.0271e+00 6.5144e+00
165 166 6.0683e+00 6.0013e+00 6.0271e+00 6.5144e+00
166 167 6.0683e+00 6.0013e+00 6.0271e+00 6.5144e+00
167 168 6.0683e+00 6.0013e+00 6.0271e+00 6.5144e+00
168 169 6.0683e+00 6.0013e+00 6.0271e+00 6.5144e+00
169 170 6.0683e+00 6.0013e+00 6.0271e+00 6.5144e+00
170 171 6.0683e+00 6.0013e+00 6.0271e+00 6.5144e+00
171 172 6.0683e+00 6.0013e+00 6.0271e+00 6.5144e+00
172 173 6.0683e+00 6.0013e+00 6.0271e+00 6.5144e+00
173 174 6.0683e+00 6.0013e+00 6.0271e+00 6.5144e+00
174 175 6.0683e+00 6.0013e+00 6.0271e+00 6.5144e+00
175 176 6.0683e+00 6.0013e+00 6.0271e+00 6.5144e+00
176 177 6.0683e+00 6.0013e+00 6.0271e+00 6.5144e+00
177 178 6.0683e+00 6.0013e+00 6.0271e+00 6.5144e+00
178 179 6.0683e+00 6.0013e+00 6.0271e+00 6.5144e+00
179 180 6.0683e+00 6.0013e+00 6.0271e+00 6.5144e+00
180 181 6.0683e+00 6.0013e+00 6.0271e+00 6.5144e+00
181 183 6.0683e+00 6.0013e+00 6.0271e+00 6.5144e+00
183 184 6.0683e+00 6.0013e+00 6.0271e+00 6.5144e+00
184 185 6.0683e+00 6.0013e+00 6.0271e+00 6.5144e+00
185 186 6.0683e+00 6.0013e+00 6.0271e+00 6.5144e+00
186 187 6.0683e+00 6.0013e+00 6.0271e+00 6.5144e+00
187 188 6.0683e+00 6.0013e+00 6.0271e+00 6.5144e+00
188 189 6.0683e+00 6.0013e+00 6.0271e+00 6.5144e+00
189 190 6.0683e+00 6.0013e+00 6.0271e+00 6.5144e+00
190 191 6.0683e+00 6.0013e+00 6.0271e+00 6.5144e+00
191 192 6.0683e+00 6.0013e+00 6.0271e+00 6.5144e+00
192 193 6.0683e+00 6.0013e+00 6.0271e+00 6.5144e+00
193 194 6.0683e+00 6.0013e+00 6.0271e+00 6.5144e+00
194 195 6.0683e+00 6.0013e+00 6.0271e+00 6.5144e+00
195 196 6.0683e+00 6.0013e+00 6.0271e+00 6.5144e+00
196 197 6.0683e+00 6.0013e+00 6.0271e+00 6.5144e+00
197 198 6.0683e+00 6.0013e+00 6.0271e+00 6.5144e+00
198 199 6.0683e+00 6.0013e+00 6.0271e+00 6.5144e+00
199 200 6.0683e+00 6.0013e+00 6.0271e+00 6.5144e+00
200 201 6.0683e+00 6.0013e+00 6.0271e+00 6.5144e+00
201 202 6.0683e+00 6.0013e+00 6.0271e+00 6.5144e+00
202 203 6.0683e+00 6.0013e+00 6.0271e+00 6.5144e+00
203 204 6.0683e+00 6.0013e+00 6.0271e+00 6.5144e+00
204 205 6.0683e+00 6.0013e+00 6.0271e+00 6.5144e+00
205 206 6.0683e+00 6.0013e+00 6.0271e+00 6.5144e+00
206 207 6.0683e+00 6.0013e+00 6.0271e+00 6.5144e+00
207 208 6.0683e+00 6.0013e+00 6.0271e+00 6.5144e+00
208 209 6.0683e+00 6.0013e+00 6.0271e+00 6.5144e+00
209 210 6.0683e+00 6.0013e+00 6.0271e+00 6.5144e+00
210 212 6.0683e+00 6.0013e+00 6.0271e+00 6.5144e+00
212 213 6.0683e+00 6.0013e+00 6.0271e+00 6.5144e+00
213 214 6.0683e+00 6.0013e+00 6.0271e+00 6.5144e+00
214 215 6.0683e+00 6.0013e+00 6.0271e+00 6.5144e+00
215 216 6.0683e+00 6.0013e+00 6.0271e+00 6.5144e+00
216 217 6.0683e+00 6.0013e+00 6.0271e+00 6.5144e+00
217 218 6.0683e+00 6.0013e+00 6.0271e+00 6.5144e+00
218 219 6.0683e+00 6.0013e+00 6.0271e+00 6.5144e+00
219 220 6.0683e+00 6.0013e+00 6.0271e+00 6.5144e+00
220 221 6.0683e+00 6.0013e+00 6.0271e+00 6.5144e+00
221 222 6.0683e+00 6.0013e+00 6.0271e+00 6.5144e+00
222 224 6.0683e+00 6.0013e+00 6.0271e+00 6.5144e+00
224 226 6.0683e+00 6.0013e+00 6.0271e+00 6.5144e+00
226 227 6.0683e+00 6.0013e+00 6.0271e+00 6.5144e+00
227 228 6.0683e+00 6.0013e+00 6.0271e+00 6.5144e+00
228 229 6.0683e+00 6.0013e+00 6.0271e+00 6.5144e+00
229 230 6.0683e+00 6.0013e+00 6.0271e+00 6.5144e+00
230 231 6.0683e+00 6.0013e+00 6.0271e+00 6.5144e+00
231 232 6.0683e+00 6.0013e+00 6.0271e+00 6.5144e+00
232 233 6.0683e+00 6.0013e+00 6.0271e+00 6.5144e+00
233 234 6.0683e+00 6.0013e+00 6.0271e+00 6.5144e+00
234 235 6.0683e+00 6.0013e+00 6.0271e+00 6.5144e+00
235 236 6.0683e+00 6.0013e+00 6.0271e+00 6.5144e+00
236 237 6.0683e+00 6.0013e+00 6.0271e+00 6.5144e+00
237 238 6.0683e+00 6.0013e+00 6.0271e+00 6.5144e+00
238 239 6.0683e+00 6.0013e+00 6.0271e+00 6.5144e+00
239 241 6.0683e+00 6.0013e+00 6.0271e+00 6.5144e+00
241 242 6.0683e+00 6.0013e+00 6.0271e+00 6.5144e+00
242 243 6.0683e+00 6.0013e+00 6.0271e+00 6.5144e+00
243 244 6.0683e+00 6.0013e+00 6.0271e+00 6.5144e+00
244 245 6.0683e+00 6.0013e+00 6.0271e+00 6.5144e+00
245 246 6.0683e+00 6.0013e+00 6.0271e+00 6.5144e+00
246 247 6.0683e+00 6.0013e+00 6.0271e+00 6.5144e+00
247 248 6.0683e+00 6.0013e+00 6.0271e+00 6.5144e+00
248 249 6.0683e+00 6.0013e+00 6.0271e+00 6.5144e+00
249 250 6.0683e+00 6.0013e+00 6.0271e+00 6.5144e+00
250 251 6.0683e+00 6.0013e+00 6.0271e+00 6.5144e+00
251 252 6.0683e+00 6.0013e+00 6.0271e+00 6.5144e+00
252 253 6.0683e+00 6.0013e+00 6.0271e+00 6.5144e+00
253 254 6.0683e+00 6.0013e+00 6.0271e+00 6.5144e+00
254 255 6.0683e+00 6.0013e+00 6.0271e+00 6.5144e+00
255 256 6.0683e+00 6.0013e+00 6.0271e+00 6.5144e+00
256 257 6.0683e+00 6.0013e+00 6.0271e+00 6.5144e+00
257 258 6.0683e+00 6.0013e+00 6.0271e+00 6.5144e+00
258 259 6.0683e+00 6.0013e+00 6.0271e+00 6.5144e+00
259 260 6.0683e+00 6.0013e+00 6.0271e+00 6.5144e+00
260 261 6.0683e+00 6.0013e+00 6.0271e+00 6.5144e+00
261 262 6.0683e+00 6.0013e+00 6.0271e+00 6.5144e+00
262 263 6.0683e+00 6.0013e+00 6.0271e+00 6.5144e+00
263 264 6.0683e+00 6.0013e+00 6.0271e+00 6.5144e+00
264 265 6.0683e+00 6.0013e+00 6.0271e+00 6.5144e+00
265 266 6.0683e+00 6.0013e+00 6.0271e+00 6.5144e+00
266 267 6.0683e+00 6.0013e+00 6.0271e+00 6.5144e+00
267 268 6.0683e+00 6.0013e+00 6.0271e+00 6.5144e+00
268 269 6.0683e+00 6.0013e+00 6.0271e+00 6.5144e+00
269 270 6.0683e+00 6.0013e+00 6.0271e+00 6.5144e+00
270 271 6.0683e+00 6.0013e+00 6.0271e+00 6.5144e+00
271 272 6.0683e+00 6.0013e+00 6.0271e+00 6.5144e+00
272 273 6.0683e+00 6.0013e+00 6.0271e+00 6.5144e+00
273 274 6.0683e+00 6.0013e+00 6.0271e+00 6.5144e+00
274 275 6.0683e+00 6.0013e+00 6.0271e+00 6.5144e+00
275 276 6.0683e+00 6.0013e+00 6.0271e+00 6.5144e+00
276 277 6.0683e+00 6.0013e+00 6.0271e+00 6.5144e+00
277 278 6.0683e+00 6.0013e+00 6.0271e+00 6.5144e+00
278 279 6.0683e+00 6.0013e+00 6.0271e+00 6.5144e+00
279 280 6.0683e+00 6.0013e+00 6.0271e+00 6.5144e+00
280 281 6.0683e+00 6.0013e+00 6.0271e+00 6.5144e+00
281 282 6.0683e+00 6.0013e+00 6.0271e+00 6.5144e+00
282 283 6.0683e+00 6.0013e+00 6.0271e+00 6.5144e+00
283 284 6.0683e+00 6.0013e+00 6.0271e+00 6.5144e+00
284 285 6.0683e+00 6.0013e+00 6.0271e+00 6.5144e+00
285 286 6.0683e+00 6.0013e+00 6.0271e+00 6.5144e+00
286 287 6.0683e+00 6.0013e+00 6.0271e+00 6.5144e+00
287 288 6.0683e+00 6.0013e+00 6.0271e+00 6.5144e+00
288 289 6.0683e+00 6.0013e+00 6.0271e+00 6.5144e+00
289 290 6.0683e+00 6.0013e+00 6.0271e+00 6.5144e+00
290 291 6.0683e+00 6.0013e+00 6.0271e+00 6.5144e+00
291 292 6.0683e+00 6.0013e+00 6.0271e+00 6.5144e+00
292 293 6.0683e+00 6.0013e+00 6.0271e+00 6.5144e+00
293 294 6.0683e+00 6.0013e+00 6.0271e+00 6.5144e+00
294 295 6.0683e+00 6.0013e+00 6.0271e+00 6.5144e+00
295 297 6.0683e+00 6.0013e+00 6.0271e+00 6.5144e+00
297 298 6.0683e+00 6.0013e+00 6.0271e+00 6.5144e+00
298 299 6.0683e+00 6.0013e+00 6.0271e+00 6.5144e+00
299 300 6.0683e+00 6.0013e+00 6.0271e+00 6.5144e+00
300 301 6.0683e+00 6.0013e+00 6.0271e+00 6.5144e+00
301 302 6.0683e+00 6.0013e+00 6.0271e+00 6.5144e+00
302 303 6.0683e+00 6.0013e+00 6.0271e+00 6.5144e+00
303 304 6.0683e+00 6.0013e+00 6.0271e+00 6.5144e+00
304 305 6.0683e+00 6.0013e+00 6.0271e+00 6.5144e+00
305 306 6.0683e+00 6.0013e+00 6.0271e+00 6.5144e+00
306 307 6.0683e+00 6.0013e+00 6.0271e+00 6.5144e+00
307 308 6.0683e+00 6.0013e+00 6.0271e+00 6.5144e+00
308 309 6.0683e+00 6.0013e+00 6.0271e+00 6.5144e+00
309 310 6.0683e+00 6.0013e+00 6.0271e+00 6.5144e+00
310 311 6.0683e+00 6.0013e+00 6.0271e+00 6.5144e+00
311 312 6.0683e+00 6.0013e+00 6.0271e+00 6.5144e+00
312 313 6.0683e+00 6.0013e+00 6.0271e+00 6.5144e+00
313 314 6.0683e+00 6.0013e+00 6.0271e+00 6.5144e+00
314 315 6.0683e+00 6.0013e+00 6.0271e+00 6.5144e+00
315 316 6.0683e+00 6.0013e+00 6.0271e+00 6.5144e+00
316 317 6.0683e+00 6.0013e+00 6.0271e+00 6.5144e+00
317 318 6.0683e+00 6.0013e+00 6.0271e+00 6.5144e+00
318 319 6.0683e+00 6.0013e+00 6.0271e+00 6.5144e+00
319 320 6.0683e+00 6.0013e+00 6.0271e+00 6.5144e+00
320 321 6.0683e+00 6.0013e+00 6.0271e+00 6.5144e+00
321 322 6.0683e+00 6.0013e+00 6.0271e+00 6.5144e+00
322 323 6.0683e+00 6.0013e+00 6.0271e+00 6.5144e+00
323 325 6.0683e+00 6.0013e+00 6.0271e+00 6.5144e+00
325 326 6.0683e+00 6.0013e+00 6.0271e+00 6.5144e+00
326 327 6.0683e+00 6.0013e+00 6.0271e+00 6.5144e+00
327 328 6.0683e+00 6.0013e+00 6.0271e+00 6.5144e+00
328 330 6.0683e+00 6.0013e+00 6.0271e+00 6.5144e+00
330 331 6.0683e+00 6.0013e+00 6.0271e+00 6.5144e+00
331 332 6.0683e+00 6.0013e+00 6.0271e+00 6.5144e+00
332 334 6.0683e+00 6.0013e+00 6.0271e+00 6.5144e+00
334 335 6.0683e+00 6.0013e+00 6.0271e+00 6.5144e+00
335 336 6.0683e+00 6.0013e+00 6.0271e+00 6.5144e+00
336 338 6.0683e+00 6.0013e+00 6.0271e+00 6.5144e+00
338 339 6.0683e+00 6.0013e+00 6.0271e+00 6.5144e+00
339 340 6.0683e+00 6.0013e+00 6.0271e+00 6.5144e+00
340 341 6.0683e+00 6.0013e+00 6.0271e+00 6.5144e+00
341 342 6.0683e+00 6.0013e+00 6.0271e+00 6.5144e+00
342 343 6.0683e+00 6.0013e+00 6.0271e+00 6.5144e+00
343 344 6.0683e+00 6.0013e+00 6.0271e+00 6.5144e+00
344 345 6.0683e+00 6.0013e+00 6.0271e+00 6.5144e+00
345 346 6.0683e+00 6.0013e+00 6.0271e+00 6.5144e+00
346 347 6.0683e+00 6.0013e+00 6.0271e+00 6.5144e+00
347 348 6.0683e+00 6.0013e+00 6.0271e+00 6.5144e+00
348 349 6.0683e+00 6.0013e+00 6.0271e+00 6.5144e+00
349 350 6.0683e+00 6.0013e+00 6.0271e+00 6.5144e+00
350 351 6.0683e+00 6.0013e+00 6.0271e+00 6.5144e+00
351 352 6.0683e+00 6.0013e+00 6.0271e+00 6.5144e+00
352 353 6.0683e+00 6.0013e+00 6.0271e+00 6.5144e+00
353 354 6.0683e+00 6.0013e+00 6.0271e+00 6.5144e+00
354 355 6.0683e+00 6.0013e+00 6.0271e+00 6.5144e+00
355 356 6.0683e+00 6.0013e+00 6.0271e+00 6.5144e+00
356 357 6.0683e+00 6.0013e+00 6.0271e+00 6.5144e+00
357 358 6.0683e+00 6.0013e+00 6.0271e+00 6.5144e+00
358 359 6.0683e+00 6.0013e+00 6.0271e+00 6.5144e+00
359 360 6.0683e+00 6.0013e+00 6.0271e+00 6.5144e+00
360 361 6.0683e+00 6.0013e+00 6.0271e+00 6.5144e+00
361 362 6.0683e+00 6.0013e+00 6.0271e+00 6.5144e+00
362 363 6.0683e+00 6.0013e+00 6.0271e+00 6.5144e+00
363 364 6.0683e+00 6.0013e+00 6.0271e+00 6.5144e+00
364 365 6.0683e+00 6.0013e+00 6.0271e+00 6.5144e+00
365 366 6.0683e+00 6.0013e+00 6.0271e+00 6.5144e+00
366 367 6.0683e+00 6.0013e+00 6.0271e+00 6.5144e+00
367 368 6.0683e+00 6.0013e+00 6.0271e+00 6.5144e+00
368 369 6.0683e+00 6.0013e+00 6.0271e+00 6.5144e+00
369 370 6.0683e+00 6.0013e+00 6.0271e+00 6.5144e+00
370 371 6.0683e+00 6.0013e+00 6.0271e+00 6.5144e+00
371 372 6.0683e+00 6.0013e+00 6.0271e+00 6.5144e+00
372 373 6.0683e+00 6.0013e+00 6.0271e+00 6.5144e+00
373 374 6.0683e+00 6.0013e+00 6.0271e+00 6.5144e+00
374 375 6.0683e+00 6.0013e+00 6.0271e+00 6.5144e+00
375 376 6.0683e+00 6.0013e+00 6.0271e+00 6.5144e+00
376 377 6.0683e+00 6.0013e+00 6.0271e+00 6.5144e+00
377 378 6.0683e+00 6.0013e+00 6.0271e+00 6.5144e+00
378 379 6.0683e+00 6.0013e+00 6.0271e+00 6.5144e+00
379 380 6.0683e+00 6.0013e+00 6.0271e+00 6.5144e+00
380 381 6.0683e+00 6.0013e+00 6.0271e+00 6.5144e+00
381 382 6.0683e+00 6.0013e+00 6.0271e+00 6.5144e+00
382 383 6.0683e+00 6.0013e+00 6.0271e+00 6.5144e+00
383 384 6.0683e+00 6.0013e+00 6.0271e+00 6.5144e+00
384 385 6.0683e+00 6.0013e+00 6.0271e+00 6.5144e+00
385 386 6.0683e+00 6.0013e+00 6.0271e+00 6.5144e+00
386 387 6.0683e+00 6.0013e+00 6.0271e+00 6.5144e+00
387 388 6.0683e+00 6.0013e+00 6.0271e+00 6.5144e+00
388 389 6.0683e+00 6.0013e+00 6.0271e+00 6.5144e+00
389 390 6.0683e+00 6.0013e+00 6.0271e+00 6.5144e+00
390 391 6.0683e+00 6.0013e+00 6.0271e+00 6.5144e+00
391 392 6.0683e+00 6.0013e+00 6.0271e+00 6.5144e+00
392 393 6.0683e+00 6.0013e+00 6.0271e+00 6.5144e+00
393 394 6.0683e+00 6.0013e+00 6.0271e+00 6.5144e+00
394 395 6.0683e+00 6.0013e+00 6.0271e+00 6.5144e+00
395 396 6.0683e+00 6.0013e+00 6.0271e+00 6.5144e+00
396 397 6.0683e+00 6.0013e+00 6.0271e+00 6.5144e+00
397 398 6.0683e+00 6.0013e+00 6.0271e+00 6.5144e+00
398 399 6.0683e+00 6.0013e+00 6.0271e+00 6.5144e+00
399 400 6.0683e+00 6.0013e+00 6.0271e+00 6.5144e+00
400 401 6.0683e+00 6.0013e+00 6.0271e+00 6.5144e+00
401 402 6.0683e+00 6.0013e+00 6.0271e+00 6.5144e+00
402 403 6.0683e+00 6.0013e+00 6.0271e+00 6.5144e+00
403 404 6.0683e+00 6.0013e+00 6.0271e+00 6.5144e+00
404 405 6.0683e+00 6.0013e+00 6.0271e+00 6.5144e+00
405 406 6.0683e+00 6.0013e+00 6.0271e+00 6.5144e+00
406 407 6.0683e+00 6.0013e+00 6.0271e+00 6.5144e+00
407 408 6.0683e+00 6.0013e+00 6.0271e+00 6.5144e+00
408 409 6.0683e+00 6.0013e+00 6.0271e+00 6.5144e+00
409 410 6.0683e+00 6.0013e+00 6.0271e+00 6.5144e+00
410 411 6.0683e+00 6.0013e+00 6.0271e+00 6.5144e+00
411 412 6.0683e+00 6.0013e+00 6.0271e+00 6.5144e+00
412 413 6.0683e+00 6.0013e+00 6.0271e+00 6.5144e+00
413 414 6.0683e+00 6.0013e+00 6.0271e+00 6.5144e+00
414 415 6.0683e+00 6.0013e+00 6.0271e+00 6.5144e+00
415 416 6.0683e+00 6.0013e+00 6.0271e+00 6.5144e+00
416 417 6.0683e+00 6.0013e+00 6.0271e+00 6.5144e+00
417 418 6.0683e+00 6.0013e+00 6.0271e+00 6.5144e+00
418 419 6.0683e+00 6.0013e+00 6.0271e+00 6.5144e+00
419 420 6.0683e+00 6.0013e+00 6.0271e+00 6.5144e+00
420 421 6.0683e+00 6.0013e+00 6.0271e+00 6.5144e+00
421 422 6.0683e+00 6.0013e+00 6.0271e+00 6.5144e+00
422 423 6.0683e+00 6.0013e+00 6.0271e+00 6.5144e+00
423 424 6.0683e+00 6.0013e+00 6.0271e+00 6.5144e+00
424 425 6.0683e+00 6.0013e+00 6.0271e+00 6.5144e+00
425 426 6.0683e+00 6.0013e+00 6.0271e+00 6.5144e+00
426 427 6.0683e+00 6.0013e+00 6.0271e+00 6.5144e+00
427 428 6.0683e+00 6.0013e+00 6.0271e+00 6.5144e+00
428 429 6.0683e+00 6.0013e+00 6.0271e+00 6.5144e+00
429 430 6.0683e+00 6.0013e+00 6.0271e+00 6.5144e+00
430 431 6.0683e+00 6.0013e+00 6.0271e+00 6.5144e+00
431 432 6.0683e+00 6.0013e+00 6.0271e+00 6.5144e+00
432 433 6.0683e+00 6.0013e+00 6.0271e+00 6.5144e+00
433 434 6.0683e+00 6.0013e+00 6.0271e+00 6.5144e+00
434 435 6.0683e+00 6.0013e+00 6.0271e+00 6.5144e+00
435 436 6.0683e+00 6.0013e+00 6.0271e+00 6.5144e+00
436 437 6.0683e+00 6.0013e+00 6.0271e+00 6.5144e+00
437 438 6.0683e+00 6.0013e+00 6.0271e+00 6.5144e+00
438 439 6.0683e+00 6.0013e+00 6.0271e+00 6.5144e+00
439 440 6.0683e+00 6.0013e+00 6.0271e+00 6.5144e+00
440 441 6.0683e+00 6.0013e+00 6.0271e+00 6.5144e+00
441 442 6.0683e+00 6.0013e+00 6.0271e+00 6.5144e+00
442 443 6.0683e+00 6.0013e+00 6.0271e+00 6.5144e+00
443 444 6.0683e+00 6.0013e+00 6.0271e+00 6.5144e+00
444 445 6.0683e+00 6.0013e+00 6.0271e+00 6.5144e+00
445 446 6.0683e+00 6.0013e+00 6.0271e+00 6.5144e+00
446 447 6.0683e+00 6.0013e+00 6.0271e+00 6.5144e+00
447 448 6.0683e+00 6.0013e+00 6.0271e+00 6.5144e+00
448 449 6.0683e+00 6.0013e+00 6.0271e+00 6.5144e+00
449 450 6.0683e+00 6.0013e+00 6.0271e+00 6.5144e+00
450 451 6.0683e+00 6.0013e+00 6.0271e+00 6.5144e+00
451 452 6.0683e+00 6.0013e+00 6.0271e+00 6.5144e+00
452 453 6.0683e+00 6.0013e+00 6.0271e+00 6.5144e+00
453 454 6.0683e+00 6.0013e+00 6.0271e+00 6.5144e+00
454 455 6.0683e+00 6.0013e+00 6.0271e+00 6.5144e+00
455 456 6.0683e+00 6.0013e+00 6.0271e+00 6.5144e+00
456 457 6.0683e+00 6.0013e+00 6.0271e+00 6.5144e+00
457 458 6.0683e+00 6.0013e+00 6.0271e+00 6.5144e+00
458 459 6.0683e+00 6.0013e+00 6.0271e+00 6.5144e+00
459 460 6.0683e+00 6.0013e+00 6.0271e+00 6.5144e+00
460 461 6.0683e+00 6.0013e+00 6.0271e+00 6.5144e+00
461 462 6.0683e+00 6.0013e+00 6.0271e+00 6.5144e+00
462 463 6.0683e+00 6.0013e+00 6.0271e+00 6.5144e+00
463 464 6.0683e+00 6.0013e+00 6.0271e+00 6.5144e+00
464 465 6.0683e+00 6.0013e+00 6.0271e+00 6.5144e+00
465 466 6.0683e+00 6.0013e+00 6.0271e+00 6.5144e+00
466 467 6.0683e+00 6.0013e+00 6.0271e+00 6.5144e+00
467 468 6.0683e+00 6.0013e+00 6.0271e+00 6.5144e+00
468 469 6.0683e+00 6.0013e+00 6.0271e+00 6.5144e+00
469 470 6.0683e+00 6.0013e+00 6.0271e+00 6.5144e+00
470 471 6.0683e+00 6.0013e+00 6.0271e+00 6.5144e+00
471 472 6.0683e+00 6.0013e+00 6.0271e+00 6.5144e+00
472 473 6.0683e+00 6.0013e+00 6.0271e+00 6.5144e+00
473 474 6.0683e+00 6.0013e+00 6.0271e+00 6.5144e+00
474 475 6.0683e+00 6.0013e+00 6.0271e+00 6.5144e+00
475 476 6.0683e+00 6.0013e+00 6.0271e+00 6.5144e+00
476 477 6.0683e+00 6.0013e+00 6.0271e+00 6.5144e+00
477 478 6.0683e+00 6.0013e+00 6.0271e+00 6.5144e+00
478 479 6.0683e+00 6.0013e+00 6.0271e+00 6.5144e+00
479 480 6.0683e+00 6.0013e+00 6.0271e+00 6.5144e+00
480 481 6.0683e+00 6.0013e+00 6.0271e+00 6.5144e+00
481 482 6.0683e+00 6.0013e+00 6.0271e+00 6.5144e+00
482 483 6.0683e+00 6.0013e+00 6.0271e+00 6.5144e+00
483 484 6.0683e+00 6.0013e+00 6.0271e+00 6.5144e+00
484 485 6.0683e+00 6.0013e+00 6.0271e+00 6.5144e+00
485 486 6.0683e+00 6.0013e+00 6.0271e+00 6.5144e+00
486 488 6.0683e+00 6.0013e+00 6.0271e+00 6.5144e+00
488 489 6.0683e+00 6.0013e+00 6.0271e+00 6.5144e+00
489 490 6.0683e+00 6.0013e+00 6.0271e+00 6.5144e+00
490 491 6.0683e+00 6.0013e+00 6.0271e+00 6.5144e+00
491 492 6.0683e+00 6.0013e+00 6.0271e+00 6.5144e+00
492 493 6.0683e+00 6.0013e+00 6.0271e+00 6.5144e+00
493 494 6.0683e+00 6.0013e+00 6.0271e+00 6.5144e+00
494 495 6.0683e+00 6.0013e+00 6.0271e+00 6.5144e+00
495 496 6.0683e+00 6.0013e+00 6.0271e+00 6.5144e+00
496 497 6.0683e+00 6.0013e+00 6.0271e+00 6.5144e+00
497 498 6.0683e+00 6.0013e+00 6.0271e+00 6.5144e+00
498 499 6.0683e+00 6.0013e+00 6.0271e+00 6.5144e+00
499 500 6.0683e+00 6.0013e+00 6.0271e+00 6.5144e+00
500 501 6.0683e+00 6.0013e+00 6.0271e+00 6.5144e+00
501 502 6.0683e+00 6.0013e+00 6.0271e+00 6.5144e+00
502 503 6.0683e+00 6.0013e+00 6.0271e+00 6.5144e+00
503 504 6.0683e+00 6.0013e+00 6.0271e+00 6.5144e+00
504 505 6.0683e+00 6.0013e+00 6.0271e+00 6.5144e+00
505 506 6.0683e+00 6.0013e+00 6.0271e+00 6.5144e+00
506 507 6.0683e+00 6.0013e+00 6.0271e+00 6.5144e+00
507 508 6.0683e+00 6.0013e+00 6.0271e+00 6.5144e+00
508 509 6.0683e+00 6.0013e+00 6.0271e+00 6.5144e+00
509 510 6.0683e+00 6.0013e+00 6.0271e+00 6.5144e+00
510 511 6.0683e+00 6.0013e+00 6.0271e+00 6.5144e+00
511 512 6.0683e+00 6.0013e+00 6.0271e+00 6.5144e+00
512 513 6.0683e+00 6.0013e+00 6.0271e+00 6.5144e+00
513 514 6.0683e+00 6.0013e+00 6.0271e+00 6.5144e+00
514 515 6.0683e+00 6.0013e+00 6.0271e+00 6.5144e+00
515 516 6.0683e+00 6.0013e+00 6.0271e+00 6.5144e+00
516 517 6.0683e+00 6.0013e+00 6.0271e+00 6.5144e+00
517 518 6.0683e+00 6.0013e+00 6.0271e+00 6.5144e+00
518 519 6.0683e+00 6.0013e+00 6.0271e+00 6.5144e+00
519 520 6.0683e+00 6.0013e+00 6.0271e+00 6.5144e+00
520 521 6.0683e+00 6.0013e+00 6.0271e+00 6.5144e+00
521 522 6.0683e+00 6.0013e+00 6.0271e+00 6.5144e+00
522 523 6.0683e+00 6.0013e+00 6.0271e+00 6.5144e+00
523 524 6.0683e+00 6.0013e+00 6.0271e+00 6.5144e+00
524 525 6.0683e+00 6.0013e+00 6.0271e+00 6.5144e+00
525 526 6.0683e+00 6.0013e+00 6.0271e+00 6.5144e+00
526 527 6.0683e+00 6.0013e+00 6.0271e+00 6.5144e+00
527 528 6.0683e+00 6.0013e+00 6.0271e+00 6.5144e+00
528 529 6.0683e+00 6.0013e+00 6.0271e+00 6.5144e+00
529 530 6.0683e+00 6.0013e+00 6.0271e+00 6.5144e+00
530 531 6.0683e+00 6.0013e+00 6.0271e+00 6.5144e+00
531 532 6.0683e+00 6.0013e+00 6.0271e+00 6.5144e+00
532 533 6.0683e+00 6.0013e+00 6.0271e+00 6.5144e+00
533 534 6.0683e+00 6.0013e+00 6.0271e+00 6.5144e+00
534 535 6.0683e+00 6.0013e+00 6.0271e+00 6.5144e+00
535 536 6.0683e+00 6.0013e+00 6.0271e+00 6.5144e+00
536 537 6.0683e+00 6.0013e+00 6.0271e+00 6.5144e+00
537 539 6.0683e+00 6.0013e+00 6.0271e+00 6.5144e+00
539 540 6.0683e+00 6.0013e+00 6.0271e+00 6.5144e+00
540 541 6.0683e+00 6.0013e+00 6.0271e+00 6.5144e+00
541 542 6.0683e+00 6.0013e+00 6.0271e+00 6.5144e+00
542 543 6.0683e+00 6.0013e+00 6.0271e+00 6.5144e+00
543 544 6.0683e+00 6.0013e+00 6.0271e+00 6.5144e+00
544 545 6.0683e+00 6.0013e+00 6.0271e+00 6.5144e+00
545 546 6.0683e+00 6.0013e+00 6.0271e+00 6.5144e+00
546 547 6.0683e+00 6.0013e+00 6.0271e+00 6.5144e+00
547 548 6.0683e+00 6.0013e+00 6.0271e+00 6.5144e+00
548 549 6.0683e+00 6.0013e+00 6.0271e+00 6.5144e+00
549 550 6.0683e+00 6.0013e+00 6.0271e+00 6.5144e+00
550 551 6.0683e+00 6.0013e+00 6.0271e+00 6.5144e+00
551 552 6.0683e+00 6.0013e+00 6.0271e+00 6.5144e+00
552 553 6.0683e+00 6.0013e+00 6.0271e+00 6.5144e+00
553 554 6.0683e+00 6.0013e+00 6.0271e+00 6.5144e+00
554 555 6.0683e+00 6.0013e+00 6.0271e+00 6.5144e+00
555 556 6.0683e+00 6.0013e+00 6.0271e+00 6.5144e+00
556 558 6.0683e+00 6.0013e+00 6.0271e+00 6.5144e+00
558 559 6.0683e+00 6.0013e+00 6.0271e+00 6.5144e+00
559 560 6.0683e+00 6.0013e+00 6.0271e+00 6.5144e+00
560 561 6.0683e+00 6.0013e+00 6.0271e+00 6.5144e+00
561 562 6.0683e+00 6.0013e+00 6.0271e+00 6.5144e+00
562 563 6.0683e+00 6.0013e+00 6.0271e+00 6.5144e+00
563 564 6.0683e+00 6.0013e+00 6.0271e+00 6.5144e+00
564 565 6.0683e+00 6.0013e+00 6.0271e+00 6.5144e+00
565 566 6.0683e+00 6.0013e+00 6.0271e+00 6.5144e+00
566 567 6.0683e+00 6.0013e+00 6.0271e+00 6.5144e+00
567 568 6.0683e+00 6.0013e+00 6.0271e+00 6.5144e+00
568 569 6.0683e+00 6.0013e+00 6.0271e+00 6.5144e+00
569 570 6.0683e+00 6.0013e+00 6.0271e+00 6.5144e+00
570 571 6.0683e+00 6.0013e+00 6.0271e+00 6.5144e+00
571 572 6.0683e+00 6.0013e+00 6.0271e+00 6.5144e+00
572 573 6.0683e+00 6.0013e+00 6.0271e+00 6.5144e+00
573 574 6.0683e+00 6.0013e+00 6.0271e+00 6.5144e+00
574 575 6.0683e+00 6.0013e+00 6.0271e+00 6.5144e+00
575 576 6.0683e+00 6.0013e+00 6.0271e+00 6.5144e+00
576 578 6.0683e+00 6.0013e+00 6.0271e+00 6.5144e+00
578 579 6.0683e+00 6.0013e+00 6.0271e+00 6.5144e+00
579 580 6.0683e+00 6.0013e+00 6.0271e+00 6.5144e+00
580 581 6.0683e+00 6.0013e+00 6.0271e+00 6.5144e+00
581 582 6.0683e+00 6.0013e+00 6.0271e+00 6.5144e+00
582 584 6.0683e+00 6.0013e+00 6.0271e+00 6.5144e+00
584 585 6.0683e+00 6.0013e+00 6.0271e+00 6.5144e+00
585 587 6.0683e+00 6.0013e+00 6.0271e+00 6.5144e+00
587 588 6.0683e+00 6.0013e+00 6.0271e+00 6.5144e+00
588 589 6.0683e+00 6.0013e+00 6.0271e+00 6.5144e+00
589 590 6.0683e+00 6.0013e+00 6.0271e+00 6.5144e+00
590 591 6.0683e+00 6.0013e+00 6.0271e+00 6.5144e+00
591 593 6.0683e+00 6.0013e+00 6.0271e+00 6.5144e+00
593 594 6.0683e+00 6.0013e+00 6.0271e+00 6.5144e+00
594 596 6.0683e+00 6.0013e+00 6.0271e+00 6.5144e+00
596 597 6.0683e+00 6.0013e+00 6.0271e+00 6.5144e+00
597 598 6.0683e+00 6.0013e+00 6.0271e+00 6.5144e+00
598 599 6.0683e+00 6.0013e+00 6.0271e+00 6.5144e+00
599 600 6.0683e+00 6.0013e+00 6.0271e+00 6.5144e+00
600 601 6.0683e+00 6.0013e+00 6.0271e+00 6.5144e+00
601 602 6.0683e+00 6.0013e+00 6.0271e+00 6.5144e+00
602 603 6.0683e+00 6.0013e+00 6.0271e+00 6.5144e+00
603 604 6.0683e+00 6.0013e+00 6.0271e+00 6.5144e+00
604 605 6.0683e+00 6.0013e+00 6.0271e+00 6.5144e+00
605 606 6.0683e+00 6.0013e+00 6.0271e+00 6.5144e+00
606 607 6.0683e+00 6.0013e+00 6.0271e+00 6.5144e+00
607 608 6.0683e+00 6.0013e+00 6.0271e+00 6.5144e+00
608 609 6.0683e+00 6.0013e+00 6.0271e+00 6.5144e+00
609 610 6.0683e+00 6.0013e+00 6.0271e+00 6.5144e+00
610 611 6.0683e+00 6.0013e+00 6.0271e+00 6.5144e+00
611 612 6.0683e+00 6.0013e+00 6.0271e+00 6.5144e+00
612 613 6.0683e+00 6.0013e+00 6.0271e+00 6.5144e+00
613 614 6.0683e+00 6.0013e+00 6.0271e+00 6.5144e+00
614 615 6.0683e+00 6.0013e+00 6.0271e+00 6.5144e+00
615 616 6.0683e+00 6.0013e+00 6.0271e+00 6.5144e+00
616 617 6.0683e+00 6.0013e+00 6.0271e+00 6.5144e+00
617 618 6.0683e+00 6.0013e+00 6.0271e+00 6.5144e+00
618 619 6.0683e+00 6.0013e+00 6.0271e+00 6.5144e+00
619 620 6.0683e+00 6.0013e+00 6.0271e+00 6.5144e+00
620 621 6.0683e+00 6.0013e+00 6.0271e+00 6.5144e+00
621 622 6.0683e+00 6.0013e+00 6.0271e+00 6.5144e+00
622 623 6.0683e+00 6.0013e+00 6.0271e+00 6.5144e+00
623 624 6.0683e+00 6.0013e+00 6.0271e+00 6.5144e+00
624 625 6.0683e+00 6.0013e+00 6.0271e+00 6.5144e+00
625 626 6.0683e+00 6.0013e+00 6.0271e+00 6.5144e+00
626 627 6.0683e+00 6.0013e+00 6.0271e+00 6.5144e+00
627 628 6.0683e+00 6.0013e+00 6.0271e+00 6.5144e+00
628 629 6.0683e+00 6.0013e+00 6.0271e+00 6.5144e+00
629 630 6.0683e+00 6.0013e+00 6.0271e+00 6.5144e+00
630 631 6.0683e+00 6.0013e+00 6.0271e+00 6.5144e+00
631 632 6.0683e+00 6.0013e+00 6.0271e+00 6.5144e+00
632 633 6.0683e+00 6.0013e+00 6.0271e+00 6.5144e+00
633 634 6.0683e+00 6.0013e+00 6.0271e+00 6.5144e+00
634 635 6.0683e+00 6.0013e+00 6.0271e+00 6.5144e+00
635 636 6.0683e+00 6.0013e+00 6.0271e+00 6.5144e+00
636 637 6.0683e+00 6.0013e+00 6.0271e+00 6.5144e+00
637 638 6.0683e+00 6.0013e+00 6.0271e+00 6.5144e+00
638 639 6.0683e+00 6.0013e+00 6.0271e+00 6.5144e+00
639 640 6.0683e+00 6.0013e+00 6.0271e+00 6.5144e+00
640 641 6.0683e+00 6.0013e+00 6.0271e+00 6.5144e+00
641 642 6.0683e+00 6.0013e+00 6.0271e+00 6.5144e+00
642 643 6.0683e+00 6.0013e+00 6.0271e+00 6.5144e+00
643 644 6.0683e+00 6.0013e+00 6.0271e+00 6.5144e+00
644 645 6.0683e+00 6.0013e+00 6.0271e+00 6.5144e+00
645 646 6.0683e+00 6.0013e+00 6.0271e+00 6.5144e+00
646 647 6.0683e+00 6.0013e+00 6.0271e+00 6.5144e+00
647 648 6.0683e+00 6.0013e+00 6.0271e+00 6.5144e+00
648 649 6.0683e+00 6.0013e+00 6.0271e+00 6.5144e+00
649 650 6.0683e+00 6.0013e+00 6.0271e+00 6.5144e+00
650 651 6.0683e+00 6.0013e+00 6.0271e+00 6.5144e+00
651 652 6.0683e+00 6.0013e+00 6.0271e+00 6.5144e+00
652 653 6.0683e+00 6.0013e+00 6.0271e+00 6.5144e+00
653 654 6.0683e+00 6.0013e+00 6.0271e+00 6.5144e+00
654 658 6.0683e+00 6.0013e+00 6.0271e+00 6.5144e+00
658 659 6.0683e+00 6.0013e+00 6.0271e+00 6.5144e+00
659 660 6.0683e+00 6.0013e+00 6.0271e+00 6.5144e+00
660 661 6.0683e+00 6.0013e+00 6.0271e+00 6.5144e+00
661 662 6.0683e+00 6.0013e+00 6.0271e+00 6.5144e+00
662 663 6.0683e+00 6.0013e+00 6.0271e+00 6.5144e+00
663 664 6.0683e+00 6.0013e+00 6.0271e+00 6.5144e+00
664 665 6.0683e+00 6.0013e+00 6.0271e+00 6.5144e+00
665 668 6.0683e+00 6.0013e+00 6.0271e+00 6.5144e+00
668 669 6.0683e+00 6.0013e+00 6.0271e+00 6.5144e+00
669 670 6.0683e+00 6.0013e+00 6.0271e+00 6.5144e+00
670 671 6.0683e+00 6.0013e+00 6.0271e+00 6.5144e+00
671 672 6.0683e+00 6.0013e+00 6.0271e+00 6.5144e+00
672 673 6.0683e+00 6.0013e+00 6.0271e+00 6.5144e+00
673 674 6.0683e+00 6.0013e+00 6.0271e+00 6.5144e+00
674 675 6.0683e+00 6.0013e+00 6.0271e+00 6.5144e+00
675 676 6.0683e+00 6.0013e+00 6.0271e+00 6.5144e+00
676 677 6.0683e+00 6.0013e+00 6.0271e+00 6.5144e+00
677 678 6.0683e+00 6.0013e+00 6.0271e+00 6.5144e+00
678 679 6.0683e+00 6.0013e+00 6.0271e+00 6.5144e+00
679 680 6.0683e+00 6.0013e+00 6.0271e+00 6.5144e+00
680 681 6.0683e+00 6.0013e+00 6.0271e+00 6.5144e+00
681 682 6.0683e+00 6.0013e+00 6.0271e+00 6.5144e+00
682 684 6.0683e+00 6.0013e+00 6.0271e+00 6.5144e+00
684 685 6.0683e+00 6.0013e+00 6.0271e+00 6.5144e+00
685 686 6.0683e+00 6.0013e+00 6.0271e+00 6.5144e+00
686 687 6.0683e+00 6.0013e+00 6.0271e+00 6.5144e+00
687 689 6.0683e+00 6.0013e+00 6.0271e+00 6.5144e+00
689 690 6.0683e+00 6.0013e+00 6.0271e+00 6.5144e+00
690 691 6.0683e+00 6.0013e+00 6.0271e+00 6.5144e+00
691 692 6.0683e+00 6.0013e+00 6.0271e+00 6.5144e+00
692 694 6.0683e+00 6.0013e+00 6.0271e+00 6.5144e+00
694 695 6.0683e+00 6.0013e+00 6.0271e+00 6.5144e+00
695 696 6.0683e+00 6.0013e+00 6.0271e+00 6.5144e+00
696 697 6.0683e+00 6.0013e+00 6.0271e+00 6.5144e+00
697 698 6.0683e+00 6.0013e+00 6.0271e+00 6.5144e+00
698 699 6.0683e+00 6.0013e+00 6.0271e+00 6.5144e+00
699 700 6.0683e+00 6.0013e+00 6.0271e+00 6.5144e+00
700 701 6.0683e+00 6.0013e+00 6.0271e+00 6.5144e+00
701 703 6.0683e+00 6.0013e+00 6.0271e+00 6.5144e+00
703 704 6.0683e+00 6.0013e+00 6.0271e+00 6.5144e+00
704 705 6.0683e+00 6.0013e+00 6.0271e+00 6.5144e+00
705 706 6.0683e+00 6.0013e+00 6.0271e+00 6.5144e+00
706 707 6.0683e+00 6.0013e+00 6.0271e+00 6.5144e+00
707 708 6.0683e+00 6.0013e+00 6.0271e+00 6.5144e+00
708 709 6.0683e+00 6.0013e+00 6.0271e+00 6.5144e+00
709 710 6.0683e+00 6.0013e+00 6.0271e+00 6.5144e+00
710 711 6.0683e+00 6.0013e+00 6.0271e+00 6.5144e+00
711 712 6.0683e+00 6.0013e+00 6.0271e+00 6.5144e+00
712 713 6.0683e+00 6.0013e+00 6.0271e+00 6.5144e+00
713 714 6.0683e+00 6.0013e+00 6.0271e+00 6.5144e+00
714 715 6.0683e+00 6.0013e+00 6.0271e+00 6.5144e+00
715 716 6.0683e+00 6.0013e+00 6.0271e+00 6.5144e+00
716 717 6.0683e+00 6.0013e+00 6.0271e+00 6.5144e+00
717 718 6.0683e+00 6.0013e+00 6.0271e+00 6.5144e+00
718 719 6.0683e+00 6.0013e+00 6.0271e+00 6.5144e+00
719 720 6.0683e+00 6.0013e+00 6.0271e+00 6.5144e+00
720 721 6.0683e+00 6.0013e+00 6.0271e+00 6.5144e+00
721 722 6.0683e+00 6.0013e+00 6.0271e+00 6.5144e+00
722 723 6.0683e+00 6.0013e+00 6.0271e+00 6.5144e+00
723 724 6.0683e+00 6.0013e+00 6.0271e+00 6.5144e+00
724 725 6.0683e+00 6.0013e+00 6.0271e+00 6.5144e+00
725 726 6.0683e+00 6.0013e+00 6.0271e+00 6.5144e+00
726 727 6.0683e+00 6.0013e+00 6.0271e+00 6.5144e+00
727 728 6.0683e+00 6.0013e+00 6.0271e+00 6.5144e+00
728 729 6.0683e+00 6.0013e+00 6.0271e+00 6.5144e+00
729 730 6.0683e+00 6.0013e+00 6.0271e+00 6.5144e+00
730 731 6.0683e+00 6.0013e+00 6.0271e+00 6.5144e+00
731 732 6.0683e+00 6.0013e+00 6.0271e+00 6.5144e+00
732 733 6.0683e+00 6.0013e+00 6.0271e+00 6.5144e+00
733 734 6.0683e+00 6.0013e+00 6.0271e+00 6.5144e+00
734 735 6.0683e+00 6.0013e+00 6.0271e+00 6.5144e+00
735 736 6.0683e+00 6.0013e+00 6.0271e+00 6.5144e+00
736 737 6.0683e+00 6.0013e+00 6.0271e+00 6.5144e+00
737 738 6.0683e+00 6.0013e+00 6.0271e+00 6.5144e+00
738 739 6.0683e+00 6.0013e+00 6.0271e+00 6.5144e+00
739 741 6.0683e+00 6.0013e+00 6.0271e+00 6.5144e+00
741 742 6.0683e+00 6.0013e+00 6.0271e+00 6.5144e+00
742 743 6.0683e+00 6.0013e+00 6.0271e+00 6.5144e+00
743 744 6.0683e+00 6.0013e+00 6.0271e+00 6.5144e+00
744 745 6.0683e+00 6.0013e+00 6.0271e+00 6.5144e+00
745 746 6.0683e+00 6.0013e+00 6.0271e+00 6.5144e+00
746 747 6.0683e+00 6.0013e+00 6.0271e+00 6.5144e+00
747 748 6.0683e+00 6.0013e+00 6.0271e+00 6.5144e+00
748 749 6.0683e+00 6.0013e+00 6.0271e+00 6.5144e+00
749 750 6.0683e+00 6.0013e+00 6.0271e+00 6.5144e+00
750 751 6.0683e+00 6.0013e+00 6.0271e+00 6.5144e+00
751 752 6.0683e+00 6.0013e+00 6.0271e+00 6.5144e+00
752 753 6.0683e+00 6.0013e+00 6.0271e+00 6.5144e+00
753 754 6.0683e+00 6.0013e+00 6.0271e+00 6.5144e+00
754 755 6.0683e+00 6.0013e+00 6.0271e+00 6.5144e+00
755 756 6.0683e+00 6.0013e+00 6.0271e+00 6.5144e+00
756 757 6.0683e+00 6.0013e+00 6.0271e+00 6.5144e+00
757 758 6.0683e+00 6.0013e+00 6.0271e+00 6.5144e+00
758 759 6.0683e+00 6.0013e+00 6.0271e+00 6.5144e+00
759 761 6.0683e+00 6.0013e+00 6.0271e+00 6.5144e+00
761 762 6.0683e+00 6.0013e+00 6.0271e+00 6.5144e+00
762 763 6.0683e+00 6.0013e+00 6.0271e+00 6.5144e+00
763 764 6.0683e+00 6.0013e+00 6.0271e+00 6.5144e+00
764 765 6.0683e+00 6.0013e+00 6.0271e+00 6.5144e+00
765 766 6.0683e+00 6.0013e+00 6.0271e+00 6.5144e+00
766 767 6.0683e+00 6.0013e+00 6.0271e+00 6.5144e+00
767 768 6.0683e+00 6.0013e+00 6.0271e+00 6.5144e+00
768 769 6.0683e+00 6.0013e+00 6.0271e+00 6.5144e+00
769 770 6.0683e+00 6.0013e+00 6.0271e+00 6.5144e+00
770 771 6.0683e+00 6.0013e+00 6.0271e+00 6.5144e+00
771 772 6.0683e+00 6.0013e+00 6.0271e+00 6.5144e+00
772 773 6.0683e+00 6.0013e+00 6.0271e+00 6.5144e+00
773 774 6.0683e+00 6.0013e+00 6.0271e+00 6.5144e+00
774 775 6.0683e+00 6.0013e+00 6.0271e+00 6.5144e+00
775 776 6.0683e+00 6.0013e+00 6.0271e+00 6.5144e+00
776 777 6.0683e+00 6.0013e+00 6.0271e+00 6.5144e+00
777 778 6.0683e+00 6.0013e+00 6.0271e+00 6.5144e+00
778 779 6.0683e+00 6.0013e+00 6.0271e+00 6.5144e+00
779 780 6.0683e+00 6.0013e+00 6.0271e+00 6.5144e+00
780 781 6.0683e+00 6.0013e+00 6.0271e+00 6.5144e+00
781 782 6.0683e+00 6.0013e+00 6.0271e+00 6.5144e+00
782 783 6.0683e+00 6.0013e+00 6.0271e+00 6.5144e+00
783 784 6.0683e+00 6.0013e+00 6.0271e+00 6.5144e+00
784 785 6.0683e+00 6.0013e+00 6.0271e+00 6.5144e+00
785 786 6.0683e+00 6.0013e+00 6.0271e+00 6.5144e+00
786 787 6.0683e+00 6.0013e+00 6.0271e+00 6.5144e+00
787 788 6.0683e+00 6.0013e+00 6.0271e+00 6.5144e+00
788 789 6.0683e+00 6.0013e+00 6.0271e+00 6.5144e+00
789 790 6.0683e+00 6.0013e+00 6.0271e+00 6.5144e+00
790 791 6.0683e+00 6.0013e+00 6.0271e+00 6.5144e+00
791 792 6.0683e+00 6.0013e+00 6.0271e+00 6.5144e+00
792 793 6.0683e+00 6.0013e+00 6.0271e+00 6.5144e+00
793 794 6.0683e+00 6.0013e+00 6.0271e+00 6.5144e+00
794 795 6.0683e+00 6.0013e+00 6.0271e+00 6.5144e+00
795 796 6.0683e+00 6.0013e+00 6.0271e+00 6.5144e+00
796 797 6.0683e+00 6.0013e+00 6.0271e+00 6.5144e+00
797 798 6.0683e+00 6.0013e+00 6.0271e+00 6.5144e+00
798 799 6.0683e+00 6.0013e+00 6.0271e+00 6.5144e+00
799 800 6.0683e+00 6.0013e+00 6.0271e+00 6.5144e+00
800 801 6.0683e+00 6.0013e+00 6.0271e+00 6.5144e+00
801 802 6.0683e+00 6.0013e+00 6.0271e+00 6.5144e+00
802 803 6.0683e+00 6.0013e+00 6.0271e+00 6.5144e+00
803 804 6.0683e+00 6.0013e+00 6.0271e+00 6.5144e+00
804 805 6.0683e+00 6.0013e+00 6.0271e+00 6.5144e+00
805 806 6.0683e+00 6.0013e+00 6.0271e+00 6.5144e+00
806 808 6.0683e+00 6.0013e+00 6.0271e+00 6.5144e+00
808 809 6.0683e+00 6.0013e+00 6.0271e+00 6.5144e+00
809 810 6.0683e+00 6.0013e+00 6.0271e+00 6.5144e+00
810 811 6.0683e+00 6.0013e+00 6.0271e+00 6.5144e+00
811 812 6.0683e+00 6.0013e+00 6.0271e+00 6.5144e+00
812 813 6.0683e+00 6.0013e+00 6.0271e+00 6.5144e+00
813 814 6.0683e+00 6.0013e+00 6.0271e+00 6.5144e+00
814 815 6.0683e+00 6.0013e+00 6.0271e+00 6.5144e+00
815 816 6.0683e+00 6.0013e+00 6.0271e+00 6.5144e+00
816 817 6.0683e+00 6.0013e+00 6.0271e+00 6.5144e+00
817 819 6.0683e+00 6.0013e+00 6.0271e+00 6.5144e+00
819 820 6.0683e+00 6.0013e+00 6.0271e+00 6.5144e+00
820 821 6.0683e+00 6.0013e+00 6.0271e+00 6.5144e+00
821 822 6.0683e+00 6.0013e+00 6.0271e+00 6.5144e+00
822 823 6.0683e+00 6.0013e+00 6.0271e+00 6.5144e+00
823 824 6.0683e+00 6.0013e+00 6.0271e+00 6.5144e+00
824 825 6.0683e+00 6.0013e+00 6.0271e+00 6.5144e+00
825 826 6.0683e+00 6.0013e+00 6.0271e+00 6.5144e+00
826 827 6.0683e+00 6.0013e+00 6.0271e+00 6.5144e+00
827 828 6.0683e+00 6.0013e+00 6.0271e+00 6.5144e+00
828 829 6.0683e+00 6.0013e+00 6.0271e+00 6.5144e+00
829 830 6.0683e+00 6.0013e+00 6.0271e+00 6.5144e+00
830 831 6.0683e+00 6.0013e+00 6.0271e+00 6.5144e+00
831 832 6.0683e+00 6.0013e+00 6.0271e+00 6.5144e+00
832 833 6.0683e+00 6.0013e+00 6.0271e+00 6.5144e+00
833 834 6.0683e+00 6.0013e+00 6.0271e+00 6.5144e+00
834 836 6.0683e+00 6.0013e+00 6.0271e+00 6.5144e+00
836 837 6.0683e+00 6.0013e+00 6.0271e+00 6.5144e+00
837 838 6.0683e+00 6.0013e+00 6.0271e+00 6.5144e+00
838 839 6.0683e+00 6.0013e+00 6.0271e+00 6.5144e+00
839 840 6.0683e+00 6.0013e+00 6.0271e+00 6.5144e+00
840 841 6.0683e+00 6.0013e+00 6.0271e+00 6.5144e+00
841 842 6.0683e+00 6.0013e+00 6.0271e+00 6.5144e+00
842 843 6.0683e+00 6.0013e+00 6.0271e+00 6.5144e+00
843 844 6.0683e+00 6.0013e+00 6.0271e+00 6.5144e+00
844 845 6.0683e+00 6.0013e+00 6.0271e+00 6.5144e+00
845 846 6.0683e+00 6.0013e+00 6.0271e+00 6.5144e+00
846 847 6.0683e+00 6.0013e+00 6.0271e+00 6.5144e+00
847 848 6.0683e+00 6.0013e+00 6.0271e+00 6.5144e+00
848 849 6.0683e+00 6.0013e+00 6.0271e+00 6.5144e+00
849 850 6.0683e+00 6.0013e+00 6.0271e+00 6.5144e+00
850 851 6.0683e+00 6.0013e+00 6.0271e+00 6.5144e+00
851 852 6.0683e+00 6.0013e+00 6.0271e+00 6.5144e+00
852 853 6.0683e+00 6.0013e+00 6.0271e+00 6.5144e+00
853 854 6.0683e+00 6.0013e+00 6.0271e+00 6.5144e+00
854 855 6.0683e+00 6.0013e+00 6.0271e+00 6.5144e+00
855 856 6.0683e+00 6.0013e+00 6.0271e+00 6.5144e+00
856 857 6.0683e+00 6.0013e+00 6.0271e+00 6.5144e+00
857 858 6.0683e+00 6.0013e+00 6.0271e+00 6.5144e+00
858 859 6.0683e+00 6.0013e+00 6.0271e+00 6.5144e+00
859 860 6.0683e+00 6.0013e+00 6.0271e+00 6.5144e+00
860 861 6.0683e+00 6.0013e+00 6.0271e+00 6.5144e+00
861 862 6.0683e+00 6.0013e+00 6.0271e+00 6.5144e+00
862 863 6.0683e+00 6.0013e+00 6.0271e+00 6.5144e+00
863 864 6.0683e+00 6.0013e+00 6.0271e+00 6.5144e+00
864 865 6.0683e+00 6.0013e+00 6.0271e+00 6.5144e+00
865 866 6.0683e+00 6.0013e+00 6.0271e+00 6.5144e+00
866 867 6.0683e+00 6.0013e+00 6.0271e+00 6.5144e+00
867 869 6.0683e+00 6.0013e+00 6.0271e+00 6.5144e+00
869 870 6.0683e+00 6.0013e+00 6.0271e+00 6.5144e+00
870 872 6.0683e+00 6.0013e+00 6.0271e+00 6.5144e+00
872 873 6.0683e+00 6.0013e+00 6.0271e+00 6.5144e+00
873 874 6.0683e+00 6.0013e+00 6.0271e+00 6.5144e+00
874 875 6.0683e+00 6.0013e+00 6.0271e+00 6.5144e+00
875 876 6.0683e+00 6.0013e+00 6.0271e+00 6.5144e+00
876 877 6.0683e+00 6.0013e+00 6.0271e+00 6.5144e+00
877 878 6.0683e+00 6.0013e+00 6.0271e+00 6.5144e+00
878 879 6.0683e+00 6.0013e+00 6.0271e+00 6.5144e+00
879 880 6.0683e+00 6.0013e+00 6.0271e+00 6.5144e+00
880 881 6.0683e+00 6.0013e+00 6.0271e+00 6.5144e+00
881 882 6.0683e+00 6.0013e+00 6.0271e+00 6.5144e+00
882 883 6.0683e+00 6.0013e+00 6.0271e+00 6.5144e+00
883 884 6.0683e+00 6.0013e+00 6.0271e+00 6.5144e+00
884 885 6.0683e+00 6.0013e+00 6.0271e+00 6.5144e+00
885 886 6.0683e+00 6.0013e+00 6.0271e+00 6.5144e+00
886 887 6.0683e+00 6.0013e+00 6.0271e+00 6.5144e+00
887 888 6.0683e+00 6.0013e+00 6.0271e+00 6.5144e+00
888 889 6.0683e+00 6.0013e+00 6.0271e+00 6.5144e+00
889 890 6.0683e+00 6.0013e+00 6.0271e+00 6.5144e+00
890 891 6.0683e+00 6.0013e+00 6.0271e+00 6.5144e+00
891 892 6.0683e+00 6.0013e+00 6.0271e+00 6.5144e+00
892 893 6.0683e+00 6.0013e+00 6.0271e+00 6.5144e+00
893 894 6.0683e+00 6.0013e+00 6.0271e+00 6.5144e+00
894 895 6.0683e+00 6.0013e+00 6.0271e+00 6.5144e+00
895 896 6.0683e+00 6.0013e+00 6.0271e+00 6.5144e+00
896 897 6.0683e+00 6.0013e+00 6.0271e+00 6.5144e+00
897 898 6.0683e+00 6.0013e+00 6.0271e+00 6.5144e+00
898 899 6.0683e+00 6.0013e+00 6.0271e+00 6.5144e+00
899 900 6.0683e+00 6.0013e+00 6.0271e+00 6.5144e+00
900 901 6.0683e+00 6.0013e+00 6.0271e+00 6.5144e+00
901 902 6.0683e+00 6.0013e+00 6.0271e+00 6.5144e+00
902 903 6.0683e+00 6.0013e+00 6.0271e+00 6.5144e+00
903 904 6.0683e+00 6.0013e+00 6.0271e+00 6.5144e+00
904 905 6.0683e+00 6.0013e+00 6.0271e+00 6.5144e+00
905 906 6.0683e+00 6.0013e+00 6.0271e+00 6.5144e+00
906 907 6.0683e+00 6.0013e+00 6.0271e+00 6.5144e+00
907 908 6.0683e+00 6.0013e+00 6.0271e+00 6.5144e+00
908 909 6.0683e+00 6.0013e+00 6.0271e+00 6.5144e+00
909 910 6.0683e+00 6.0013e+00 6.0271e+00 6.5144e+00
910 911 6.0683e+00 6.0013e+00 6.0271e+00 6.5144e+00
911 912 6.0683e+00 6.0013e+00 6.0271e+00 6.5144e+00
912 913 6.0683e+00 6.0013e+00 6.0271e+00 6.5144e+00
913 914 6.0683e+00 6.0013e+00 6.0271e+00 6.5144e+00
914 915 6.0683e+00 6.0013e+00 6.0271e+00 6.5144e+00
915 916 6.0683e+00 6.0013e+00 6.0271e+00 6.5144e+00
916 917 6.0683e+00 6.0013e+00 6.0271e+00 6.5144e+00
917 918 6.0683e+00 6.0013e+00 6.0271e+00 6.5144e+00
918 919 6.0683e+00 6.0013e+00 6.0271e+00 6.5144e+00
919 920 6.0683e+00 6.0013e+00 6.0271e+00 6.5144e+00
920 921 6.0683e+00 6.0013e+00 6.0271e+00 6.5144e+00
921 922 6.0683e+00 6.0013e+00 6.0271e+00 6.5144e+00
922 923 6.0683e+00 6.0013e+00 6.0271e+00 6.5144e+00
923 924 6.0683e+00 6.0013e+00 6.0271e+00 6.5144e+00
924 925 6.0683e+00 6.0013e+00 6.0271e+00 6.5144e+00
925 927 6.0683e+00 6.0013e+00 6.0271e+00 6.5144e+00
927 928 6.0683e+00 6.0013e+00 6.0271e+00 6.5144e+00
928 930 6.0683e+00 6.0013e+00 6.0271e+00 6.5144e+00
930 931 6.0683e+00 6.0013e+00 6.0271e+00 6.5144e+00
931 932 6.0683e+00 6.0013e+00 6.0271e+00 6.5144e+00
932 933 6.0683e+00 6.0013e+00 6.0271e+00 6.5144e+00
933 934 6.0683e+00 6.0013e+00 6.0271e+00 6.5144e+00
934 935 6.0683e+00 6.0013e+00 6.0271e+00 6.5144e+00
935 936 6.0683e+00 6.0013e+00 6.0271e+00 6.5144e+00
936 937 6.0683e+00 6.0013e+00 6.0271e+00 6.5144e+00
937 938 6.0683e+00 6.0013e+00 6.0271e+00 6.5144e+00
938 939 6.0683e+00 6.0013e+00 6.0271e+00 6.5144e+00
939 940 6.0683e+00 6.0013e+00 6.0271e+00 6.5144e+00
940 941 6.0683e+00 6.0013e+00 6.0271e+00 6.5144e+00
941 942 6.0683e+00 6.0013e+00 6.0271e+00 6.5144e+00
942 943 6.0683e+00 6.0013e+00 6.0271e+00 6.5144e+00
943 944 6.0683e+00 6.0013e+00 6.0271e+00 6.5144e+00
944 945 6.0683e+00 6.0013e+00 6.0271e+00 6.5144e+00
945 946 6.0683e+00 6.0013e+00 6.0271e+00 6.5144e+00
946 947 6.0683e+00 6.0013e+00 6.0271e+00 6.5144e+00
947 948 6.0683e+00 6.0013e+00 6.0271e+00 6.5144e+00
948 949 6.0683e+00 6.0013e+00 6.0271e+00 6.5144e+00
949 950 6.0683e+00 6.0013e+00 6.0271e+00 6.5144e+00
950 951 6.0683e+00 6.0013e+00 6.0271e+00 6.5144e+00
951 952 6.0683e+00 6.0013e+00 6.0271e+00 6.5144e+00
952 953 6.0683e+00 6.0013e+00 6.0271e+00 6.5144e+00
953 954 6.0683e+00 6.0013e+00 6.0271e+00 6.5144e+00
954 955 6.0683e+00 6.0013e+00 6.0271e+00 6.5144e+00
955 956 6.0683e+00 6.0013e+00 6.0271e+00 6.5144e+00
956 957 6.0683e+00 6.0013e+00 6.0271e+00 6.5144e+00
957 958 6.0683e+00 6.0013e+00 6.0271e+00 6.5144e+00
958 959 6.0683e+00 6.0013e+00 6.0271e+00 6.5144e+00
959 960 6.0683e+00 6.0013e+00 6.0271e+00 6.5144e+00
960 961 6.0683e+00 6.0013e+00 6.0271e+00 6.5144e+00
961 962 6.0683e+00 6.0013e+00 6.0271e+00 6.5144e+00
962 963 6.0683e+00 6.0013e+00 6.0271e+00 6.5144e+00
963 964 6.0683e+00 6.0013e+00 6.0271e+00 6.5144e+00
964 965 6.0683e+00 6.0013e+00 6.0271e+00 6.5144e+00
965 966 6.0683e+00 6.0013e+00 6.0271e+00 6.5144e+00
966 967 6.0683e+00 6.0013e+00 6.0271e+00 6.5144e+00
967 968 6.0683e+00 6.0013e+00 6.0271e+00 6.5144e+00
968 969 6.0683e+00 6.0013e+00 6.0271e+00 6.5144e+00
969 970 6.0683e+00 6.0013e+00 6.0271e+00 6.5144e+00
970 971 6.0683e+00 6.0013e+00 6.0271e+00 6.5144e+00
971 972 6.0683e+00 6.0013e+00 6.0271e+00 6.5144e+00
972 973 6.0683e+00 6.0013e+00 6.0271e+00 6.5144e+00
973 974 6.0683e+00 6.0013e+00 6.0271e+00 6.5144e+00
974 975 6.0683e+00 6.0013e+00 6.0271e+00 6.5144e+00
975 976 6.0683e+00 6.0013e+00 6.0271e+00 6.5144e+00
976 977 6.0683e+00 6.0013e+00 6.0271e+00 6.5144e+00
977 978 6.0683e+00 6.0013e+00 6.0271e+00 6.5144e+00
978 979 6.0683e+00 6.0013e+00 6.0271e+00 6.5144e+00
979 980 6.0683e+00 6.0013e+00 6.0271e+00 6.5144e+00
980 981 6.0683e+00 6.0013e+00 6.0271e+00 6.5144e+00
981 982 6.0683e+00 6.0013e+00 6.0271e+00 6.5144e+00
982 983 6.0683e+00 6.0013e+00 6.0271e+00 6.5144e+00
983 984 6.0683e+00 6.0013e+00 6.0271e+00 6.5144e+00
984 985 6.0683e+00 6.0013e+00 6.0271e+00 6.5144e+00
985 986 6.0683e+00 6.0013e+00 6.0271e+00 6.5144e+00
986 987 6.0683e+00 6.0013e+00 6.0271e+00 6.5144e+00
987 988 6.0683e+00 6.0013e+00 6.0271e+00 6.5144e+00
988 989 6.0683e+00 6.0013e+00 6.0271e+00 6.5144e+00
989 990 6.0683e+00 6.0013e+00 6.0271e+00 6.5144e+00
990 991 6.0683e+00 6.0013e+00 6.0271e+00 6.5144e+00
991 992 6.0683e+00 6.0013e+00 6.0271e+00 6.5144e+00
992 993 6.0683e+00 6.0013e+00 6.0271e+00 6.5144e+00
993 995 6.0683e+00 6.0013e+00 6.0271e+00 6.5144e+00
995 996 6.0683e+00 6.0013e+00 6.0271e+00 6.5144e+00
996 997 6.0683e+00 6.0013e+00 6.0271e+00 6.5144e+00
997 998 6.0683e+00 6.0013e+00 6.0271e+00 6.5144e+00
998 999 6.0683e+00 6.0013e+00 6.0271e+00 6.5144e+00
999 1000 6.0683e+00 6.0013e+00 6.0271e+00 6.5144e+00
1000 1001 6.0683e+00 6.0013e+00 6.0271e+00 6.5144e+00
1001 1002 6.0683e+00 6.0013e+00 6.0271e+00 6.5144e+00
1002 1003 6.0683e+00 6.0013e+00 6.0271e+00 6.5144e+00
1003 1004 6.0683e+00 6.0013e+00 6.0271e+00 6.5144e+00
1004 1005 6.0683e+00 6.0013e+00 6.0271e+00 6.5144e+00
1005 1006 6.0683e+00 6.0013e+00 6.0271e+00 6.5144e+00
1006 1007 6.0683e+00 6.0013e+00 6.0271e+00 6.5144e+00
1007 1008 1.7073e-02 7.8605e-04 1.4824e-02 4.6754e-02
1008 1009 1.7073e-02 7.8605e-04 1.4824e-02 4.6754e-02
1009 1010 1.7073e-02 7.8605e-04 1.4824e-02 4.6754e-02
1010 1011 1.7073e-02 7.8605e-04 1.4824e-02 4.6754e-02
1011 1012 1.7073e-02 7.8605e-04 1.4824e-02 4.6754e-02
1012 1013 1.7073e-02 7.8605e-04 1.4824e-02 4.6754e-02
1013 1014 1.7073e-02 7.8605e-04 1.4824e-02 4.6754e-02
1014 1015 1.7073e-02 7.8605e-04 1.4824e-02 4.6754e-02
1015 1016 1.7073e-02 7.8605e-04 1.4824e-02 4.6754e-02
1016 1017 1.7073e-02 7.8605e-04 1.4824e-02 4.6754e-02
1017 1018 1.7073e-02 7.8605e-04 1.4824e-02 4.6754e-02
1018 1019 1.7073e-02 7.8605e-04 1.4824e-02 4.6754e-02
1019 1020 1.7073e-02 7.8605e-04 1.4824e-02 4.6754e-02
1020 1021 1.7073e-02 7.8605e-04 1.4824e-02 4.6754e-02
1021 1022 1.7073e-02 7.8605e-04 1.4824e-02 4.6754e-02
1022 1023 3.5644e-02 7.8605e-04 1.4912e-02 5.3709e-02
1023 1024 2.4665e+00 2.0284e+00 2.2895e+00 3.2401e+00
1024 1025 2.4665e+00 2.0284e+00 2.2895e+00 3.2401e+00
1025 1026 2.4676e+00 2.0290e+00 2.2895e+00 3.2401e+00
1026 1027 2.4676e+00 2.0290e+00 2.2895e+00 3.2401e+00
1027 1028 2.4676e+00 2.0290e+00 2.2895e+00 3.2401e+00
1028 1029 2.4676e+00 2.0290e+00 2.2895e+00 3.2401e+00
1029 1030 2.4676e+00 2.0290e+00 2.2895e+00 3.2401e+00
1030 1031 2.4676e+00 2.0290e+00 2.2895e+00 3.2401e+00
1031 1032 2.4676e+00 2.0290e+00 2.2895e+00 3.2401e+00
1032 1033 2.4676e+00 2.0290e+00 2.2895e+00 3.2401e+00
1033 1034 2.4676e+00 2.0290e+00 2.2895e+00 3.2401e+00
1034 1035 2.4676e+00 2.0290e+00 2.2895e+00 3.2401e+00
1035 1036 2.4676e+00 2.0290e+00 2.2895e+00 3.2401e+00
1036 1037 2.4676e+00 2.0290e+00 2.2895e+00 3.2401e+00
1037 1038 2.4676e+00 2.0290e+00 2.2895e+00 3.2401e+00
1038 1039 2.4676e+00 2.0290e+00 2.2895e+00 3.2401e+00
1039 1040 2.4676e+00 2.0290e+00 2.2895e+00 3.2401e+00
1040 1041 2.4676e+00 2.0290e+00 2.2895e+00 3.2401e+00
1041 1042 2.4676e+00 2.0290e+00 2.2895e+00 3.2401e+00
1042 1043 2.4676e+00 2.0290e+00 2.2895e+00 3.2401e+00
1043 1044 2.4676e+00 2.0290e+00 2.2895e+00 3.2401e+00
1044 1045 2.4676e+00 2.0290e+00 2.2895e+00 3.2401e+00
1045 1046 2.4676e+00 2.0290e+00 2.2895e+00 3.2401e+00
1046 1047 2.4676e+00 2.0290e+00 2.2895e+00 3.2401e+00
1047 1048 2.4676e+00 2.0290e+00 2.2895e+00 3.2401e+00
1048 1049 2.4676e+00 2.0290e+00 2.2895e+00 3.2401e+00
1049 1050 2.4676e+00 2.0290e+00 2.2895e+00 3.2401e+00
1050 1051 2.4676e+00 2.0290e+00 2.2895e+00 3.2401e+00
1051 1052 2.4676e+00 2.0290e+00 2.2895e+00 3.2401e+00
1052 1053 2.4676e+00 2.0290e+00 2.2895e+00 3.2401e+00
1053 1054 2.4676e+00 2.0290e+00 2.2895e+00 3.2401e+00
1054 1055 2.4676e+00 2.0290e+00 2.2895e+00 3.2401e+00
1055 1056 2.4676e+00 2.0290e+00 2.2895e+00 3.2401e+00
1056 1057 2.4676e+00 2.0290e+00 2.2895e+00 3.2401e+00
1057 1058 2.4676e+00 2.0290e+00 2.2895e+00 3.2401e+00
1058 1059 2.4676e+00 2.0290e+00 2.2895e+00 3.2401e+00
1059 1060 2.4676e+00 2.0290e+00 2.2895e+00 3.2401e+00
1060 1061 2.4676e+00 2.0290e+00 2.2895e+00 3.2401e+00
1061 1062 2.4676e+00 2.0290e+00 2.2895e+00 3.2401e+00
1062 1063 2.4676e+00 2.0290e+00 2.2895e+00 3.2401e+00
1063 1064 2.4676e+00 2.0290e+00 2.2895e+00 3.2401e+00
1064 1065 2.4676e+00 2.0290e+00 2.2895e+00 3.2401e+00
1065 1066 2.4676e+00 2.0290e+00 2.2895e+00 3.2401e+00
1066 1067 2.4676e+00 2.0290e+00 2.2895e+00 3.2401e+00
1067 1068 2.4676e+00 2.0290e+00 2.2895e+00 3.2401e+00
1068 1069 2.4676e+00 2.0290e+00 2.2895e+00 3.2401e+00
1069 1070 2.4676e+00 2.0290e+00 2.2895e+00 3.2401e+00
1070 1071 2.4676e+00 2.0290e+00 2.2895e+00 3.2401e+00
1071 1072 2.4676e+00 2.0290e+00 2.2895e+00 3.2401e+00
1072 1073 2.4676e+00 2.0290e+00 2.2895e+00 3.2401e+00
1073 1074 2.4676e+00 2.0290e+00 2.2895e+00 3.2401e+00
1074 1075 2.4676e+00 2.0290e+00 2.2895e+00 3.2401e+00
1075 1076 2.4676e+00 2.0290e+00 2.2895e+00 3.2401e+00
1076 1077 2.4676e+00 2.0290e+00 2.2895e+00 3.2401e+00
1077 1078 2.4694e+00 2.0290e+00 2.2895e+00 3.2402e+00
1078 1079 2.4797e+00 2.0290e+00 2.2903e+00 3.2425e+00
1079 1080 2.5885e+00 2.0311e+00 2.2951e+00 3.3474e+00
1080 1081 3.8659e+00 2.0555e+00 2.8884e+00 8.6608e+00
1081 1082 5.1264e+00 2.0986e+00 3.2428e+00 9.3890e+00
1082 1083 5.6097e+00 2.1229e+00 6.6965e+00 9.4437e+00
1083 1084 6.1929e+00 2.3587e+00 7.0573e+00 9.4494e+00
1084 1085 6.3451e+00 2.8674e+00 7.2082e+00 9.4519e+00
1085 1086 6.3495e+00 2.8688e+00 7.2082e+00 9.4519e+00
1086 1087 6.3495e+00 2.8688e+00 7.2082e+00 9.4519e+00
1087 1088 6.3495e+00 2.8688e+00 7.2082e+00 9.4519e+00
1088 1089 6.3503e+00 2.8707e+00 7.2176e+00 9.4519e+00
1089 1090 6.3503e+00 2.8707e+00 7.2176e+00 9.4519e+00
1090 1091 6.3503e+00 2.8707e+00 7.2176e+00 9.4519e+00
1091 1092 6.3503e+00 2.8707e+00 7.2176e+00 9.4519e+00
1092 1093 6.3503e+00 2.8707e+00 7.2176e+00 9.4519e+00
1093 1094 6.3503e+00 2.8707e+00 7.2176e+00 9.4519e+00
1094 1095 6.3503e+00 2.8707e+00 7.2176e+00 9.4519e+00
1095 1096 6.3503e+00 2.8707e+00 7.2176e+00 9.4519e+00
1096 1097 6.3503e+00 2.8707e+00 7.2176e+00 9.4519e+00
1097 1098 6.3503e+00 2.8707e+00 7.2176e+00 9.4519e+00
1098 1099 6.3503e+00 2.8707e+00 7.2176e+00 9.4519e+00
1099 1100 6.3503e+00 2.8707e+00 7.2176e+00 9.4519e+00
1100 1101 6.3503e+00 2.8707e+00 7.2176e+00 9.4519e+00
1101 1102 6.3503e+00 2.8707e+00 7.2176e+00 9.4519e+00
1102 1103 6.3503e+00 2.8707e+00 7.2176e+00 9.4519e+00
1103 1104 6.3503e+00 2.8707e+00 7.2176e+00 9.4519e+00
1104 1105 6.3503e+00 2.8707e+00 7.2176e+00 9.4519e+00
1105 1106 6.3503e+00 2.8707e+00 7.2176e+00 9.4519e+00
1106 1107 6.3503e+00 2.8707e+00 7.2176e+00 9.4519e+00
1107 1108 6.3503e+00 2.8707e+00 7.2176e+00 9.4519e+00
1108 1109 6.3503e+00 2.8707e+00 7.2176e+00 9.4519e+00
1109 1110 6.3503e+00 2.8707e+00 7.2176e+00 9.4519e+00
1110 1111 6.3503e+00 2.8707e+00 7.2176e+00 9.4519e+00
1111 1112 6.3503e+00 2.8707e+00 7.2176e+00 9.4519e+00
1112 1113 6.3503e+00 2.8707e+00 7.2176e+00 9.4519e+00
1113 1114 6.3503e+00 2.8707e+00 7.2176e+00 9.4519e+00
1114 1115 6.3503e+00 2.8707e+00 7.2176e+00 9.4519e+00
1115 1116 6.3503e+00 2.8707e+00 7.2176e+00 9.4519e+00
1116 1117 6.3503e+00 2.8707e+00 7.2176e+00 9.4519e+00
1117 1118 6.3503e+00 2.8707e+00 7.2176e+00 9.4519e+00
1118 1119 6.3503e+00 2.8707e+00 7.2176e+00 9.4519e+00
1119 1120 6.3503e+00 2.8707e+00 7.2176e+00 9.4519e+00
1120 1121 6.3503e+00 2.8707e+00 7.2176e+00 9.4519e+00
1121 1122 6.3503e+00 2.8707e+00 7.2176e+00 9.4519e+00
1122 1123 6.3503e+00 2.8707e+00 7.2176e+00 9.4519e+00
1123 1124 6.3503e+00 2.8707e+00 7.2176e+00 9.4519e+00
1124 1125 6.3503e+00 2.8707e+00 7.2176e+00 9.4519e+00
1125 1126 6.3503e+00 2.8707e+00 7.2176e+00 9.4519e+00
1126 1127 6.3503e+00 2.8707e+00 7.2176e+00 9.4519e+00
1127 1128 6.3503e+00 2.8707e+00 7.2176e+00 9.4519e+00
1128 1129 6.3503e+00 2.8707e+00 7.2176e+00 9.4519e+00
1129 1130 6.3503e+00 2.8707e+00 7.2176e+00 9.4519e+00
