# parameters
version_bit_string:13816762181795971082,seed:5489,burn_in:100000,num_iter:1000000,stats_thin:1000,block_penalty:50,prior_rate_mean:1,window_size:50,partition_length:4001,overlap_length:200,pade_resolution:10,pade_max:1000,max_lk_start:0.001,max_lk_resolution:0.001,num_snps:1016,num_snp_partitions:1,num_samps:1000
# left_snp right_snp mean p0.025 p0.500 p0.975
0 1 6.0881e+00 5.5907e+00 6.0524e+00 6.6613e+00
1 2 6.0881e+00 5.5907e+00 6.0524e+00 6.6613e+00
2 3 6.0881e+00 5.5907e+00 6.0524e+00 6.6613e+00
3 4 6.0881e+00 5.5907e+00 6.0524e+00 6.6613e+00
4 5 6.0881e+00 5.5907e+00 6.0524e+00 6.6613e+00
5 6 6.0881e+00 5.5907e+00 6.0524e+00 6.6613e+00
6 7 6.0881e+00 5.5907e+00 6.0524e+00 6.6613e+00
7 8 6.0881e+00 5.5907e+00 6.0524e+00 6.6613e+00
8 9 6.0881e+00 5.5907e+00 6.0524e+00 6.6613e+00
9 10 6.0881e+00 5.5907e+00 6.0524e+00 6.6613e+00
10 11 6.0881e+00 5.5907e+00 6.0524e+00 6.6613e+00
11 12 6.0881e+00 5.5907e+00 6.0524e+00 6.6613e+00
12 13 6.0881e+00 5.5907e+00 6.0524e+00 6.6613e+00
13 14 6.0881e+00 5.5907e+00 6.0524e+00 6.6613e+00
14 16 6.0881e+00 5.5907e+00 6.0524e+00 6.6613e+00
16 17 6.0881e+00 5.5907e+00 6.0524e+00 6.6613e+00
17 18 6.0881e+00 5.5907e+00 6.0524e+00 6.6613e+00
18 19 6.0881e+00 5.5907e+00 6.0524e+00 6.6613e+00
19 20 6.0881e+00 5.5907e+00 6.0524e+00 6.6613e+00
20 21 6.0881e+00 5.5907e+00 6.0524e+00 6.6613e+00
21 22 6.0881e+00 5.5907e+00 6.0524e+00 6.6613e+00
22 24 6.0881e+00 5.5907e+00 6.0524e+00 6.6613e+00
24 25 6.0881e+00 5.5907e+00 6.0524e+00 6.6613e+00
25 27 6.0881e+00 5.5907e+00 6.0524e+00 6.6613e+00
27 28 6.0881e+00 5.5907e+00 6.0524e+00 6.6613e+00
28 29 6.0881e+00 5.5907e+00 6.0524e+00 6.6613e+00
29 30 6.0881e+00 5.5907e+00 6.0524e+00 6.6613e+00
30 31 6.0881e+00 5.5907e+00 6.0524e+00 6.6613e+00
31 32 6.0881e+00 5.5907e+00 6.0524e+00 6.6613e+00
32 33 6.0881e+00 5.5907e+00 6.0524e+00 6.6613e+00
33 34 6.0881e+00 5.5907e+00 6.0524e+00 6.6613e+00
34 35 6.0881e+00 5.5907e+00 6.0524e+00 6.6613e+00
35 36 6.0881e+00 5.5907e+00 6.0524e+00 6.6613e+00
36 37 6.0881e+00 5.5907e+00 6.0524e+00 6.6613e+00
37 38 6.0881e+00 5.5907e+00 6.0524e+00 6.6613e+00
38 39 6.0881e+00 5.5907e+00 6.0524e+00 6.6613e+00
39 40 6.0881e+00 5.5907e+00 6.0524e+00 6.6613e+00
40 41 6.0881e+00 5.5907e+00 6.0524e+00 6.6613e+00
41 42 6.0881e+00 5.5907e+00 6.0524e+00 6.6613e+00
42 43 6.0881e+00 5.5907e+00 6.0524e+00 6.6613e+00
43 44 6.0881e+00 5.5907e+00 6.0524e+00 6.6613e+00
44 45 6.0881e+00 5.5907e+00 6.0524e+00 6.6613e+00
45 46 6.0881e+00 5.5907e+00 6.0524e+00 6.6613e+00
46 47 6.0881e+00 5.5907e+00 6.0524e+00 6.6613e+00
47 48 6.0881e+00 5.5907e+00 6.0524e+00 6.6613e+00
48 49 6.0881e+00 5.5907e+00 6.0524e+00 6.6613e+00
49 50 6.0881e+00 5.5907e+00 6.0524e+00 6.6613e+00
50 51 6.0881e+00 5.5907e+00 6.0524e+00 6.6613e+00
51 52 6.0881e+00 5.5907e+00 6.0524e+00 6.6613e+00
52 53 6.0881e+00 5.5907e+00 6.0524e+00 6.6613e+00
53 54 6.0881e+00 5.5907e+00 6.0524e+00 6.6613e+00
54 55 6.0881e+00 5.5907e+00 6.0524e+00 6.6613e+00
55 56 6.0881e+00 5.5907e+00 6.0524e+00 6.6613e+00
56 57 6.0881e+00 5.5907e+00 6.0524e+00 6.6613e+00
57 58 6.0881e+00 5.5907e+00 6.0524e+00 6.6613e+00
58 59 6.0881e+00 5.5907e+00 6.0524e+00 6.6613e+00
59 60 6.0881e+00 5.5907e+00 6.0524e+00 6.6613e+00
60 61 6.0881e+00 5.5907e+00 6.0524e+00 6.6613e+00
61 62 6.0881e+00 5.5907e+00 6.0524e+00 6.6613e+00
62 63 6.0881e+00 5.5907e+00 6.0524e+00 6.6613e+00
63 64 6.0881e+00 5.5907e+00 6.0524e+00 6.6613e+00
64 65 6.0881e+00 5.5907e+00 6.0524e+00 6.6613e+00
65 66 6.0881e+00 5.5907e+00 6.0524e+00 6.6613e+00
66 67 6.0881e+00 5.5907e+00 6.0524e+00 6.6613e+00
67 68 6.0881e+00 5.5907e+00 6.0524e+00 6.6613e+00
68 69 6.0881e+00 5.5907e+00 6.0524e+00 6.6613e+00
69 70 6.0881e+00 5.5907e+00 6.0524e+00 6.6613e+00
70 71 6.0881e+00 5.5907e+00 6.0524e+00 6.6613e+00
71 72 6.0881e+00 5.5907e+00 6.0524e+00 6.6613e+00
72 73 6.0881e+00 5.5907e+00 6.0524e+00 6.6613e+00
73 75 6.0881e+00 5.5907e+00 6.0524e+00 6.6613e+00
75 76 6.0881e+00 5.5907e+00 6.0524e+00 6.6613e+00
76 77 6.0881e+00 5.5907e+00 6.0524e+00 6.6613e+00
77 78 6.0881e+00 5.5907e+00 6.0524e+00 6.6613e+00
78 79 6.0881e+00 5.5907e+00 6.0524e+00 6.6613e+00
79 80 6.0881e+00 5.5907e+00 6.0524e+00 6.6613e+00
80 81 6.0881e+00 5.5907e+00 6.0524e+00 6.6613e+00
81 82 6.0881e+00 5.5907e+00 6.0524e+00 6.6613e+00
82 83 6.0881e+00 5.5907e+00 6.0524e+00 6.6613e+00
83 84 6.0881e+00 5.5907e+00 6.0524e+00 6.6613e+00
84 85 6.0881e+00 5.5907e+00 6.0524e+00 6.6613e+00
85 86 6.0881e+00 5.5907e+00 6.0524e+00 6.6613e+00
86 87 6.0881e+00 5.5907e+00 6.0524e+00 6.6613e+00
87 88 6.0881e+00 5.5907e+00 6.0524e+00 6.6613e+00
88 89 6.0881e+00 5.5907e+00 6.0524e+00 6.6613e+00
89 90 6.0881e+00 5.5907e+00 6.0524e+00 6.6613e+00
90 91 6.0881e+00 5.5907e+00 6.0524e+00 6.6613e+00
91 92 6.0881e+00 5.5907e+00 6.0524e+00 6.6613e+00
92 93 6.0881e+00 5.5907e+00 6.0524e+00 6.6613e+00
93 94 6.0881e+00 5.5907e+00 6.0524e+00 6.6613e+00
94 95 6.0881e+00 5.5907e+00 6.0524e+00 6.6613e+00
95 96 6.0881e+00 5.5907e+00 6.0524e+00 6.6613e+00
96 97 6.0881e+00 5.5907e+00 6.0524e+00 6.6613e+00
97 98 6.0881e+00 5.5907e+00 6.0524e+00 6.6613e+00
98 100 6.0881e+00 5.5907e+00 6.0524e+00 6.6613e+00
100 101 6.0881e+00 5.5907e+00 6.0524e+00 6.6613e+00
101 102 6.0881e+00 5.5907e+00 6.0524e+00 6.6613e+00
102 103 6.0881e+00 5.5907e+00 6.0524e+00 6.6613e+00
103 104 6.0881e+00 5.5907e+00 6.0524e+00 6.6613e+00
104 105 6.0881e+00 5.5907e+00 6.0524e+00 6.6613e+00
105 106 6.0881e+00 5.5907e+00 6.0524e+00 6.6613e+00
106 107 6.0881e+00 5.5907e+00 6.0524e+00 6.6613e+00
107 108 6.0881e+00 5.5907e+00 6.0524e+00 6.6613e+00
108 109 6.0881e+00 5.5907e+00 6.0524e+00 6.6613e+00
109 110 6.0881e+00 5.5907e+00 6.0524e+00 6.6613e+00
110 111 6.0881e+00 5.5907e+00 6.0524e+00 6.6613e+00
111 112 6.0881e+00 5.5907e+00 6.0524e+00 6.6613e+00
112 113 6.0881e+00 5.5907e+00 6.0524e+00 6.6613e+00
113 114 6.0881e+00 5.5907e+00 6.0524e+00 6.6613e+00
114 115 6.0881e+00 5.5907e+00 6.0524e+00 6.6613e+00
115 116 6.0881e+00 5.5907e+00 6.0524e+00 6.6613e+00
116 117 6.0881e+00 5.5907e+00 6.0524e+00 6.6613e+00
117 118 6.0881e+00 5.5907e+00 6.0524e+00 6.6613e+00
118 119 6.0881e+00 5.5907e+00 6.0524e+00 6.6613e+00
119 120 6.0881e+00 5.5907e+00 6.0524e+00 6.6613e+00
120 121 6.0881e+00 5.5907e+00 6.0524e+00 6.6613e+00
121 122 6.0881e+00 5.5907e+00 6.0524e+00 6.6613e+00
122 123 6.0881e+00 5.5907e+00 6.0524e+00 6.6613e+00
123 124 6.0881e+00 5.5907e+00 6.0524e+00 6.6613e+00
124 125 6.0881e+00 5.5907e+00 6.0524e+00 6.6613e+00
125 126 6.0881e+00 5.5907e+00 6.0524e+00 6.6613e+00
126 127 6.0881e+00 5.5907e+00 6.0524e+00 6.6613e+00
127 128 6.0881e+00 5.5907e+00 6.0524e+00 6.6613e+00
128 129 6.0881e+00 5.5907e+00 6.0524e+00 6.6613e+00
129 131 6.0881e+00 5.5907e+00 6.0524e+00 6.6613e+00
131 132 6.0881e+00 5.5907e+00 6.0524e+00 6.6613e+00
132 133 6.0881e+00 5.5907e+00 6.0524e+00 6.6613e+00
133 134 6.0881e+00 5.5907e+00 6.0524e+00 6.6613e+00
134 135 6.0881e+00 5.5907e+00 6.0524e+00 6.6613e+00
135 136 6.0881e+00 5.5907e+00 6.0524e+00 6.6613e+00
136 137 6.0881e+00 5.5907e+00 6.0524e+00 6.6613e+00
137 138 6.0881e+00 5.5907e+00 6.0524e+00 6.6613e+00
138 139 6.0881e+00 5.5907e+00 6.0524e+00 6.6613e+00
139 140 6.0881e+00 5.5907e+00 6.0524e+00 6.6613e+00
140 141 6.0881e+00 5.5907e+00 6.0524e+00 6.6613e+00
141 142 6.0881e+00 5.5907e+00 6.0524e+00 6.6613e+00
142 143 6.0881e+00 5.5907e+00 6.0524e+00 6.6613e+00
143 144 6.0881e+00 5.5907e+00 6.0524e+00 6.6613e+00
144 146 6.0881e+00 5.5907e+00 6.0524e+00 6.6613e+00
146 147 6.0881e+00 5.5907e+00 6.0524e+00 6.6613e+00
147 148 6.0881e+00 5.5907e+00 6.0524e+00 6.6613e+00
148 149 6.0881e+00 5.5907e+00 6.0524e+00 6.6613e+00
149 150 6.0881e+00 5.5907e+00 6.0524e+00 6.6613e+00
150 151 6.0881e+00 5.5907e+00 6.0524e+00 6.6613e+00
151 153 6.0881e+00 5.5907e+00 6.0524e+00 6.6613e+00
153 154 6.0881e+00 5.5907e+00 6.0524e+00 6.6613e+00
154 156 6.0881e+00 5.5907e+00 6.0524e+00 6.6613e+00
156 157 6.0881e+00 5.5907e+00 6.0524e+00 6.6613e+00
157 158 6.0881e+00 5.5907e+00 6.0524e+00 6.6613e+00
158 159 6.0881e+00 5.5907e+00 6.0524e+00 6.6613e+00
159 160 6.0881e+00 5.5907e+00 6.0524e+00 6.6613e+00
160 161 6.0881e+00 5.5907e+00 6.0524e+00 6.6613e+00
161 162 6.0881e+00 5.5907e+00 6.0524e+00 6.6613e+00
162 163 6.0881e+00 5.5907e+00 6.0524e+00 6.6613e+00
163 164 6.0881e+00 5.5907e+00 6.0524e+00 6.6613e+00
164 165 6.0881e+00 5.5907e+00 6.0524e+00 6.6613e+00
165 166 6.0881e+00 5.5907e+00 6.0524e+00 6.6613e+00
166 167 6.0881e+00 5.5907e+00 6.0524e+00 6.6613e+00
167 168 6.0881e+00 5.5907e+00 6.0524e+00 6.6613e+00
168 169 6.0881e+00 5.5907e+00 6.0524e+00 6.6613e+00
169 170 6.0881e+00 5.5907e+00 6.0524e+00 6.6613e+00
170 171 6.0881e+00 5.5907e+00 6.0524e+00 6.6613e+00
171 172 6.0881e+00 5.5907e+00 6.0524e+00 6.6613e+00
172 174 6.0881e+00 5.5907e+00 6.0524e+00 6.6613e+00
174 175 6.0881e+00 5.5907e+00 6.0524e+00 6.6613e+00
175 176 6.0881e+00 5.5907e+00 6.0524e+00 6.6613e+00
176 177 6.0881e+00 5.5907e+00 6.0524e+00 6.6613e+00
177 178 6.0881e+00 5.5907e+00 6.0524e+00 6.6613e+00
178 179 6.0881e+00 5.5907e+00 6.0524e+00 6.6613e+00
179 180 6.0881e+00 5.5907e+00 6.0524e+00 6.6613e+00
180 182 6.0881e+00 5.5907e+00 6.0524e+00 6.6613e+00
182 183 6.0881e+00 5.5907e+00 6.0524e+00 6.6613e+00
183 184 6.0881e+00 5.5907e+00 6.0524e+00 6.6613e+00
184 185 6.0881e+00 5.5907e+00 6.0524e+00 6.6613e+00
185 187 6.0881e+00 5.5907e+00 6.0524e+00 6.6613e+00
187 189 6.0881e+00 5.5907e+00 6.0524e+00 6.6613e+00
189 190 6.0881e+00 5.5907e+00 6.0524e+00 6.6613e+00
190 191 6.0881e+00 5.5907e+00 6.0524e+00 6.6613e+00
191 192 6.0881e+00 5.5907e+00 6.0524e+00 6.6613e+00
192 193 6.0881e+00 5.5907e+00 6.0524e+00 6.6613e+00
193 194 6.0881e+00 5.5907e+00 6.0524e+00 6.6613e+00
194 195 6.0881e+00 5.5907e+00 6.0524e+00 6.6613e+00
195 196 6.0881e+00 5.5907e+00 6.0524e+00 6.6613e+00
196 197 6.0881e+00 5.5907e+00 6.0524e+00 6.6613e+00
197 199 6.0881e+00 5.5907e+00 6.0524e+00 6.6613e+00
199 200 6.0881e+00 5.5907e+00 6.0524e+00 6.6613e+00
200 201 6.0881e+00 5.5907e+00 6.0524e+00 6.6613e+00
201 202 6.0881e+00 5.5907e+00 6.0524e+00 6.6613e+00
202 203 6.0881e+00 5.5907e+00 6.0524e+00 6.6613e+00
203 204 6.0881e+00 5.5907e+00 6.0524e+00 6.6613e+00
204 205 6.0881e+00 5.5907e+00 6.0524e+00 6.6613e+00
205 206 6.0881e+00 5.5907e+00 6.0524e+00 6.6613e+00
206 207 6.0881e+00 5.5907e+00 6.0524e+00 6.6613e+00
207 208 6.0881e+00 5.5907e+00 6.0524e+00 6.6613e+00
208 209 6.0881e+00 5.5907e+00 6.0524e+00 6.6613e+00
209 210 6.0881e+00 5.5907e+00 6.0524e+00 6.6613e+00
210 212 6.0881e+00 5.5907e+00 6.0524e+00 6.6613e+00
212 213 6.0881e+00 5.5907e+00 6.0524e+00 6.6613e+00
213 214 6.0881e+00 5.5907e+00 6.0524e+00 6.6613e+00
214 215 6.0881e+00 5.5907e+00 6.0524e+00 6.6613e+00
215 216 6.0881e+00 5.5907e+00 6.0524e+00 6.6613e+00
216 217 6.0881e+00 5.5907e+00 6.0524e+00 6.6613e+00
217 218 6.0881e+00 5.5907e+00 6.0524e+00 6.6613e+00
218 219 6.0881e+00 5.5907e+00 6.0524e+00 6.6613e+00
219 220 6.0881e+00 5.5907e+00 6.0524e+00 6.6613e+00
220 221 6.0881e+00 5.5907e+00 6.0524e+00 6.6613e+00
221 222 6.0881e+00 5.5907e+00 6.0524e+00 6.6613e+00
222 223 6.0881e+00 5.5907e+00 6.0524e+00 6.6613e+00
223 224 6.0881e+00 5.5907e+00 6.0524e+00 6.6613e+00
224 225 6.0881e+00 5.5907e+00 6.0524e+00 6.6613e+00
225 226 6.0881e+00 5.5907e+00 6.0524e+00 6.6613e+00
226 227 6.0881e+00 5.5907e+00 6.0524e+00 6.6613e+00
227 228 6.0881e+00 5.5907e+00 6.0524e+00 6.6613e+00
228 230 6.0881e+00 5.5907e+00 6.0524e+00 6.6613e+00
230 231 6.0881e+00 5.5907e+00 6.0524e+00 6.6613e+00
231 233 6.0881e+00 5.5907e+00 6.0524e+00 6.6613e+00
233 234 6.0881e+00 5.5907e+00 6.0524e+00 6.6613e+00
234 235 6.0881e+00 5.5907e+00 6.0524e+00 6.6613e+00
235 236 6.0881e+00 5.5907e+00 6.0524e+00 6.6613e+00
236 237 6.0881e+00 5.5907e+00 6.0524e+00 6.6613e+00
237 238 6.0881e+00 5.5907e+00 6.0524e+00 6.6613e+00
238 239 6.0881e+00 5.5907e+00 6.0524e+00 6.6613e+00
239 240 6.0881e+00 5.5907e+00 6.0524e+00 6.6613e+00
240 242 6.0881e+00 5.5907e+00 6.0524e+00 6.6613e+00
242 243 6.0881e+00 5.5907e+00 6.0524e+00 6.6613e+00
243 244 6.0881e+00 5.5907e+00 6.0524e+00 6.6613e+00
244 245 6.0881e+00 5.5907e+00 6.0524e+00 6.6613e+00
245 246 6.0881e+00 5.5907e+00 6.0524e+00 6.6613e+00
246 247 6.0881e+00 5.5907e+00 6.0524e+00 6.6613e+00
247 248 6.0881e+00 5.5907e+00 6.0524e+00 6.6613e+00
248 249 6.0881e+00 5.5907e+00 6.0524e+00 6.6613e+00
249 250 6.0881e+00 5.5907e+00 6.0524e+00 6.6613e+00
250 251 6.0881e+00 5.5907e+00 6.0524e+00 6.6613e+00
251 253 6.0881e+00 5.5907e+00 6.0524e+00 6.6613e+00
253 254 6.0881e+00 5.5907e+00 6.0524e+00 6.6613e+00
254 255 6.0881e+00 5.5907e+00 6.0524e+00 6.6613e+00
255 256 6.0881e+00 5.5907e+00 6.0524e+00 6.6613e+00
256 257 6.0881e+00 5.5907e+00 6.0524e+00 6.6613e+00
257 258 6.0881e+00 5.5907e+00 6.0524e+00 6.6613e+00
258 259 6.0881e+00 5.5907e+00 6.0524e+00 6.6613e+00
259 260 6.0881e+00 5.5907e+00 6.0524e+00 6.6613e+00
260 261 6.0881e+00 5.5907e+00 6.0524e+00 6.6613e+00
261 262 6.0881e+00 5.5907e+00 6.0524e+00 6.6613e+00
262 263 6.0881e+00 5.5907e+00 6.0524e+00 6.6613e+00
263 264 6.0881e+00 5.5907e+00 6.0524e+00 6.6613e+00
264 265 6.0881e+00 5.5907e+00 6.0524e+00 6.6613e+00
265 266 6.0881e+00 5.5907e+00 6.0524e+00 6.6613e+00
266 267 6.0881e+00 5.5907e+00 6.0524e+00 6.6613e+00
267 268 6.0881e+00 5.5907e+00 6.0524e+00 6.6613e+00
268 269 6.0881e+00 5.5907e+00 6.0524e+00 6.6613e+00
269 270 6.0881e+00 5.5907e+00 6.0524e+00 6.6613e+00
270 271 6.0881e+00 5.5907e+00 6.0524e+00 6.6613e+00
271 272 6.0881e+00 5.5907e+00 6.0524e+00 6.6613e+00
272 273 6.0881e+00 5.5907e+00 6.0524e+00 6.6613e+00
273 274 6.0881e+00 5.5907e+00 6.0524e+00 6.6613e+00
274 275 6.0881e+00 5.5907e+00 6.0524e+00 6.6613e+00
275 276 6.0881e+00 5.5907e+00 6.0524e+00 6.6613e+00
276 277 6.0881e+00 5.5907e+00 6.0524e+00 6.6613e+00
277 278 6.0881e+00 5.5907e+00 6.0524e+00 6.6613e+00
278 279 6.0881e+00 5.5907e+00 6.0524e+00 6.6613e+00
279 280 6.0881e+00 5.5907e+00 6.0524e+00 6.6613e+00
280 281 6.0881e+00 5.5907e+00 6.0524e+00 6.6613e+00
281 282 6.0881e+00 5.5907e+00 6.0524e+00 6.6613e+00
282 283 6.0881e+00 5.5907e+00 6.0524e+00 6.6613e+00
283 284 6.0881e+00 5.5907e+00 6.0524e+00 6.6613e+00
284 285 6.0881e+00 5.5907e+00 6.0524e+00 6.6613e+00
285 286 6.0881e+00 5.5907e+00 6.0524e+00 6.6613e+00
286 287 6.0881e+00 5.5907e+00 6.0524e+00 6.6613e+00
287 288 6.0881e+00 5.5907e+00 6.0524e+00 6.6613e+00
288 289 6.0881e+00 5.5907e+00 6.0524e+00 6.6613e+00
289 290 6.0881e+00 5.5907e+00 6.0524e+00 6.6613e+00
290 291 6.0881e+00 5.5907e+00 6.0524e+00 6.6613e+00
291 292 6.0881e+00 5.5907e+00 6.0524e+00 6.6613e+00
292 293 6.0881e+00 5.5907e+00 6.0524e+00 6.6613e+00
293 294 6.0881e+00 5.5907e+00 6.0524e+00 6.6613e+00
294 295 6.0881e+00 5.5907e+00 6.0524e+00 6.6613e+00
295 296 6.0881e+00 5.5907e+00 6.0524e+00 6.6613e+00
296 297 6.0881e+00 5.5907e+00 6.0524e+00 6.6613e+00
297 298 6.0881e+00 5.5907e+00 6.0524e+00 6.6613e+00
298 299 6.0881e+00 5.5907e+00 6.0524e+00 6.6613e+00
299 300 6.0881e+00 5.5907e+00 6.0524e+00 6.6613e+00
300 301 6.0881e+00 5.5907e+00 6.0524e+00 6.6613e+00
301 302 6.0881e+00 5.5907e+00 6.0524e+00 6.6613e+00
302 303 6.0881e+00 5.5907e+00 6.0524e+00 6.6613e+00
303 304 6.0881e+00 5.5907e+00 6.0524e+00 6.6613e+00
304 305 6.0881e+00 5.5907e+00 6.0524e+00 6.6613e+00
305 306 6.0881e+00 5.5907e+00 6.0524e+00 6.6613e+00
306 307 6.0881e+00 5.5907e+00 6.0524e+00 6.6613e+00
307 308 6.0881e+00 5.5907e+00 6.0524e+00 6.6613e+00
308 309 6.0881e+00 5.5907e+00 6.0524e+00 6.6613e+00
309 310 6.0881e+00 5.5907e+00 6.0524e+00 6.6613e+00
310 311 6.0881e+00 5.5907e+00 6.0524e+00 6.6613e+00
311 312 6.0881e+00 5.5907e+00 6.0524e+00 6.6613e+00
312 313 6.0881e+00 5.5907e+00 6.0524e+00 6.6613e+00
313 314 6.0881e+00 5.5907e+00 6.0524e+00 6.6613e+00
314 316 6.0881e+00 5.5907e+00 6.0524e+00 6.6613e+00
316 317 6.0881e+00 5.5907e+00 6.0524e+00 6.6613e+00
317 318 6.0881e+00 5.5907e+00 6.0524e+00 6.6613e+00
318 319 6.0881e+00 5.5907e+00 6.0524e+00 6.6613e+00
319 320 6.0881e+00 5.5907e+00 6.0524e+00 6.6613e+00
320 321 6.0881e+00 5.5907e+00 6.0524e+00 6.6613e+00
321 322 6.0881e+00 5.5907e+00 6.0524e+00 6.6613e+00
322 323 6.0881e+00 5.5907e+00 6.0524e+00 6.6613e+00
323 324 6.0881e+00 5.5907e+00 6.0524e+00 6.6613e+00
324 325 6.0881e+00 5.5907e+00 6.0524e+00 6.6613e+00
325 326 6.0881e+00 5.5907e+00 6.0524e+00 6.6613e+00
326 327 6.0881e+00 5.5907e+00 6.0524e+00 6.6613e+00
327 328 6.0881e+00 5.5907e+00 6.0524e+00 6.6613e+00
328 329 6.0881e+00 5.5907e+00 6.0524e+00 6.6613e+00
329 331 6.0881e+00 5.5907e+00 6.0524e+00 6.6613e+00
331 332 6.0881e+00 5.5907e+00 6.0524e+00 6.6613e+00
332 333 6.0881e+00 5.5907e+00 6.0524e+00 6.6613e+00
333 334 6.0881e+00 5.5907e+00 6.0524e+00 6.6613e+00
334 335 6.0881e+00 5.5907e+00 6.0524e+00 6.6613e+00
335 336 6.0881e+00 5.5907e+00 6.0524e+00 6.6613e+00
336 337 6.0881e+00 5.5907e+00 6.0524e+00 6.6613e+00
337 338 6.0881e+00 5.5907e+00 6.0524e+00 6.6613e+00
338 339 6.0881e+00 5.5907e+00 6.0524e+00 6.6613e+00
339 340 6.0881e+00 5.5907e+00 6.0524e+00 6.6613e+00
340 341 6.0881e+00 5.5907e+00 6.0524e+00 6.6613e+00
341 342 6.0881e+00 5.5907e+00 6.0524e+00 6.6613e+00
342 343 6.0881e+00 5.5907e+00 6.0524e+00 6.6613e+00
343 344 6.0881e+00 5.5907e+00 6.0524e+00 6.6613e+00
344 345 6.0881e+00 5.5907e+00 6.0524e+00 6.6613e+00
345 346 6.0881e+00 5.5907e+00 6.0524e+00 6.6613e+00
346 347 6.0881e+00 5.5907e+00 6.0524e+00 6.6613e+00
347 348 6.0881e+00 5.5907e+00 6.0524e+00 6.6613e+00
348 350 6.0881e+00 5.5907e+00 6.0524e+00 6.6613e+00
350 351 6.0881e+00 5.5907e+00 6.0524e+00 6.6613e+00
351 353 6.0881e+00 5.5907e+00 6.0524e+00 6.6613e+00
353 354 6.0881e+00 5.5907e+00 6.0524e+00 6.6613e+00
354 355 6.0881e+00 5.5907e+00 6.0524e+00 6.6613e+00
355 356 5.9925e+00 5.5106e+00 6.0502e+00 6.6569e+00
356 357 5.8240e-01 4.7564e-01 5.7935e-01 6.9225e-01
357 358 5.8240e-01 4.7564e-01 5.7935e-01 6.9225e-01
358 359 5.8240e-01 4.7564e-01 5.7935e-01 6.9225e-01
359 360 5.8240e-01 4.7564e-01 5.7935e-01 6.9225e-01
360 361 5.8240e-01 4.7564e-01 5.7935e-01 6.9225e-01
361 362 5.8240e-01 4.7564e-01 5.7935e-01 6.9225e-01
362 363 5.8240e-01 4.7564e-01 5.7935e-01 6.9225e-01
363 364 5.8240e-01 4.7564e-01 5.7935e-01 6.9225e-01
364 365 5.8240e-01 4.7564e-01 5.7935e-01 6.9225e-01
365 367 5.8240e-01 4.7564e-01 5.7935e-01 6.9225e-01
367 369 5.8240e-01 4.7564e-01 5.7935e-01 6.9225e-01
369 370 5.8240e-01 4.7564e-01 5.7935e-01 6.9225e-01
370 371 5.8240e-01 4.7564e-01 5.7935e-01 6.9225e-01
371 372 5.8240e-01 4.7564e-01 5.7935e-01 6.9225e-01
372 373 5.8240e-01 4.7564e-01 5.7935e-01 6.9225e-01
373 374 5.8240e-01 4.7564e-01 5.7935e-01 6.9225e-01
374 375 5.8240e-01 4.7564e-01 5.7935e-01 6.9225e-01
375 376 5.8240e-01 4.7564e-01 5.7935e-01 6.9225e-01
376 377 5.8240e-01 4.7564e-01 5.7935e-01 6.9225e-01
377 378 5.8240e-01 4.7564e-01 5.7935e-01 6.9225e-01
378 379 5.8240e-01 4.7564e-01 5.7935e-01 6.9225e-01
379 380 5.8240e-01 4.7564e-01 5.7935e-01 6.9225e-01
380 381 5.8240e-01 4.7564e-01 5.7935e-01 6.9225e-01
381 382 5.8240e-01 4.7564e-01 5.7935e-01 6.9225e-01
382 383 5.8240e-01 4.7564e-01 5.7935e-01 6.9225e-01
383 385 5.8240e-01 4.7564e-01 5.7935e-01 6.9225e-01
385 386 5.8240e-01 4.7564e-01 5.7935e-01 6.9225e-01
386 387 5.8240e-01 4.7564e-01 5.7935e-01 6.9225e-01
387 388 5.8240e-01 4.7564e-01 5.7935e-01 6.9225e-01
388 389 5.8240e-01 4.7564e-01 5.7935e-01 6.9225e-01
389 390 5.8240e-01 4.7564e-01 5.7935e-01 6.9225e-01
390 391 5.8240e-01 4.7564e-01 5.7935e-01 6.9225e-01
391 392 5.9355e-01 4.7769e-01 5.8070e-01 7.0560e-01
392 393 7.0005e-01 4.8199e-01 5.9123e-01 2.0238e+00
393 394 1.7216e+00 5.3210e-01 2.0044e+00 2.1584e+00
394 395 2.0139e+00 1.8753e+00 2.0136e+00 2.1624e+00
395 396 2.0139e+00 1.8753e+00 2.0136e+00 2.1624e+00
396 397 2.0139e+00 1.8753e+00 2.0136e+00 2.1624e+00
397 398 2.0139e+00 1.8753e+00 2.0136e+00 2.1624e+00
398 399 2.0139e+00 1.8753e+00 2.0136e+00 2.1624e+00
399 400 2.0139e+00 1.8753e+00 2.0136e+00 2.1624e+00
400 402 2.0139e+00 1.8753e+00 2.0136e+00 2.1624e+00
402 403 2.0139e+00 1.8753e+00 2.0136e+00 2.1624e+00
403 404 2.0139e+00 1.8753e+00 2.0136e+00 2.1624e+00
404 405 2.0139e+00 1.8753e+00 2.0136e+00 2.1624e+00
405 406 2.0139e+00 1.8753e+00 2.0136e+00 2.1624e+00
406 407 2.0139e+00 1.8753e+00 2.0136e+00 2.1624e+00
407 408 2.0139e+00 1.8753e+00 2.0136e+00 2.1624e+00
408 409 2.0139e+00 1.8753e+00 2.0136e+00 2.1624e+00
409 410 2.0139e+00 1.8753e+00 2.0136e+00 2.1624e+00
410 411 2.0139e+00 1.8753e+00 2.0136e+00 2.1624e+00
411 412 2.0139e+00 1.8753e+00 2.0136e+00 2.1624e+00
412 413 2.0139e+00 1.8753e+00 2.0136e+00 2.1624e+00
413 414 2.0139e+00 1.8753e+00 2.0136e+00 2.1624e+00
414 415 2.0139e+00 1.8753e+00 2.0136e+00 2.1624e+00
415 416 2.0139e+00 1.8753e+00 2.0136e+00 2.1624e+00
416 417 2.0139e+00 1.8753e+00 2.0136e+00 2.1624e+00
417 418 2.0139e+00 1.8753e+00 2.0136e+00 2.1624e+00
418 419 2.0139e+00 1.8753e+00 2.0136e+00 2.1624e+00
419 420 2.0139e+00 1.8753e+00 2.0136e+00 2.1624e+00
420 421 2.0139e+00 1.8753e+00 2.0136e+00 2.1624e+00
421 422 2.0139e+00 1.8753e+00 2.0136e+00 2.1624e+00
422 423 2.0139e+00 1.8753e+00 2.0136e+00 2.1624e+00
423 424 2.0139e+00 1.8753e+00 2.0136e+00 2.1624e+00
424 426 2.0139e+00 1.8753e+00 2.0136e+00 2.1624e+00
426 427 2.0139e+00 1.8753e+00 2.0136e+00 2.1624e+00
427 428 2.0139e+00 1.8753e+00 2.0136e+00 2.1624e+00
428 429 2.0139e+00 1.8753e+00 2.0136e+00 2.1624e+00
429 430 2.0139e+00 1.8753e+00 2.0136e+00 2.1624e+00
430 431 2.0139e+00 1.8753e+00 2.0136e+00 2.1624e+00
431 432 2.0139e+00 1.8753e+00 2.0136e+00 2.1624e+00
432 435 2.0139e+00 1.8753e+00 2.0136e+00 2.1624e+00
435 437 2.0139e+00 1.8753e+00 2.0136e+00 2.1624e+00
437 438 2.0139e+00 1.8753e+00 2.0136e+00 2.1624e+00
438 439 2.0139e+00 1.8753e+00 2.0136e+00 2.1624e+00
439 440 2.0139e+00 1.8753e+00 2.0136e+00 2.1624e+00
440 441 2.0139e+00 1.8753e+00 2.0136e+00 2.1624e+00
441 442 2.0139e+00 1.8753e+00 2.0136e+00 2.1624e+00
442 443 2.0139e+00 1.8753e+00 2.0136e+00 2.1624e+00
443 444 2.0139e+00 1.8753e+00 2.0136e+00 2.1624e+00
444 445 2.0139e+00 1.8753e+00 2.0136e+00 2.1624e+00
445 446 2.0139e+00 1.8753e+00 2.0136e+00 2.1624e+00
446 447 2.0139e+00 1.8753e+00 2.0136e+00 2.1624e+00
447 448 2.0139e+00 1.8753e+00 2.0136e+00 2.1624e+00
448 449 2.0139e+00 1.8753e+00 2.0136e+00 2.1624e+00
449 450 2.0139e+00 1.8753e+00 2.0136e+00 2.1624e+00
450 451 2.0139e+00 1.8753e+00 2.0136e+00 2.1624e+00
451 452 2.0139e+00 1.8753e+00 2.0136e+00 2.1624e+00
452 453 2.0139e+00 1.8753e+00 2.0136e+00 2.1624e+00
453 454 2.0139e+00 1.8753e+00 2.0136e+00 2.1624e+00
454 455 2.0139e+00 1.8753e+00 2.0136e+00 2.1624e+00
455 456 2.0139e+00 1.8753e+00 2.0136e+00 2.1624e+00
456 457 2.0139e+00 1.8753e+00 2.0136e+00 2.1624e+00
457 458 2.0139e+00 1.8753e+00 2.0136e+00 2.1624e+00
458 459 2.0139e+00 1.8753e+00 2.0136e+00 2.1624e+00
459 460 2.0139e+00 1.8753e+00 2.0136e+00 2.1624e+00
460 461 2.0139e+00 1.8753e+00 2.0136e+00 2.1624e+00
461 462 2.0139e+00 1.8753e+00 2.0136e+00 2.1624e+00
462 464 2.0139e+00 1.8753e+00 2.0136e+00 2.1624e+00
464 465 2.0139e+00 1.8753e+00 2.0136e+00 2.1624e+00
465 466 2.0139e+00 1.8753e+00 2.0136e+00 2.1624e+00
466 467 2.0139e+00 1.8753e+00 2.0136e+00 2.1624e+00
467 468 2.0139e+00 1.8753e+00 2.0136e+00 2.1624e+00
468 469 2.0139e+00 1.8753e+00 2.0136e+00 2.1624e+00
469 470 2.0139e+00 1.8753e+00 2.0136e+00 2.1624e+00
470 471 2.0139e+00 1.8753e+00 2.0136e+00 2.1624e+00
471 472 2.0139e+00 1.8753e+00 2.0136e+00 2.1624e+00
472 473 2.0139e+00 1.8753e+00 2.0136e+00 2.1624e+00
473 474 2.0139e+00 1.8753e+00 2.0136e+00 2.1624e+00
474 475 2.0139e+00 1.8753e+00 2.0136e+00 2.1624e+00
475 476 2.0139e+00 1.8753e+00 2.0136e+00 2.1624e+00
476 477 2.0139e+00 1.8753e+00 2.0136e+00 2.1624e+00
477 478 2.0139e+00 1.8753e+00 2.0136e+00 2.1624e+00
478 479 2.0139e+00 1.8753e+00 2.0136e+00 2.1624e+00
479 480 2.0139e+00 1.8753e+00 2.0136e+00 2.1624e+00
480 481 2.0139e+00 1.8753e+00 2.0136e+00 2.1624e+00
481 482 2.0139e+00 1.8753e+00 2.0136e+00 2.1624e+00
482 483 2.0139e+00 1.8753e+00 2.0136e+00 2.1624e+00
483 484 2.0139e+00 1.8753e+00 2.0136e+00 2.1624e+00
484 486 2.0139e+00 1.8753e+00 2.0136e+00 2.1624e+00
486 487 2.0139e+00 1.8753e+00 2.0136e+00 2.1624e+00
487 488 2.0139e+00 1.8753e+00 2.0136e+00 2.1624e+00
488 489 2.0139e+00 1.8753e+00 2.0136e+00 2.1624e+00
489 490 2.0139e+00 1.8753e+00 2.0136e+00 2.1624e+00
490 491 2.0139e+00 1.8753e+00 2.0136e+00 2.1624e+00
491 492 2.0139e+00 1.8753e+00 2.0136e+00 2.1624e+00
492 493 2.0139e+00 1.8753e+00 2.0136e+00 2.1624e+00
493 494 2.0139e+00 1.8753e+00 2.0136e+00 2.1624e+00
494 495 2.0139e+00 1.8753e+00 2.0136e+00 2.1624e+00
495 496 2.0139e+00 1.8753e+00 2.0136e+00 2.1624e+00
496 497 2.0139e+00 1.8753e+00 2.0136e+00 2.1624e+00
497 498 2.0139e+00 1.8753e+00 2.0136e+00 2.1624e+00
498 499 2.0139e+00 1.8753e+00 2.0136e+00 2.1624e+00
499 500 2.0139e+00 1.8753e+00 2.0136e+00 2.1624e+00
500 501 2.0139e+00 1.8753e+00 2.0136e+00 2.1624e+00
501 502 2.0139e+00 1.8753e+00 2.0136e+00 2.1624e+00
502 503 2.0139e+00 1.8753e+00 2.0136e+00 2.1624e+00
503 506 2.0139e+00 1.8753e+00 2.0136e+00 2.1624e+00
506 507 2.0139e+00 1.8753e+00 2.0136e+00 2.1624e+00
507 508 2.0139e+00 1.8753e+00 2.0136e+00 2.1624e+00
508 509 2.0139e+00 1.8753e+00 2.0136e+00 2.1624e+00
509 510 2.0139e+00 1.8753e+00 2.0136e+00 2.1624e+00
510 511 2.0139e+00 1.8753e+00 2.0136e+00 2.1624e+00
511 512 2.0139e+00 1.8753e+00 2.0136e+00 2.1624e+00
512 513 2.0139e+00 1.8753e+00 2.0136e+00 2.1624e+00
513 514 2.0139e+00 1.8753e+00 2.0136e+00 2.1624e+00
514 515 2.0139e+00 1.8753e+00 2.0136e+00 2.1624e+00
515 516 2.0139e+00 1.8753e+00 2.0136e+00 2.1624e+00
516 517 2.0139e+00 1.8753e+00 2.0136e+00 2.1624e+00
517 519 2.0139e+00 1.8753e+00 2.0136e+00 2.1624e+00
519 520 2.0139e+00 1.8753e+00 2.0136e+00 2.1624e+00
520 521 2.0139e+00 1.8753e+00 2.0136e+00 2.1624e+00
521 522 2.0139e+00 1.8753e+00 2.0136e+00 2.1624e+00
522 523 2.0139e+00 1.8753e+00 2.0136e+00 2.1624e+00
523 524 2.0139e+00 1.8753e+00 2.0136e+00 2.1624e+00
524 525 2.0139e+00 1.8753e+00 2.0136e+00 2.1624e+00
525 526 2.0139e+00 1.8753e+00 2.0136e+00 2.1624e+00
526 527 2.0139e+00 1.8753e+00 2.0136e+00 2.1624e+00
527 528 2.0139e+00 1.8753e+00 2.0136e+00 2.1624e+00
528 529 2.0139e+00 1.8753e+00 2.0136e+00 2.1624e+00
529 530 2.0139e+00 1.8753e+00 2.0136e+00 2.1624e+00
530 531 2.0139e+00 1.8753e+00 2.0136e+00 2.1624e+00
531 532 2.0533e+00 1.8754e+00 2.0139e+00 2.1748e+00
532 533 2.1045e+00 1.8754e+00 2.0152e+00 5.0183e+00
533 534 2.7891e+00 1.8829e+00 2.0291e+00 5.5166e+00
534 535 3.5912e+00 1.9012e+00 2.2144e+00 5.5522e+00
535 536 4.0822e+00 1.9093e+00 5.0425e+00 5.5715e+00
536 537 4.4162e+00 1.9225e+00 5.0756e+00 5.5835e+00
537 538 4.6255e+00 1.9316e+00 5.0932e+00 5.6000e+00
538 539 4.8269e+00 2.0002e+00 5.1014e+00 5.6081e+00
539 540 4.9729e+00 2.0090e+00 5.1047e+00 5.6095e+00
540 541 5.0140e+00 2.0100e+00 5.1059e+00 5.6095e+00
541 542 5.0627e+00 2.0305e+00 5.1083e+00 5.6107e+00
542 543 5.0919e+00 2.0506e+00 5.1107e+00 5.6118e+00
543 544 5.1392e+00 2.1552e+00 5.1135e+00 5.6118e+00
544 545 5.1979e+00 5.0033e+00 5.1156e+00 5.6146e+00
545 546 5.2167e+00 5.0040e+00 5.1162e+00 5.6146e+00
546 547 5.2247e+00 5.0045e+00 5.1165e+00 5.6146e+00
547 548 5.2247e+00 5.0045e+00 5.1165e+00 5.6146e+00
548 549 5.2247e+00 5.0045e+00 5.1165e+00 5.6146e+00
549 550 5.2247e+00 5.0045e+00 5.1165e+00 5.6146e+00
550 551 5.2247e+00 5.0045e+00 5.1165e+00 5.6146e+00
551 552 5.2247e+00 5.0045e+00 5.1165e+00 5.6146e+00
552 553 5.2247e+00 5.0045e+00 5.1165e+00 5.6146e+00
553 554 5.2247e+00 5.0045e+00 5.1165e+00 5.6146e+00
554 555 5.2247e+00 5.0045e+00 5.1165e+00 5.6146e+00
555 556 5.2247e+00 5.0045e+00 5.1165e+00 5.6146e+00
556 557 5.2247e+00 5.0045e+00 5.1165e+00 5.6146e+00
557 558 5.2247e+00 5.0045e+00 5.1165e+00 5.6146e+00
558 559 5.2247e+00 5.0045e+00 5.1165e+00 5.6146e+00
559 560 5.2247e+00 5.0045e+00 5.1165e+00 5.6146e+00
560 561 5.2247e+00 5.0045e+00 5.1165e+00 5.6146e+00
561 562 5.2247e+00 5.0045e+00 5.1165e+00 5.6146e+00
562 563 5.2247e+00 5.0045e+00 5.1165e+00 5.6146e+00
563 564 5.2247e+00 5.0045e+00 5.1165e+00 5.6146e+00
564 565 5.2247e+00 5.0045e+00 5.1165e+00 5.6146e+00
565 566 5.2247e+00 5.0045e+00 5.1165e+00 5.6146e+00
566 567 5.2247e+00 5.0045e+00 5.1165e+00 5.6146e+00
567 568 5.2247e+00 5.0045e+00 5.1165e+00 5.6146e+00
568 569 5.2247e+00 5.0045e+00 5.1165e+00 5.6146e+00
569 570 5.2247e+00 5.0045e+00 5.1165e+00 5.6146e+00
570 571 5.2247e+00 5.0045e+00 5.1165e+00 5.6146e+00
571 572 5.2247e+00 5.0045e+00 5.1165e+00 5.6146e+00
572 573 5.2247e+00 5.0045e+00 5.1165e+00 5.6146e+00
573 574 5.2247e+00 5.0045e+00 5.1165e+00 5.6146e+00
574 575 5.2247e+00 5.0045e+00 5.1165e+00 5.6146e+00
575 576 5.2247e+00 5.0045e+00 5.1165e+00 5.6146e+00
576 577 5.2247e+00 5.0045e+00 5.1165e+00 5.6146e+00
577 578 5.2247e+00 5.0045e+00 5.1165e+00 5.6146e+00
578 580 5.2247e+00 5.0045e+00 5.1165e+00 5.6146e+00
580 581 5.2247e+00 5.0045e+00 5.1165e+00 5.6146e+00
581 582 5.2247e+00 5.0045e+00 5.1165e+00 5.6146e+00
582 583 5.2247e+00 5.0045e+00 5.1165e+00 5.6146e+00
583 584 5.2247e+00 5.0045e+00 5.1165e+00 5.6146e+00
584 585 5.2247e+00 5.0045e+00 5.1165e+00 5.6146e+00
585 586 5.2247e+00 5.0045e+00 5.1165e+00 5.6146e+00
586 587 5.2247e+00 5.0045e+00 5.1165e+00 5.6146e+00
587 589 5.2247e+00 5.0045e+00 5.1165e+00 5.6146e+00
589 590 5.2247e+00 5.0045e+00 5.1165e+00 5.6146e+00
590 591 5.2247e+00 5.0045e+00 5.1165e+00 5.6146e+00
591 592 5.2247e+00 5.0045e+00 5.1165e+00 5.6146e+00
592 593 5.2247e+00 5.0045e+00 5.1165e+00 5.6146e+00
593 594 5.2247e+00 5.0045e+00 5.1165e+00 5.6146e+00
594 595 5.2247e+00 5.0045e+00 5.1165e+00 5.6146e+00
595 596 5.2247e+00 5.0045e+00 5.1165e+00 5.6146e+00
596 597 5.2247e+00 5.0045e+00 5.1165e+00 5.6146e+00
597 598 5.2247e+00 5.0045e+00 5.1165e+00 5.6146e+00
598 599 5.2247e+00 5.0045e+00 5.1165e+00 5.6146e+00
599 600 5.2247e+00 5.0045e+00 5.1165e+00 5.6146e+00
600 601 5.2247e+00 5.0045e+00 5.1165e+00 5.6146e+00
601 602 5.2247e+00 5.0045e+00 5.1165e+00 5.6146e+00
602 603 5.2247e+00 5.0045e+00 5.1165e+00 5.6146e+00
603 604 5.2247e+00 5.0045e+00 5.1165e+00 5.6146e+00
604 605 5.2247e+00 5.0045e+00 5.1165e+00 5.6146e+00
605 606 5.2247e+00 5.0045e+00 5.1165e+00 5.6146e+00
606 607 5.2247e+00 5.0045e+00 5.1165e+00 5.6146e+00
607 608 5.2247e+00 5.0045e+00 5.1165e+00 5.6146e+00
608 609 5.2247e+00 5.0045e+00 5.1165e+00 5.6146e+00
609 610 5.2247e+00 5.0045e+00 5.1165e+00 5.6146e+00
610 611 5.2247e+00 5.0045e+00 5.1165e+00 5.6146e+00
611 612 5.2247e+00 5.0045e+00 5.1165e+00 5.6146e+00
612 613 5.2247e+00 5.0045e+00 5.1165e+00 5.6146e+00
613 614 5.2247e+00 5.0045e+00 5.1165e+00 5.6146e+00
614 615 5.2247e+00 5.0045e+00 5.1165e+00 5.6146e+00
615 616 5.2247e+00 5.0045e+00 5.1165e+00 5.6146e+00
616 617 5.2247e+00 5.0045e+00 5.1165e+00 5.6146e+00
617 618 5.2247e+00 5.0045e+00 5.1165e+00 5.6146e+00
618 619 5.2247e+00 5.0045e+00 5.1165e+00 5.6146e+00
619 620 5.2247e+00 5.0045e+00 5.1165e+00 5.6146e+00
620 621 5.2247e+00 5.0045e+00 5.1165e+00 5.6146e+00
621 622 5.2247e+00 5.0045e+00 5.1165e+00 5.6146e+00
622 623 5.2247e+00 5.0045e+00 5.1165e+00 5.6146e+00
623 624 5.2247e+00 5.0045e+00 5.1165e+00 5.6146e+00
624 625 5.2247e+00 5.0045e+00 5.1165e+00 5.6146e+00
625 626 5.2247e+00 5.0045e+00 5.1165e+00 5.6146e+00
626 627 5.2247e+00 5.0045e+00 5.1165e+00 5.6146e+00
627 628 5.2247e+00 5.0045e+00 5.1165e+00 5.6146e+00
628 629 5.2247e+00 5.0045e+00 5.1165e+00 5.6146e+00
629 630 5.2247e+00 5.0045e+00 5.1165e+00 5.6146e+00
630 631 5.2247e+00 5.0045e+00 5.1165e+00 5.6146e+00
631 633 5.2247e+00 5.0045e+00 5.1165e+00 5.6146e+00
633 634 5.2247e+00 5.0045e+00 5.1165e+00 5.6146e+00
634 635 5.2247e+00 5.0045e+00 5.1165e+00 5.6146e+00
635 636 5.2247e+00 5.0045e+00 5.1165e+00 5.6146e+00
636 637 5.2247e+00 5.0045e+00 5.1165e+00 5.6146e+00
637 638 5.2247e+00 5.0045e+00 5.1165e+00 5.6146e+00
638 639 5.2247e+00 5.0045e+00 5.1165e+00 5.6146e+00
639 640 5.2247e+00 5.0045e+00 5.1165e+00 5.6146e+00
640 641 5.2247e+00 5.0045e+00 5.1165e+00 5.6146e+00
641 642 5.2247e+00 5.0045e+00 5.1165e+00 5.6146e+00
642 643 5.2247e+00 5.0045e+00 5.1165e+00 5.6146e+00
643 644 5.2247e+00 5.0045e+00 5.1165e+00 5.6146e+00
644 646 5.2247e+00 5.0045e+00 5.1165e+00 5.6146e+00
646 647 5.2247e+00 5.0045e+00 5.1165e+00 5.6146e+00
647 648 5.2247e+00 5.0045e+00 5.1165e+00 5.6146e+00
648 649 5.2247e+00 5.0045e+00 5.1165e+00 5.6146e+00
649 650 5.2247e+00 5.0045e+00 5.1165e+00 5.6146e+00
650 651 5.2247e+00 5.0045e+00 5.1165e+00 5.6146e+00
651 652 5.2247e+00 5.0045e+00 5.1165e+00 5.6146e+00
652 654 5.2247e+00 5.0045e+00 5.1165e+00 5.6146e+00
654 655 5.2247e+00 5.0045e+00 5.1165e+00 5.6146e+00
655 656 5.2247e+00 5.0045e+00 5.1165e+00 5.6146e+00
656 657 5.2247e+00 5.0045e+00 5.1165e+00 5.6146e+00
657 658 5.2247e+00 5.0045e+00 5.1165e+00 5.6146e+00
658 659 5.2247e+00 5.0045e+00 5.1165e+00 5.6146e+00
659 660 5.2247e+00 5.0045e+00 5.1165e+00 5.6146e+00
660 661 5.2247e+00 5.0045e+00 5.1165e+00 5.6146e+00
661 662 5.2247e+00 5.0045e+00 5.1165e+00 5.6146e+00
662 663 5.2247e+00 5.0045e+00 5.1165e+00 5.6146e+00
663 664 5.2247e+00 5.0045e+00 5.1165e+00 5.6146e+00
664 665 5.2247e+00 5.0045e+00 5.1165e+00 5.6146e+00
665 666 5.2247e+00 5.0045e+00 5.1165e+00 5.6146e+00
666 668 5.2247e+00 5.0045e+00 5.1165e+00 5.6146e+00
668 671 5.2247e+00 5.0045e+00 5.1165e+00 5.6146e+00
671 672 5.2247e+00 5.0045e+00 5.1165e+00 5.6146e+00
672 673 5.2247e+00 5.0045e+00 5.1165e+00 5.6146e+00
673 675 5.2247e+00 5.0045e+00 5.1165e+00 5.6146e+00
675 676 5.2247e+00 5.0045e+00 5.1165e+00 5.6146e+00
676 677 5.2247e+00 5.0045e+00 5.1165e+00 5.6146e+00
677 678 5.2247e+00 5.0045e+00 5.1165e+00 5.6146e+00
678 679 5.2247e+00 5.0045e+00 5.1165e+00 5.6146e+00
679 680 5.2247e+00 5.0045e+00 5.1165e+00 5.6146e+00
680 681 5.2247e+00 5.0045e+00 5.1165e+00 5.6146e+00
681 682 5.2247e+00 5.0045e+00 5.1165e+00 5.6146e+00
682 683 5.2247e+00 5.0045e+00 5.1165e+00 5.6146e+00
683 684 5.2247e+00 5.0045e+00 5.1165e+00 5.6146e+00
684 685 5.2247e+00 5.0045e+00 5.1165e+00 5.6146e+00
685 686 5.2247e+00 5.0045e+00 5.1165e+00 5.6146e+00
686 687 5.2247e+00 5.0045e+00 5.1165e+00 5.6146e+00
687 688 5.2247e+00 5.0045e+00 5.1165e+00 5.6146e+00
688 689 5.2247e+00 5.0045e+00 5.1165e+00 5.6146e+00
689 690 5.2247e+00 5.0045e+00 5.1165e+00 5.6146e+00
690 691 5.2247e+00 5.0045e+00 5.1165e+00 5.6146e+00
691 692 5.2247e+00 5.0045e+00 5.1165e+00 5.6146e+00
692 693 5.2247e+00 5.0045e+00 5.1165e+00 5.6146e+00
693 694 5.2247e+00 5.0045e+00 5.1165e+00 5.6146e+00
694 695 5.2247e+00 5.0045e+00 5.1165e+00 5.6146e+00
695 696 5.2247e+00 5.0045e+00 5.1165e+00 5.6146e+00
696 697 5.2247e+00 5.0045e+00 5.1165e+00 5.6146e+00
697 698 5.2247e+00 5.0045e+00 5.1165e+00 5.6146e+00
698 699 5.2247e+00 5.0045e+00 5.1165e+00 5.6146e+00
699 700 5.2247e+00 5.0045e+00 5.1165e+00 5.6146e+00
700 701 5.2247e+00 5.0045e+00 5.1165e+00 5.6146e+00
701 702 5.2247e+00 5.0045e+00 5.1165e+00 5.6146e+00
702 703 5.2247e+00 5.0045e+00 5.1165e+00 5.6146e+00
703 704 5.2247e+00 5.0045e+00 5.1165e+00 5.6146e+00
704 705 5.2247e+00 5.0045e+00 5.1165e+00 5.6146e+00
705 706 5.2247e+00 5.0045e+00 5.1165e+00 5.6146e+00
706 707 5.2247e+00 5.0045e+00 5.1165e+00 5.6146e+00
707 708 5.2247e+00 5.0045e+00 5.1165e+00 5.6146e+00
708 709 5.2247e+00 5.0045e+00 5.1165e+00 5.6146e+00
709 710 5.2247e+00 5.0045e+00 5.1165e+00 5.6146e+00
710 711 5.2247e+00 5.0045e+00 5.1165e+00 5.6146e+00
711 712 5.2247e+00 5.0045e+00 5.1165e+00 5.6146e+00
712 713 5.2247e+00 5.0045e+00 5.1165e+00 5.6146e+00
713 714 5.2247e+00 5.0045e+00 5.1165e+00 5.6146e+00
714 715 5.2247e+00 5.0045e+00 5.1165e+00 5.6146e+00
715 716 5.2247e+00 5.0045e+00 5.1165e+00 5.6146e+00
716 717 5.2247e+00 5.0045e+00 5.1165e+00 5.6146e+00
717 718 5.2247e+00 5.0045e+00 5.1165e+00 5.6146e+00
718 719 5.2247e+00 5.0045e+00 5.1165e+00 5.6146e+00
719 720 5.2247e+00 5.0045e+00 5.1165e+00 5.6146e+00
720 721 5.2247e+00 5.0045e+00 5.1165e+00 5.6146e+00
721 722 5.2247e+00 5.0045e+00 5.1165e+00 5.6146e+00
722 723 5.2247e+00 5.0045e+00 5.1165e+00 5.6146e+00
723 724 5.2247e+00 5.0045e+00 5.1165e+00 5.6146e+00
724 726 5.2247e+00 5.0045e+00 5.1165e+00 5.6146e+00
726 727 5.2247e+00 5.0045e+00 5.1165e+00 5.6146e+00
727 728 5.2247e+00 5.0045e+00 5.1165e+00 5.6146e+00
728 729 5.2247e+00 5.0045e+00 5.1165e+00 5.6146e+00
729 730 5.2247e+00 5.0045e+00 5.1165e+00 5.6146e+00
730 733 5.2247e+00 5.0045e+00 5.1165e+00 5.6146e+00
733 735 5.2247e+00 5.0045e+00 5.1165e+00 5.6146e+00
735 736 5.2247e+00 5.0045e+00 5.1165e+00 5.6146e+00
736 737 5.2247e+00 5.0045e+00 5.1165e+00 5.6146e+00
737 738 5.2247e+00 5.0045e+00 5.1165e+00 5.6146e+00
738 739 5.2247e+00 5.0045e+00 5.1165e+00 5.6146e+00
739 740 5.2247e+00 5.0045e+00 5.1165e+00 5.6146e+00
740 741 5.2247e+00 5.0045e+00 5.1165e+00 5.6146e+00
741 742 5.2247e+00 5.0045e+00 5.1165e+00 5.6146e+00
742 743 5.2247e+00 5.0045e+00 5.1165e+00 5.6146e+00
743 744 5.2247e+00 5.0045e+00 5.1165e+00 5.6146e+00
744 745 5.2247e+00 5.0045e+00 5.1165e+00 5.6146e+00
745 746 5.2247e+00 5.0045e+00 5.1165e+00 5.6146e+00
746 747 5.2247e+00 5.0045e+00 5.1165e+00 5.6146e+00
747 748 5.2247e+00 5.0045e+00 5.1165e+00 5.6146e+00
748 749 5.2247e+00 5.0045e+00 5.1165e+00 5.6146e+00
749 750 5.2247e+00 5.0045e+00 5.1165e+00 5.6146e+00
750 752 5.2247e+00 5.0045e+00 5.1165e+00 5.6146e+00
752 753 5.2247e+00 5.0045e+00 5.1165e+00 5.6146e+00
753 754 5.2247e+00 5.0045e+00 5.1165e+00 5.6146e+00
754 755 5.2247e+00 5.0045e+00 5.1165e+00 5.6146e+00
755 756 5.2247e+00 5.0045e+00 5.1165e+00 5.6146e+00
756 757 5.2247e+00 5.0045e+00 5.1165e+00 5.6146e+00
757 758 5.2247e+00 5.0045e+00 5.1165e+00 5.6146e+00
758 759 5.2247e+00 5.0045e+00 5.1165e+00 5.6146e+00
759 760 5.2247e+00 5.0045e+00 5.1165e+00 5.6146e+00
760 762 5.2247e+00 5.0045e+00 5.1165e+00 5.6146e+00
762 763 5.2247e+00 5.0045e+00 5.1165e+00 5.6146e+00
763 764 5.2247e+00 5.0045e+00 5.1165e+00 5.6146e+00
764 765 5.2247e+00 5.0045e+00 5.1165e+00 5.6146e+00
765 766 5.2247e+00 5.0045e+00 5.1165e+00 5.6146e+00
766 767 5.2247e+00 5.0045e+00 5.1165e+00 5.6146e+00
767 768 5.2247e+00 5.0045e+00 5.1165e+00 5.6146e+00
768 769 5.2247e+00 5.0045e+00 5.1165e+00 5.6146e+00
769 770 5.2247e+00 5.0045e+00 5.1165e+00 5.6146e+00
770 771 5.2247e+00 5.0045e+00 5.1165e+00 5.6146e+00
771 772 5.2247e+00 5.0045e+00 5.1165e+00 5.6146e+00
772 773 5.2247e+00 5.0045e+00 5.1165e+00 5.6146e+00
773 774 5.2247e+00 5.0045e+00 5.1165e+00 5.6146e+00
774 775 5.2247e+00 5.0045e+00 5.1165e+00 5.6146e+00
775 776 5.2247e+00 5.0045e+00 5.1165e+00 5.6146e+00
776 777 5.2247e+00 5.0045e+00 5.1165e+00 5.6146e+00
777 778 5.2247e+00 5.0045e+00 5.1165e+00 5.6146e+00
778 779 5.2247e+00 5.0045e+00 5.1165e+00 5.6146e+00
779 780 5.2247e+00 5.0045e+00 5.1165e+00 5.6146e+00
780 781 5.2247e+00 5.0045e+00 5.1165e+00 5.6146e+00
781 782 5.2247e+00 5.0045e+00 5.1165e+00 5.6146e+00
782 783 5.2247e+00 5.0045e+00 5.1165e+00 5.6146e+00
783 784 5.2247e+00 5.0045e+00 5.1165e+00 5.6146e+00
784 785 5.2247e+00 5.0045e+00 5.1165e+00 5.6146e+00
785 786 5.2247e+00 5.0045e+00 5.1165e+00 5.6146e+00
786 788 5.2247e+00 5.0045e+00 5.1165e+00 5.6146e+00
788 789 5.2247e+00 5.0045e+00 5.1165e+00 5.6146e+00
789 790 5.2247e+00 5.0045e+00 5.1165e+00 5.6146e+00
790 791 5.2247e+00 5.0045e+00 5.1165e+00 5.6146e+00
791 792 5.2247e+00 5.0045e+00 5.1165e+00 5.6146e+00
792 793 5.2247e+00 5.0045e+00 5.1165e+00 5.6146e+00
793 794 5.2247e+00 5.0045e+00 5.1165e+00 5.6146e+00
794 795 5.2247e+00 5.0045e+00 5.1165e+00 5.6146e+00
795 796 5.2247e+00 5.0045e+00 5.1165e+00 5.6146e+00
796 797 5.2247e+00 5.0045e+00 5.1165e+00 5.6146e+00
797 798 5.2247e+00 5.0045e+00 5.1165e+00 5.6146e+00
798 799 5.2247e+00 5.0045e+00 5.1165e+00 5.6146e+00
799 800 5.2247e+00 5.0045e+00 5.1165e+00 5.6146e+00
800 801 5.2247e+00 5.0045e+00 5.1165e+00 5.6146e+00
801 802 5.2247e+00 5.0045e+00 5.1165e+00 5.6146e+00
802 803 5.2247e+00 5.0045e+00 5.1165e+00 5.6146e+00
803 804 5.2247e+00 5.0045e+00 5.1165e+00 5.6146e+00
804 805 5.2247e+00 5.0045e+00 5.1165e+00 5.6146e+00
805 806 5.2247e+00 5.0045e+00 5.1165e+00 5.6146e+00
806 807 5.2247e+00 5.0045e+00 5.1165e+00 5.6146e+00
807 808 5.2247e+00 5.0045e+00 5.1165e+00 5.6146e+00
808 809 5.2247e+00 5.0045e+00 5.1165e+00 5.6146e+00
809 811 5.2247e+00 5.0045e+00 5.1165e+00 5.6146e+00
811 812 5.2247e+00 5.0045e+00 5.1165e+00 5.6146e+00
812 813 5.2247e+00 5.0045e+00 5.1165e+00 5.6146e+00
813 814 5.2247e+00 5.0045e+00 5.1165e+00 5.6146e+00
814 815 5.2247e+00 5.0045e+00 5.1165e+00 5.6146e+00
815 816 5.2247e+00 5.0045e+00 5.1165e+00 5.6146e+00
816 817 5.2247e+00 5.0045e+00 5.1165e+00 5.6146e+00
817 818 5.2247e+00 5.0045e+00 5.1165e+00 5.6146e+00
818 819 5.2247e+00 5.0045e+00 5.1165e+00 5.6146e+00
819 820 5.2247e+00 5.0045e+00 5.1165e+00 5.6146e+00
820 821 5.2247e+00 5.0045e+00 5.1165e+00 5.6146e+00
821 822 5.2247e+00 5.0045e+00 5.1165e+00 5.6146e+00
822 823 5.2247e+00 5.0045e+00 5.1165e+00 5.6146e+00
823 824 5.2247e+00 5.0045e+00 5.1165e+00 5.6146e+00
824 825 5.2247e+00 5.0045e+00 5.1165e+00 5.6146e+00
825 826 5.2247e+00 5.0045e+00 5.1165e+00 5.6146e+00
826 827 5.2247e+00 5.0045e+00 5.1165e+00 5.6146e+00
827 828 5.2247e+00 5.0045e+00 5.1165e+00 5.6146e+00
828 829 5.2247e+00 5.0045e+00 5.1165e+00 5.6146e+00
829 830 5.2247e+00 5.0045e+00 5.1165e+00 5.6146e+00
830 831 5.2247e+00 5.0045e+00 5.1165e+00 5.6146e+00
831 832 5.2247e+00 5.0045e+00 5.1165e+00 5.6146e+00
832 833 5.2247e+00 5.0045e+00 5.1165e+00 5.6146e+00
833 834 5.2247e+00 5.0045e+00 5.1165e+00 5.6146e+00
834 836 5.2247e+00 5.0045e+00 5.1165e+00 5.6146e+00
836 837 5.2247e+00 5.0045e+00 5.1165e+00 5.6146e+00
837 838 5.2247e+00 5.0045e+00 5.1165e+00 5.6146e+00
838 839 5.2247e+00 5.0045e+00 5.1165e+00 5.6146e+00
839 840 5.2247e+00 5.0045e+00 5.1165e+00 5.6146e+00
840 841 5.2247e+00 5.0045e+00 5.1165e+00 5.6146e+00
841 842 5.2247e+00 5.0045e+00 5.1165e+00 5.6146e+00
842 843 5.2247e+00 5.0045e+00 5.1165e+00 5.6146e+00
843 844 5.2247e+00 5.0045e+00 5.1165e+00 5.6146e+00
844 845 5.2247e+00 5.0045e+00 5.1165e+00 5.6146e+00
845 846 5.2247e+00 5.0045e+00 5.1165e+00 5.6146e+00
846 847 5.2247e+00 5.0045e+00 5.1165e+00 5.6146e+00
847 848 5.2247e+00 5.0045e+00 5.1165e+00 5.6146e+00
848 849 5.2247e+00 5.0045e+00 5.1165e+00 5.6146e+00
849 850 5.2247e+00 5.0045e+00 5.1165e+00 5.6146e+00
850 851 5.2247e+00 5.0045e+00 5.1165e+00 5.6146e+00
851 852 5.2247e+00 5.0045e+00 5.1165e+00 5.6146e+00
852 853 5.2247e+00 5.0045e+00 5.1165e+00 5.6146e+00
853 854 5.2247e+00 5.0045e+00 5.1165e+00 5.6146e+00
854 855 5.2247e+00 5.0045e+00 5.1165e+00 5.6146e+00
855 856 5.2247e+00 5.0045e+00 5.1165e+00 5.6146e+00
856 857 5.2247e+00 5.0045e+00 5.1165e+00 5.6146e+00
857 858 5.2247e+00 5.0045e+00 5.1165e+00 5.6146e+00
858 859 5.2247e+00 5.0045e+00 5.1165e+00 5.6146e+00
859 860 5.2247e+00 5.0045e+00 5.1165e+00 5.6146e+00
860 861 5.2247e+00 5.0045e+00 5.1165e+00 5.6146e+00
861 862 5.2247e+00 5.0045e+00 5.1165e+00 5.6146e+00
862 863 5.2247e+00 5.0045e+00 5.1165e+00 5.6146e+00
863 864 5.2247e+00 5.0045e+00 5.1165e+00 5.6146e+00
864 865 5.2247e+00 5.0045e+00 5.1165e+00 5.6146e+00
865 866 5.2247e+00 5.0045e+00 5.1165e+00 5.6146e+00
866 867 5.2247e+00 5.0045e+00 5.1165e+00 5.6146e+00
867 868 5.2247e+00 5.0045e+00 5.1165e+00 5.6146e+00
868 869 5.2247e+00 5.0045e+00 5.1165e+00 5.6146e+00
869 870 5.2247e+00 5.0045e+00 5.1165e+00 5.6146e+00
870 871 5.2247e+00 5.0045e+00 5.1165e+00 5.6146e+00
871 873 5.2247e+00 5.0045e+00 5.1165e+00 5.6146e+00
873 874 5.2247e+00 5.0045e+00 5.1165e+00 5.6146e+00
874 875 5.2247e+00 5.0045e+00 5.1165e+00 5.6146e+00
875 876 5.2247e+00 5.0045e+00 5.1165e+00 5.6146e+00
876 877 5.2247e+00 5.0045e+00 5.1165e+00 5.6146e+00
877 878 5.2247e+00 5.0045e+00 5.1165e+00 5.6146e+00
878 879 5.2247e+00 5.0045e+00 5.1165e+00 5.6146e+00
879 880 5.2247e+00 5.0045e+00 5.1165e+00 5.6146e+00
880 881 5.2247e+00 5.0045e+00 5.1165e+00 5.6146e+00
881 882 5.2247e+00 5.0045e+00 5.1165e+00 5.6146e+00
882 883 5.2247e+00 5.0045e+00 5.1165e+00 5.6146e+00
883 884 5.2247e+00 5.0045e+00 5.1165e+00 5.6146e+00
884 885 5.2247e+00 5.0045e+00 5.1165e+00 5.6146e+00
885 886 5.2247e+00 5.0045e+00 5.1165e+00 5.6146e+00
886 887 5.2247e+00 5.0045e+00 5.1165e+00 5.6146e+00
887 888 5.2247e+00 5.0045e+00 5.1165e+00 5.6146e+00
888 889 5.2247e+00 5.0045e+00 5.1165e+00 5.6146e+00
889 890 5.2247e+00 5.0045e+00 5.1165e+00 5.6146e+00
890 891 5.2247e+00 5.0045e+00 5.1165e+00 5.6146e+00
891 892 5.2247e+00 5.0045e+00 5.1165e+00 5.6146e+00
892 893 5.2247e+00 5.0045e+00 5.1165e+00 5.6146e+00
893 894 5.2247e+00 5.0045e+00 5.1165e+00 5.6146e+00
894 895 5.2247e+00 5.0045e+00 5.1165e+00 5.6146e+00
895 896 5.2247e+00 5.0045e+00 5.1165e+00 5.6146e+00
896 897 5.2247e+00 5.0045e+00 5.1165e+00 5.6146e+00
897 898 5.2247e+00 5.0045e+00 5.1165e+00 5.6146e+00
898 899 5.2247e+00 5.0045e+00 5.1165e+00 5.6146e+00
899 900 5.2247e+00 5.0045e+00 5.1165e+00 5.6146e+00
900 901 5.2247e+00 5.0045e+00 5.1165e+00 5.6146e+00
901 902 5.2247e+00 5.0045e+00 5.1165e+00 5.6146e+00
902 903 5.2247e+00 5.0045e+00 5.1165e+00 5.6146e+00
903 904 5.2247e+00 5.0045e+00 5.1165e+00 5.6146e+00
904 905 5.2247e+00 5.0045e+00 5.1165e+00 5.6146e+00
905 906 5.2247e+00 5.0045e+00 5.1165e+00 5.6146e+00
906 907 5.2247e+00 5.0045e+00 5.1165e+00 5.6146e+00
907 908 5.2247e+00 5.0045e+00 5.1165e+00 5.6146e+00
908 909 5.2247e+00 5.0045e+00 5.1165e+00 5.6146e+00
909 910 5.2247e+00 5.0045e+00 5.1165e+00 5.6146e+00
910 911 5.2247e+00 5.0045e+00 5.1165e+00 5.6146e+00
911 912 5.2247e+00 5.0045e+00 5.1165e+00 5.6146e+00
912 913 5.2247e+00 5.0045e+00 5.1165e+00 5.6146e+00
913 914 5.2247e+00 5.0045e+00 5.1165e+00 5.6146e+00
914 915 5.2247e+00 5.0045e+00 5.1165e+00 5.6146e+00
915 916 5.2247e+00 5.0045e+00 5.1165e+00 5.6146e+00
916 917 5.2247e+00 5.0045e+00 5.1165e+00 5.6146e+00
917 918 5.2247e+00 5.0045e+00 5.1165e+00 5.6146e+00
918 920 5.2247e+00 5.0045e+00 5.1165e+00 5.6146e+00
920 922 5.2247e+00 5.0045e+00 5.1165e+00 5.6146e+00
922 923 5.2247e+00 5.0045e+00 5.1165e+00 5.6146e+00
923 924 5.2247e+00 5.0045e+00 5.1165e+00 5.6146e+00
924 925 5.2247e+00 5.0045e+00 5.1165e+00 5.6146e+00
925 926 5.2247e+00 5.0045e+00 5.1165e+00 5.6146e+00
926 927 5.2247e+00 5.0045e+00 5.1165e+00 5.6146e+00
927 928 5.2247e+00 5.0045e+00 5.1165e+00 5.6146e+00
928 929 5.2247e+00 5.0045e+00 5.1165e+00 5.6146e+00
929 930 5.2247e+00 5.0045e+00 5.1165e+00 5.6146e+00
930 931 5.2247e+00 5.0045e+00 5.1165e+00 5.6146e+00
931 932 5.2247e+00 5.0045e+00 5.1165e+00 5.6146e+00
932 933 5.2247e+00 5.0045e+00 5.1165e+00 5.6146e+00
933 934 5.2247e+00 5.0045e+00 5.1165e+00 5.6146e+00
934 935 5.2247e+00 5.0045e+00 5.1165e+00 5.6146e+00
935 936 5.2247e+00 5.0045e+00 5.1165e+00 5.6146e+00
936 937 5.2247e+00 5.0045e+00 5.1165e+00 5.6146e+00
937 938 5.2247e+00 5.0045e+00 5.1165e+00 5.6146e+00
938 939 5.2247e+00 5.0045e+00 5.1165e+00 5.6146e+00
939 940 5.2247e+00 5.0045e+00 5.1165e+00 5.6146e+00
940 941 5.2247e+00 5.0045e+00 5.1165e+00 5.6146e+00
941 942 5.2247e+00 5.0045e+00 5.1165e+00 5.6146e+00
942 943 5.2247e+00 5.0045e+00 5.1165e+00 5.6146e+00
943 945 5.2247e+00 5.0045e+00 5.1165e+00 5.6146e+00
945 946 5.2247e+00 5.0045e+00 5.1165e+00 5.6146e+00
946 947 5.2247e+00 5.0045e+00 5.1165e+00 5.6146e+00
947 948 5.2247e+00 5.0045e+00 5.1165e+00 5.6146e+00
948 949 5.2247e+00 5.0045e+00 5.1165e+00 5.6146e+00
949 950 5.2247e+00 5.0045e+00 5.1165e+00 5.6146e+00
950 951 5.2247e+00 5.0045e+00 5.1165e+00 5.6146e+00
951 952 5.2247e+00 5.0045e+00 5.1165e+00 5.6146e+00
952 953 5.2247e+00 5.0045e+00 5.1165e+00 5.6146e+00
953 954 5.2247e+00 5.0045e+00 5.1165e+00 5.6146e+00
954 955 5.2247e+00 5.0045e+00 5.1165e+00 5.6146e+00
955 956 5.2247e+00 5.0045e+00 5.1165e+00 5.6146e+00
956 957 5.2247e+00 5.0045e+00 5.1165e+00 5.6146e+00
957 958 5.2247e+00 5.0045e+00 5.1165e+00 5.6146e+00
958 959 5.2247e+00 5.0045e+00 5.1165e+00 5.6146e+00
959 960 5.2247e+00 5.0045e+00 5.1165e+00 5.6146e+00
960 961 5.2247e+00 5.0045e+00 5.1165e+00 5.6146e+00
961 962 5.2247e+00 5.0045e+00 5.1165e+00 5.6146e+00
962 963 5.2247e+00 5.0045e+00 5.1165e+00 5.6146e+00
963 964 5.2247e+00 5.0045e+00 5.1165e+00 5.6146e+00
964 965 5.2247e+00 5.0045e+00 5.1165e+00 5.6146e+00
965 966 5.2247e+00 5.0045e+00 5.1165e+00 5.6146e+00
966 967 5.2247e+00 5.0045e+00 5.1165e+00 5.6146e+00
967 968 5.2247e+00 5.0045e+00 5.1165e+00 5.6146e+00
968 969 5.2247e+00 5.0045e+00 5.1165e+00 5.6146e+00
969 970 5.2247e+00 5.0045e+00 5.1165e+00 5.6146e+00
970 971 5.2247e+00 5.0045e+00 5.1165e+00 5.6146e+00
971 972 5.2247e+00 5.0045e+00 5.1165e+00 5.6146e+00
972 973 5.2247e+00 5.0045e+00 5.1165e+00 5.6146e+00
973 974 5.2247e+00 5.0045e+00 5.1165e+00 5.6146e+00
974 975 5.2247e+00 5.0045e+00 5.1165e+00 5.6146e+00
975 976 5.2247e+00 5.0045e+00 5.1165e+00 5.6146e+00
976 977 5.2247e+00 5.0045e+00 5.1165e+00 5.6146e+00
977 978 5.2247e+00 5.0045e+00 5.1165e+00 5.6146e+00
978 979 5.2247e+00 5.0045e+00 5.1165e+00 5.6146e+00
979 980 5.2247e+00 5.0045e+00 5.1165e+00 5.6146e+00
980 981 5.2247e+00 5.0045e+00 5.1165e+00 5.6146e+00
981 982 5.2247e+00 5.0045e+00 5.1165e+00 5.6146e+00
982 984 5.2247e+00 5.0045e+00 5.1165e+00 5.6146e+00
984 985 5.2247e+00 5.0045e+00 5.1165e+00 5.6146e+00
985 986 5.2247e+00 5.0045e+00 5.1165e+00 5.6146e+00
986 987 5.2247e+00 5.0045e+00 5.1165e+00 5.6146e+00
987 988 5.2247e+00 5.0045e+00 5.1165e+00 5.6146e+00
988 989 5.2247e+00 5.0045e+00 5.1165e+00 5.6146e+00
989 990 5.2247e+00 5.0045e+00 5.1165e+00 5.6146e+00
990 991 5.2247e+00 5.0045e+00 5.1165e+00 5.6146e+00
991 992 5.2247e+00 5.0045e+00 5.1165e+00 5.6146e+00
992 993 5.2247e+00 5.0045e+00 5.1165e+00 5.6146e+00
993 994 5.2247e+00 5.0045e+00 5.1165e+00 5.6146e+00
994 995 5.2247e+00 5.0045e+00 5.1165e+00 5.6146e+00
995 996 5.2247e+00 5.0045e+00 5.1165e+00 5.6146e+00
996 997 5.2247e+00 5.0045e+00 5.1165e+00 5.6146e+00
997 998 5.2247e+00 5.0045e+00 5.1165e+00 5.6146e+00
998 999 5.2247e+00 5.0045e+00 5.1165e+00 5.6146e+00
999 1000 5.2247e+00 5.0045e+00 5.1165e+00 5.6146e+00
1000 1001 5.2247e+00 5.0045e+00 5.1165e+00 5.6146e+00
1001 1002 5.2247e+00 5.0045e+00 5.1165e+00 5.6146e+00
1002 1003 5.2247e+00 5.0045e+00 5.1165e+00 5.6146e+00
1003 1004 5.2247e+00 5.0045e+00 5.1165e+00 5.6146e+00
1004 1005 5.2247e+00 5.0045e+00 5.1165e+00 5.6146e+00
1005 1006 5.2247e+00 5.0045e+00 5.1165e+00 5.6146e+00
1006 1007 5.2247e+00 5.0045e+00 5.1165e+00 5.6146e+00
1007 1008 5.2247e+00 5.0045e+00 5.1165e+00 5.6146e+00
1008 1009 5.2247e+00 5.0045e+00 5.1165e+00 5.6146e+00
1009 1010 5.2247e+00 5.0045e+00 5.1165e+00 5.6146e+00
1010 1011 5.2247e+00 5.0045e+00 5.1165e+00 5.6146e+00
1011 1012 5.2247e+00 5.0045e+00 5.1165e+00 5.6146e+00
1012 1013 5.2247e+00 5.0045e+00 5.1165e+00 5.6146e+00
1013 1014 5.2247e+00 5.0045e+00 5.1165e+00 5.6146e+00
1014 1015 5.2247e+00 5.0045e+00 5.1165e+00 5.6146e+00
1015 1016 5.2247e+00 5.0045e+00 5.1165e+00 5.6146e+00
1016 1017 5.2247e+00 5.0045e+00 5.1165e+00 5.6146e+00
1017 1018 5.2247e+00 5.0045e+00 5.1165e+00 5.6146e+00
1018 1019 5.2247e+00 5.0045e+00 5.1165e+00 5.6146e+00
1019 1020 5.2247e+00 5.0045e+00 5.1165e+00 5.6146e+00
1020 1021 5.2247e+00 5.0045e+00 5.1165e+00 5.6146e+00
1021 1022 5.2247e+00 5.0045e+00 5.1165e+00 5.6146e+00
1022 1023 5.2247e+00 5.0045e+00 5.1165e+00 5.6146e+00
1023 1024 5.2247e+00 5.0045e+00 5.1165e+00 5.6146e+00
1024 1025 5.2247e+00 5.0045e+00 5.1165e+00 5.6146e+00
1025 1026 5.2247e+00 5.0045e+00 5.1165e+00 5.6146e+00
1026 1028 5.2247e+00 5.0045e+00 5.1165e+00 5.6146e+00
1028 1029 5.2247e+00 5.0045e+00 5.1165e+00 5.6146e+00
1029 1030 5.2247e+00 5.0045e+00 5.1165e+00 5.6146e+00
1030 1031 5.2247e+00 5.0045e+00 5.1165e+00 5.6146e+00
1031 1032 5.2247e+00 5.0045e+00 5.1165e+00 5.6146e+00
1032 1033 5.2247e+00 5.0045e+00 5.1165e+00 5.6146e+00
1033 1034 5.2247e+00 5.0045e+00 5.1165e+00 5.6146e+00
1034 1035 5.2247e+00 5.0045e+00 5.1165e+00 5.6146e+00
1035 1036 5.2247e+00 5.0045e+00 5.1165e+00 5.6146e+00
1036 1037 5.2247e+00 5.0045e+00 5.1165e+00 5.6146e+00
1037 1038 5.2247e+00 5.0045e+00 5.1165e+00 5.6146e+00
1038 1039 5.2247e+00 5.0045e+00 5.1165e+00 5.6146e+00
1039 1040 5.2247e+00 5.0045e+00 5.1165e+00 5.6146e+00
1040 1041 5.2247e+00 5.0045e+00 5.1165e+00 5.6146e+00
1041 1042 5.2247e+00 5.0045e+00 5.1165e+00 5.6146e+00
1042 1043 5.2247e+00 5.0045e+00 5.1165e+00 5.6146e+00
1043 1044 5.2247e+00 5.0045e+00 5.1165e+00 5.6146e+00
1044 1045 5.2247e+00 5.0045e+00 5.1165e+00 5.6146e+00
1045 1046 5.2247e+00 5.0045e+00 5.1165e+00 5.6146e+00
1046 1047 5.2247e+00 5.0045e+00 5.1165e+00 5.6146e+00
1047 1048 5.2247e+00 5.0045e+00 5.1165e+00 5.6146e+00
1048 1049 5.2247e+00 5.0045e+00 5.1165e+00 5.6146e+00
1049 1050 5.2247e+00 5.0045e+00 5.1165e+00 5.6146e+00
1050 1051 5.2247e+00 5.0045e+00 5.1165e+00 5.6146e+00
1051 1052 5.2247e+00 5.0045e+00 5.1165e+00 5.6146e+00
1052 1053 5.2247e+00 5.0045e+00 5.1165e+00 5.6146e+00
1053 1054 5.2247e+00 5.0045e+00 5.1165e+00 5.6146e+00
1054 1055 5.2247e+00 5.0045e+00 5.1165e+00 5.6146e+00
1055 1056 5.2247e+00 5.0045e+00 5.1165e+00 5.6146e+00
1056 1057 5.2247e+00 5.0045e+00 5.1165e+00 5.6146e+00
1057 1058 5.2247e+00 5.0045e+00 5.1165e+00 5.6146e+00
1058 1059 5.2247e+00 5.0045e+00 5.1165e+00 5.6146e+00
1059 1060 5.2247e+00 5.0045e+00 5.1165e+00 5.6146e+00
1060 1061 5.2247e+00 5.0045e+00 5.1165e+00 5.6146e+00
1061 1062 5.2247e+00 5.0045e+00 5.1165e+00 5.6146e+00
1062 1063 5.2247e+00 5.0045e+00 5.1165e+00 5.6146e+00
1063 1064 5.2247e+00 5.0045e+00 5.1165e+00 5.6146e+00
1064 1065 5.2247e+00 5.0045e+00 5.1165e+00 5.6146e+00
1065 1066 5.2247e+00 5.0045e+00 5.1165e+00 5.6146e+00
1066 1067 5.2247e+00 5.0045e+00 5.1165e+00 5.6146e+00
1067 1068 5.2247e+00 5.0045e+00 5.1165e+00 5.6146e+00
1068 1069 5.2247e+00 5.0045e+00 5.1165e+00 5.6146e+00
1069 1071 5.2247e+00 5.0045e+00 5.1165e+00 5.6146e+00
1071 1072 5.2247e+00 5.0045e+00 5.1165e+00 5.6146e+00
1072 1073 5.2247e+00 5.0045e+00 5.1165e+00 5.6146e+00
1073 1074 5.2247e+00 5.0045e+00 5.1165e+00 5.6146e+00
1074 1075 5.2247e+00 5.0045e+00 5.1165e+00 5.6146e+00
1075 1076 5.2247e+00 5.0045e+00 5.1165e+00 5.6146e+00
