# parameters
version_bit_string:13816762181795971082,seed:5489,burn_in:100000,num_iter:1000000,stats_thin:1000,block_penalty:50,prior_rate_mean:1,window_size:50,partition_length:4001,overlap_length:200,pade_resolution:10,pade_max:1000,max_lk_start:0.001,max_lk_resolution:0.001,num_snps:1382,num_snp_partitions:1,num_samps:1000
# left_snp right_snp mean p0.025 p0.500 p0.975
0 1 3.8266e+00 2.7914e+00 3.8757e+00 4.3816e+00
1 2 3.8266e+00 2.7914e+00 3.8757e+00 4.3816e+00
2 3 3.8266e+00 2.7914e+00 3.8757e+00 4.3816e+00
3 4 3.8266e+00 2.7914e+00 3.8757e+00 4.3816e+00
4 5 3.8266e+00 2.7914e+00 3.8757e+00 4.3816e+00
5 6 3.8266e+00 2.7914e+00 3.8757e+00 4.3816e+00
6 7 3.8266e+00 2.7914e+00 3.8757e+00 4.3816e+00
7 8 3.8266e+00 2.7914e+00 3.8757e+00 4.3816e+00
8 9 3.8266e+00 2.7914e+00 3.8757e+00 4.3816e+00
9 10 3.8266e+00 2.7914e+00 3.8757e+00 4.3816e+00
10 11 3.8266e+00 2.7914e+00 3.8757e+00 4.3816e+00
11 12 3.8266e+00 2.7914e+00 3.8757e+00 4.3816e+00
12 13 3.8266e+00 2.7914e+00 3.8757e+00 4.3816e+00
13 14 3.8266e+00 2.7914e+00 3.8757e+00 4.3816e+00
14 15 3.8266e+00 2.7914e+00 3.8757e+00 4.3816e+00
15 16 3.8266e+00 2.7914e+00 3.8757e+00 4.3816e+00
16 17 3.8266e+00 2.7914e+00 3.8757e+00 4.3816e+00
17 18 3.8266e+00 2.7914e+00 3.8757e+00 4.3816e+00
18 19 3.8266e+00 2.7914e+00 3.8757e+00 4.3816e+00
19 20 3.8266e+00 2.7914e+00 3.8757e+00 4.3816e+00
20 21 3.8266e+00 2.7914e+00 3.8757e+00 4.3816e+00
21 22 3.8266e+00 2.7914e+00 3.8757e+00 4.3816e+00
22 23 3.8266e+00 2.7914e+00 3.8757e+00 4.3816e+00
23 24 3.8266e+00 2.7914e+00 3.8757e+00 4.3816e+00
24 25 3.8266e+00 2.7914e+00 3.8757e+00 4.3816e+00
25 26 3.8266e+00 2.7914e+00 3.8757e+00 4.3816e+00
26 27 3.8266e+00 2.7914e+00 3.8757e+00 4.3816e+00
27 28 3.8266e+00 2.7914e+00 3.8757e+00 4.3816e+00
28 29 3.8266e+00 2.7914e+00 3.8757e+00 4.3816e+00
29 30 3.8266e+00 2.7914e+00 3.8757e+00 4.3816e+00
30 31 3.8266e+00 2.7914e+00 3.8757e+00 4.3816e+00
31 32 3.8266e+00 2.7914e+00 3.8757e+00 4.3816e+00
32 33 3.8266e+00 2.7914e+00 3.8757e+00 4.3816e+00
33 34 3.8266e+00 2.7914e+00 3.8757e+00 4.3816e+00
34 35 3.8266e+00 2.7914e+00 3.8757e+00 4.3816e+00
35 36 3.8266e+00 2.7914e+00 3.8757e+00 4.3816e+00
36 37 3.8266e+00 2.7914e+00 3.8757e+00 4.3816e+00
37 38 3.8266e+00 2.7914e+00 3.8757e+00 4.3816e+00
38 39 3.8266e+00 2.7914e+00 3.8757e+00 4.3816e+00
39 40 3.8266e+00 2.7914e+00 3.8757e+00 4.3816e+00
40 41 3.8266e+00 2.7914e+00 3.8757e+00 4.3816e+00
41 42 3.8266e+00 2.7914e+00 3.8757e+00 4.3816e+00
42 43 3.8266e+00 2.7914e+00 3.8757e+00 4.3816e+00
43 44 3.8266e+00 2.7914e+00 3.8757e+00 4.3816e+00
44 45 3.8266e+00 2.7914e+00 3.8757e+00 4.3816e+00
45 46 3.8266e+00 2.7914e+00 3.8757e+00 4.3816e+00
46 47 3.8266e+00 2.7914e+00 3.8757e+00 4.3816e+00
47 48 3.8266e+00 2.7914e+00 3.8757e+00 4.3816e+00
48 49 3.8266e+00 2.7914e+00 3.8757e+00 4.3816e+00
49 50 3.8266e+00 2.7914e+00 3.8757e+00 4.3816e+00
50 51 3.8266e+00 2.7914e+00 3.8757e+00 4.3816e+00
51 52 3.8266e+00 2.7914e+00 3.8757e+00 4.3816e+00
52 53 3.8266e+00 2.7914e+00 3.8757e+00 4.3816e+00
53 54 3.8266e+00 2.7914e+00 3.8757e+00 4.3816e+00
54 55 3.8266e+00 2.7914e+00 3.8757e+00 4.3816e+00
55 56 3.8266e+00 2.7914e+00 3.8757e+00 4.3816e+00
56 57 3.8266e+00 2.7914e+00 3.8757e+00 4.3816e+00
57 58 3.8266e+00 2.7914e+00 3.8757e+00 4.3816e+00
58 59 3.8266e+00 2.7914e+00 3.8757e+00 4.3816e+00
59 60 3.8266e+00 2.7914e+00 3.8757e+00 4.3816e+00
60 61 3.8266e+00 2.7914e+00 3.8757e+00 4.3816e+00
61 62 3.8266e+00 2.7914e+00 3.8757e+00 4.3816e+00
62 63 3.8266e+00 2.7914e+00 3.8757e+00 4.3816e+00
63 64 3.8266e+00 2.7914e+00 3.8757e+00 4.3816e+00
64 65 3.8266e+00 2.7914e+00 3.8757e+00 4.3816e+00
65 66 3.8266e+00 2.7914e+00 3.8757e+00 4.3816e+00
66 67 3.8266e+00 2.7914e+00 3.8757e+00 4.3816e+00
67 68 3.8266e+00 2.7914e+00 3.8757e+00 4.3816e+00
68 69 3.8266e+00 2.7914e+00 3.8757e+00 4.3816e+00
69 70 3.8255e+00 2.7914e+00 3.8757e+00 4.3816e+00
70 71 3.6974e+00 1.2582e+00 3.8531e+00 4.3726e+00
71 72 2.8725e+00 1.0413e+00 3.6320e+00 4.2814e+00
72 73 1.7780e+00 9.9365e-01 1.2387e+00 4.0541e+00
73 74 1.4373e+00 9.7722e-01 1.2027e+00 3.7803e+00
74 75 1.3644e+00 9.7054e-01 1.1973e+00 3.0180e+00
75 76 1.3171e+00 9.5810e-01 1.1895e+00 2.9162e+00
76 77 1.3171e+00 9.5810e-01 1.1895e+00 2.9162e+00
77 78 1.3171e+00 9.5810e-01 1.1895e+00 2.9162e+00
78 79 1.3171e+00 9.5810e-01 1.1895e+00 2.9162e+00
79 80 1.3171e+00 9.5810e-01 1.1895e+00 2.9162e+00
80 81 1.3171e+00 9.5810e-01 1.1895e+00 2.9162e+00
81 82 1.3171e+00 9.5810e-01 1.1895e+00 2.9162e+00
82 83 1.3171e+00 9.5810e-01 1.1895e+00 2.9162e+00
83 84 1.3171e+00 9.5810e-01 1.1895e+00 2.9162e+00
84 85 1.3171e+00 9.5810e-01 1.1895e+00 2.9162e+00
85 86 1.3171e+00 9.5810e-01 1.1895e+00 2.9162e+00
86 87 1.3171e+00 9.5810e-01 1.1895e+00 2.9162e+00
87 88 1.3171e+00 9.5810e-01 1.1895e+00 2.9162e+00
88 89 1.3171e+00 9.5810e-01 1.1895e+00 2.9162e+00
89 90 1.3218e+00 9.5810e-01 1.1895e+00 2.9162e+00
90 91 5.8658e+00 2.7233e+00 6.0253e+00 7.0279e+00
91 92 5.9289e+00 2.7914e+00 6.0256e+00 7.0279e+00
92 93 5.9289e+00 2.7914e+00 6.0256e+00 7.0279e+00
93 94 5.9289e+00 2.7914e+00 6.0256e+00 7.0279e+00
94 95 5.9295e+00 2.7914e+00 6.0256e+00 7.0279e+00
95 96 5.9295e+00 2.7914e+00 6.0256e+00 7.0279e+00
96 97 5.9295e+00 2.7914e+00 6.0256e+00 7.0279e+00
97 98 5.9364e+00 2.7914e+00 6.0256e+00 7.0279e+00
98 100 5.9613e+00 2.8027e+00 6.0260e+00 7.0279e+00
100 101 6.2672e+00 5.5170e+00 6.0312e+00 7.0350e+00
101 102 6.2876e+00 5.5443e+00 6.0316e+00 7.0350e+00
102 103 6.2886e+00 5.5484e+00 6.0316e+00 7.0350e+00
103 104 6.2886e+00 5.5484e+00 6.0316e+00 7.0350e+00
104 105 6.2886e+00 5.5484e+00 6.0316e+00 7.0350e+00
105 106 6.2886e+00 5.5484e+00 6.0316e+00 7.0350e+00
106 107 6.2886e+00 5.5484e+00 6.0316e+00 7.0350e+00
107 108 6.2886e+00 5.5484e+00 6.0316e+00 7.0350e+00
108 109 6.2886e+00 5.5484e+00 6.0316e+00 7.0350e+00
109 110 6.2886e+00 5.5484e+00 6.0316e+00 7.0350e+00
110 111 6.2886e+00 5.5484e+00 6.0316e+00 7.0350e+00
111 114 6.2886e+00 5.5484e+00 6.0316e+00 7.0350e+00
114 115 6.2886e+00 5.5484e+00 6.0316e+00 7.0350e+00
115 116 6.2886e+00 5.5484e+00 6.0316e+00 7.0350e+00
116 117 6.2886e+00 5.5484e+00 6.0316e+00 7.0350e+00
117 118 6.2886e+00 5.5484e+00 6.0316e+00 7.0350e+00
118 119 6.2886e+00 5.5484e+00 6.0316e+00 7.0350e+00
119 120 6.2886e+00 5.5484e+00 6.0316e+00 7.0350e+00
120 121 6.2886e+00 5.5484e+00 6.0316e+00 7.0350e+00
121 122 6.2886e+00 5.5484e+00 6.0316e+00 7.0350e+00
122 123 6.2886e+00 5.5484e+00 6.0316e+00 7.0350e+00
123 124 6.2886e+00 5.5484e+00 6.0316e+00 7.0350e+00
124 125 6.2886e+00 5.5484e+00 6.0316e+00 7.0350e+00
125 126 6.2886e+00 5.5484e+00 6.0316e+00 7.0350e+00
126 127 6.2886e+00 5.5484e+00 6.0316e+00 7.0350e+00
127 128 6.2886e+00 5.5484e+00 6.0316e+00 7.0350e+00
128 129 6.2886e+00 5.5484e+00 6.0316e+00 7.0350e+00
129 130 6.2886e+00 5.5484e+00 6.0316e+00 7.0350e+00
130 131 6.2886e+00 5.5484e+00 6.0316e+00 7.0350e+00
131 132 6.2886e+00 5.5484e+00 6.0316e+00 7.0350e+00
132 133 6.2886e+00 5.5484e+00 6.0316e+00 7.0350e+00
133 134 6.2886e+00 5.5484e+00 6.0316e+00 7.0350e+00
134 135 6.2886e+00 5.5484e+00 6.0316e+00 7.0350e+00
135 136 6.2886e+00 5.5484e+00 6.0316e+00 7.0350e+00
136 137 6.2886e+00 5.5484e+00 6.0316e+00 7.0350e+00
137 138 6.2886e+00 5.5484e+00 6.0316e+00 7.0350e+00
138 139 6.2886e+00 5.5484e+00 6.0316e+00 7.0350e+00
139 140 6.2886e+00 5.5484e+00 6.0316e+00 7.0350e+00
140 141 6.2886e+00 5.5484e+00 6.0316e+00 7.0350e+00
141 142 6.2886e+00 5.5484e+00 6.0316e+00 7.0350e+00
142 143 6.2886e+00 5.5484e+00 6.0316e+00 7.0350e+00
143 144 6.2886e+00 5.5484e+00 6.0316e+00 7.0350e+00
144 145 6.2886e+00 5.5484e+00 6.0316e+00 7.0350e+00
145 146 6.2886e+00 5.5484e+00 6.0316e+00 7.0350e+00
146 147 6.2886e+00 5.5484e+00 6.0316e+00 7.0350e+00
147 148 6.2886e+00 5.5484e+00 6.0316e+00 7.0350e+00
148 149 6.2886e+00 5.5484e+00 6.0316e+00 7.0350e+00
149 150 6.2886e+00 5.5484e+00 6.0316e+00 7.0350e+00
150 151 6.2886e+00 5.5484e+00 6.0316e+00 7.0350e+00
151 152 6.2886e+00 5.5484e+00 6.0316e+00 7.0350e+00
152 153 6.2886e+00 5.5484e+00 6.0316e+00 7.0350e+00
153 154 6.2886e+00 5.5484e+00 6.0316e+00 7.0350e+00
154 155 6.2886e+00 5.5484e+00 6.0316e+00 7.0350e+00
155 156 6.2886e+00 5.5484e+00 6.0316e+00 7.0350e+00
156 158 6.2886e+00 5.5484e+00 6.0316e+00 7.0350e+00
158 159 6.2886e+00 5.5484e+00 6.0316e+00 7.0350e+00
159 160 6.2886e+00 5.5484e+00 6.0316e+00 7.0350e+00
160 161 6.2886e+00 5.5484e+00 6.0316e+00 7.0350e+00
161 162 6.2886e+00 5.5484e+00 6.0316e+00 7.0350e+00
162 163 6.2886e+00 5.5484e+00 6.0316e+00 7.0350e+00
163 164 6.2886e+00 5.5484e+00 6.0316e+00 7.0350e+00
164 165 6.2886e+00 5.5484e+00 6.0316e+00 7.0350e+00
165 166 6.2886e+00 5.5484e+00 6.0316e+00 7.0350e+00
166 167 6.2886e+00 5.5484e+00 6.0316e+00 7.0350e+00
167 168 6.2886e+00 5.5484e+00 6.0316e+00 7.0350e+00
168 169 6.2886e+00 5.5484e+00 6.0316e+00 7.0350e+00
169 170 6.2886e+00 5.5484e+00 6.0316e+00 7.0350e+00
170 171 6.2886e+00 5.5484e+00 6.0316e+00 7.0350e+00
171 172 6.2886e+00 5.5484e+00 6.0316e+00 7.0350e+00
172 173 6.2886e+00 5.5484e+00 6.0316e+00 7.0350e+00
173 174 6.2886e+00 5.5484e+00 6.0316e+00 7.0350e+00
174 175 6.2886e+00 5.5484e+00 6.0316e+00 7.0350e+00
175 176 6.2886e+00 5.5484e+00 6.0316e+00 7.0350e+00
176 177 6.2886e+00 5.5484e+00 6.0316e+00 7.0350e+00
177 178 6.2886e+00 5.5484e+00 6.0316e+00 7.0350e+00
178 179 6.2886e+00 5.5484e+00 6.0316e+00 7.0350e+00
179 180 6.2886e+00 5.5484e+00 6.0316e+00 7.0350e+00
180 181 6.2886e+00 5.5484e+00 6.0316e+00 7.0350e+00
181 182 6.2886e+00 5.5484e+00 6.0316e+00 7.0350e+00
182 183 6.2886e+00 5.5484e+00 6.0316e+00 7.0350e+00
183 184 6.2886e+00 5.5484e+00 6.0316e+00 7.0350e+00
184 185 6.2886e+00 5.5484e+00 6.0316e+00 7.0350e+00
185 186 6.2886e+00 5.5484e+00 6.0316e+00 7.0350e+00
186 187 6.2886e+00 5.5484e+00 6.0316e+00 7.0350e+00
187 188 6.2886e+00 5.5484e+00 6.0316e+00 7.0350e+00
188 189 6.2886e+00 5.5484e+00 6.0316e+00 7.0350e+00
189 190 6.2886e+00 5.5484e+00 6.0316e+00 7.0350e+00
190 191 6.2886e+00 5.5484e+00 6.0316e+00 7.0350e+00
191 192 6.2886e+00 5.5484e+00 6.0316e+00 7.0350e+00
192 193 6.2886e+00 5.5484e+00 6.0316e+00 7.0350e+00
193 194 6.2886e+00 5.5484e+00 6.0316e+00 7.0350e+00
194 195 6.2886e+00 5.5484e+00 6.0316e+00 7.0350e+00
195 196 6.2886e+00 5.5484e+00 6.0316e+00 7.0350e+00
196 197 6.2886e+00 5.5484e+00 6.0316e+00 7.0350e+00
197 198 6.2886e+00 5.5484e+00 6.0316e+00 7.0350e+00
198 199 6.2886e+00 5.5484e+00 6.0316e+00 7.0350e+00
199 200 6.2886e+00 5.5484e+00 6.0316e+00 7.0350e+00
200 201 6.2886e+00 5.5484e+00 6.0316e+00 7.0350e+00
201 202 6.2886e+00 5.5484e+00 6.0316e+00 7.0350e+00
202 203 6.2886e+00 5.5484e+00 6.0316e+00 7.0350e+00
203 204 6.2886e+00 5.5484e+00 6.0316e+00 7.0350e+00
204 205 6.2886e+00 5.5484e+00 6.0316e+00 7.0350e+00
205 206 6.2886e+00 5.5484e+00 6.0316e+00 7.0350e+00
206 207 6.2886e+00 5.5484e+00 6.0316e+00 7.0350e+00
207 208 6.2886e+00 5.5484e+00 6.0316e+00 7.0350e+00
208 209 6.2886e+00 5.5484e+00 6.0316e+00 7.0350e+00
209 210 6.2886e+00 5.5484e+00 6.0316e+00 7.0350e+00
210 211 6.2886e+00 5.5484e+00 6.0316e+00 7.0350e+00
211 212 6.2886e+00 5.5484e+00 6.0316e+00 7.0350e+00
212 213 6.2886e+00 5.5484e+00 6.0316e+00 7.0350e+00
213 214 6.2886e+00 5.5484e+00 6.0316e+00 7.0350e+00
214 215 6.2886e+00 5.5484e+00 6.0316e+00 7.0350e+00
215 216 6.2886e+00 5.5484e+00 6.0316e+00 7.0350e+00
216 217 6.2886e+00 5.5484e+00 6.0316e+00 7.0350e+00
217 218 6.2886e+00 5.5484e+00 6.0316e+00 7.0350e+00
218 219 6.2886e+00 5.5484e+00 6.0316e+00 7.0350e+00
219 220 6.2886e+00 5.5484e+00 6.0316e+00 7.0350e+00
220 221 6.2886e+00 5.5484e+00 6.0316e+00 7.0350e+00
221 224 6.2886e+00 5.5484e+00 6.0316e+00 7.0350e+00
224 225 6.2886e+00 5.5484e+00 6.0316e+00 7.0350e+00
225 226 6.2886e+00 5.5484e+00 6.0316e+00 7.0350e+00
226 227 6.2886e+00 5.5484e+00 6.0316e+00 7.0350e+00
227 228 6.2886e+00 5.5484e+00 6.0316e+00 7.0350e+00
228 229 6.2886e+00 5.5484e+00 6.0316e+00 7.0350e+00
229 230 6.2886e+00 5.5484e+00 6.0316e+00 7.0350e+00
230 231 6.2886e+00 5.5484e+00 6.0316e+00 7.0350e+00
231 232 6.2886e+00 5.5484e+00 6.0316e+00 7.0350e+00
232 233 6.2886e+00 5.5484e+00 6.0316e+00 7.0350e+00
233 234 6.2886e+00 5.5484e+00 6.0316e+00 7.0350e+00
234 235 6.2886e+00 5.5484e+00 6.0316e+00 7.0350e+00
235 236 6.2886e+00 5.5484e+00 6.0316e+00 7.0350e+00
236 237 6.2886e+00 5.5484e+00 6.0316e+00 7.0350e+00
237 238 6.2886e+00 5.5484e+00 6.0316e+00 7.0350e+00
238 239 6.2886e+00 5.5484e+00 6.0316e+00 7.0350e+00
239 240 6.2886e+00 5.5484e+00 6.0316e+00 7.0350e+00
240 241 6.2886e+00 5.5484e+00 6.0316e+00 7.0350e+00
241 243 6.2886e+00 5.5484e+00 6.0316e+00 7.0350e+00
243 244 6.2886e+00 5.5484e+00 6.0316e+00 7.0350e+00
244 245 6.2886e+00 5.5484e+00 6.0316e+00 7.0350e+00
245 246 6.2886e+00 5.5484e+00 6.0316e+00 7.0350e+00
246 247 6.2886e+00 5.5484e+00 6.0316e+00 7.0350e+00
247 248 6.2886e+00 5.5484e+00 6.0316e+00 7.0350e+00
248 249 6.2886e+00 5.5484e+00 6.0316e+00 7.0350e+00
249 250 6.2886e+00 5.5484e+00 6.0316e+00 7.0350e+00
250 251 6.2886e+00 5.5484e+00 6.0316e+00 7.0350e+00
251 252 6.2886e+00 5.5484e+00 6.0316e+00 7.0350e+00
252 253 6.2886e+00 5.5484e+00 6.0316e+00 7.0350e+00
253 254 6.2886e+00 5.5484e+00 6.0316e+00 7.0350e+00
254 255 6.2886e+00 5.5484e+00 6.0316e+00 7.0350e+00
255 256 6.2886e+00 5.5484e+00 6.0316e+00 7.0350e+00
256 257 6.2886e+00 5.5484e+00 6.0316e+00 7.0350e+00
257 258 6.2886e+00 5.5484e+00 6.0316e+00 7.0350e+00
258 259 6.2886e+00 5.5484e+00 6.0316e+00 7.0350e+00
259 260 6.2886e+00 5.5484e+00 6.0316e+00 7.0350e+00
260 261 6.2886e+00 5.5484e+00 6.0316e+00 7.0350e+00
261 262 6.2886e+00 5.5484e+00 6.0316e+00 7.0350e+00
262 263 6.2886e+00 5.5484e+00 6.0316e+00 7.0350e+00
263 264 6.2886e+00 5.5484e+00 6.0316e+00 7.0350e+00
264 265 6.2886e+00 5.5484e+00 6.0316e+00 7.0350e+00
265 266 6.2886e+00 5.5484e+00 6.0316e+00 7.0350e+00
266 267 6.2886e+00 5.5484e+00 6.0316e+00 7.0350e+00
267 268 6.2886e+00 5.5484e+00 6.0316e+00 7.0350e+00
268 269 6.2886e+00 5.5484e+00 6.0316e+00 7.0350e+00
269 270 6.2886e+00 5.5484e+00 6.0316e+00 7.0350e+00
270 271 6.2886e+00 5.5484e+00 6.0316e+00 7.0350e+00
271 272 6.2886e+00 5.5484e+00 6.0316e+00 7.0350e+00
272 273 6.2886e+00 5.5484e+00 6.0316e+00 7.0350e+00
273 274 6.2886e+00 5.5484e+00 6.0316e+00 7.0350e+00
274 275 6.2886e+00 5.5484e+00 6.0316e+00 7.0350e+00
275 276 6.2886e+00 5.5484e+00 6.0316e+00 7.0350e+00
276 277 6.2886e+00 5.5484e+00 6.0316e+00 7.0350e+00
277 278 6.2886e+00 5.5484e+00 6.0316e+00 7.0350e+00
278 279 6.2886e+00 5.5484e+00 6.0316e+00 7.0350e+00
279 280 6.2886e+00 5.5484e+00 6.0316e+00 7.0350e+00
280 281 6.2886e+00 5.5484e+00 6.0316e+00 7.0350e+00
281 282 6.2886e+00 5.5484e+00 6.0316e+00 7.0350e+00
282 283 6.2886e+00 5.5484e+00 6.0316e+00 7.0350e+00
283 284 6.2886e+00 5.5484e+00 6.0316e+00 7.0350e+00
284 285 6.2886e+00 5.5484e+00 6.0316e+00 7.0350e+00
285 286 6.2886e+00 5.5484e+00 6.0316e+00 7.0350e+00
286 287 6.2886e+00 5.5484e+00 6.0316e+00 7.0350e+00
287 288 6.2886e+00 5.5484e+00 6.0316e+00 7.0350e+00
288 289 6.2886e+00 5.5484e+00 6.0316e+00 7.0350e+00
289 290 6.2886e+00 5.5484e+00 6.0316e+00 7.0350e+00
290 291 6.2886e+00 5.5484e+00 6.0316e+00 7.0350e+00
291 292 6.2886e+00 5.5484e+00 6.0316e+00 7.0350e+00
292 293 6.2886e+00 5.5484e+00 6.0316e+00 7.0350e+00
293 294 6.2886e+00 5.5484e+00 6.0316e+00 7.0350e+00
294 295 6.2886e+00 5.5484e+00 6.0316e+00 7.0350e+00
295 296 6.2886e+00 5.5484e+00 6.0316e+00 7.0350e+00
296 297 6.2886e+00 5.5484e+00 6.0316e+00 7.0350e+00
297 298 6.2886e+00 5.5484e+00 6.0316e+00 7.0350e+00
298 299 6.2886e+00 5.5484e+00 6.0316e+00 7.0350e+00
299 300 6.2886e+00 5.5484e+00 6.0316e+00 7.0350e+00
300 302 6.2886e+00 5.5484e+00 6.0316e+00 7.0350e+00
302 303 6.2886e+00 5.5484e+00 6.0316e+00 7.0350e+00
303 304 6.2886e+00 5.5484e+00 6.0316e+00 7.0350e+00
304 305 6.2886e+00 5.5484e+00 6.0316e+00 7.0350e+00
305 306 6.2886e+00 5.5484e+00 6.0316e+00 7.0350e+00
306 307 6.2886e+00 5.5484e+00 6.0316e+00 7.0350e+00
307 308 6.2886e+00 5.5484e+00 6.0316e+00 7.0350e+00
308 309 6.2886e+00 5.5484e+00 6.0316e+00 7.0350e+00
309 310 6.2886e+00 5.5484e+00 6.0316e+00 7.0350e+00
310 311 6.2886e+00 5.5484e+00 6.0316e+00 7.0350e+00
311 312 6.2886e+00 5.5484e+00 6.0316e+00 7.0350e+00
312 313 6.2886e+00 5.5484e+00 6.0316e+00 7.0350e+00
313 314 6.2886e+00 5.5484e+00 6.0316e+00 7.0350e+00
314 315 6.2886e+00 5.5484e+00 6.0316e+00 7.0350e+00
315 316 6.2886e+00 5.5484e+00 6.0316e+00 7.0350e+00
316 317 6.2886e+00 5.5484e+00 6.0316e+00 7.0350e+00
317 318 6.2886e+00 5.5484e+00 6.0316e+00 7.0350e+00
318 319 6.2886e+00 5.5484e+00 6.0316e+00 7.0350e+00
319 320 6.2886e+00 5.5484e+00 6.0316e+00 7.0350e+00
320 321 6.2886e+00 5.5484e+00 6.0316e+00 7.0350e+00
321 322 6.2886e+00 5.5484e+00 6.0316e+00 7.0350e+00
322 323 6.2886e+00 5.5484e+00 6.0316e+00 7.0350e+00
323 324 6.2886e+00 5.5484e+00 6.0316e+00 7.0350e+00
324 325 6.2886e+00 5.5484e+00 6.0316e+00 7.0350e+00
325 326 6.2886e+00 5.5484e+00 6.0316e+00 7.0350e+00
326 327 6.2886e+00 5.5484e+00 6.0316e+00 7.0350e+00
327 328 6.2886e+00 5.5484e+00 6.0316e+00 7.0350e+00
328 329 6.2886e+00 5.5484e+00 6.0316e+00 7.0350e+00
329 330 6.2886e+00 5.5484e+00 6.0316e+00 7.0350e+00
330 331 6.2886e+00 5.5484e+00 6.0316e+00 7.0350e+00
331 332 6.2886e+00 5.5484e+00 6.0316e+00 7.0350e+00
332 333 6.2885e+00 5.5484e+00 6.0316e+00 7.0350e+00
333 334 6.2885e+00 5.5484e+00 6.0316e+00 7.0350e+00
334 335 6.2885e+00 5.5484e+00 6.0316e+00 7.0350e+00
335 336 6.2884e+00 5.5484e+00 6.0316e+00 7.0350e+00
336 337 6.2884e+00 5.5484e+00 6.0316e+00 7.0350e+00
337 338 6.2884e+00 5.5484e+00 6.0316e+00 7.0350e+00
338 339 6.2884e+00 5.5484e+00 6.0316e+00 7.0350e+00
339 340 6.2884e+00 5.5484e+00 6.0316e+00 7.0350e+00
340 341 6.2822e+00 5.5385e+00 6.0315e+00 7.0333e+00
341 342 6.2809e+00 5.5385e+00 6.0315e+00 7.0333e+00
342 343 6.2800e+00 5.5385e+00 6.0315e+00 7.0333e+00
343 344 6.2800e+00 5.5385e+00 6.0315e+00 7.0333e+00
344 345 6.2800e+00 5.5385e+00 6.0315e+00 7.0333e+00
345 346 6.2800e+00 5.5385e+00 6.0315e+00 7.0333e+00
346 347 6.2800e+00 5.5385e+00 6.0315e+00 7.0333e+00
347 348 6.2800e+00 5.5385e+00 6.0315e+00 7.0333e+00
348 349 6.2800e+00 5.5385e+00 6.0315e+00 7.0333e+00
349 350 6.2800e+00 5.5385e+00 6.0315e+00 7.0333e+00
350 351 6.2800e+00 5.5385e+00 6.0315e+00 7.0333e+00
351 353 6.2800e+00 5.5385e+00 6.0315e+00 7.0333e+00
353 354 6.2800e+00 5.5385e+00 6.0315e+00 7.0333e+00
354 355 6.2800e+00 5.5385e+00 6.0315e+00 7.0333e+00
355 356 6.2800e+00 5.5385e+00 6.0315e+00 7.0333e+00
356 357 6.2800e+00 5.5385e+00 6.0315e+00 7.0333e+00
357 358 6.2800e+00 5.5385e+00 6.0315e+00 7.0333e+00
358 359 6.2800e+00 5.5385e+00 6.0315e+00 7.0333e+00
359 360 6.2800e+00 5.5385e+00 6.0315e+00 7.0333e+00
360 361 6.2800e+00 5.5385e+00 6.0315e+00 7.0333e+00
361 362 6.2800e+00 5.5385e+00 6.0315e+00 7.0333e+00
362 363 6.2800e+00 5.5385e+00 6.0315e+00 7.0333e+00
363 364 6.2800e+00 5.5385e+00 6.0315e+00 7.0333e+00
364 365 6.2800e+00 5.5385e+00 6.0315e+00 7.0333e+00
365 366 6.2800e+00 5.5385e+00 6.0315e+00 7.0333e+00
366 367 6.2800e+00 5.5385e+00 6.0315e+00 7.0333e+00
367 368 6.2800e+00 5.5385e+00 6.0315e+00 7.0333e+00
368 369 6.2800e+00 5.5385e+00 6.0315e+00 7.0333e+00
369 370 6.2800e+00 5.5385e+00 6.0315e+00 7.0333e+00
370 371 6.2800e+00 5.5385e+00 6.0315e+00 7.0333e+00
371 372 6.2800e+00 5.5385e+00 6.0315e+00 7.0333e+00
372 373 6.2800e+00 5.5385e+00 6.0315e+00 7.0333e+00
373 374 6.2800e+00 5.5385e+00 6.0315e+00 7.0333e+00
374 375 6.2800e+00 5.5385e+00 6.0315e+00 7.0333e+00
375 376 6.2800e+00 5.5385e+00 6.0315e+00 7.0333e+00
376 377 6.2800e+00 5.5385e+00 6.0315e+00 7.0333e+00
377 378 6.2800e+00 5.5385e+00 6.0315e+00 7.0333e+00
378 379 6.2800e+00 5.5385e+00 6.0315e+00 7.0333e+00
379 380 6.2800e+00 5.5385e+00 6.0315e+00 7.0333e+00
380 381 6.2800e+00 5.5385e+00 6.0315e+00 7.0333e+00
381 382 6.2800e+00 5.5385e+00 6.0315e+00 7.0333e+00
382 383 6.2800e+00 5.5385e+00 6.0315e+00 7.0333e+00
383 384 6.2800e+00 5.5385e+00 6.0315e+00 7.0333e+00
384 385 6.2800e+00 5.5385e+00 6.0315e+00 7.0333e+00
385 386 6.2800e+00 5.5385e+00 6.0315e+00 7.0333e+00
386 387 6.2800e+00 5.5385e+00 6.0315e+00 7.0333e+00
387 388 6.2800e+00 5.5385e+00 6.0315e+00 7.0333e+00
388 389 6.2800e+00 5.5385e+00 6.0315e+00 7.0333e+00
389 390 6.2800e+00 5.5385e+00 6.0315e+00 7.0333e+00
390 391 6.2800e+00 5.5385e+00 6.0315e+00 7.0333e+00
391 392 6.2800e+00 5.5385e+00 6.0315e+00 7.0333e+00
392 394 6.2800e+00 5.5385e+00 6.0315e+00 7.0333e+00
394 395 6.2800e+00 5.5385e+00 6.0315e+00 7.0333e+00
395 396 6.2800e+00 5.5385e+00 6.0315e+00 7.0333e+00
396 397 6.2800e+00 5.5385e+00 6.0315e+00 7.0333e+00
397 398 6.2800e+00 5.5385e+00 6.0315e+00 7.0333e+00
398 399 6.2800e+00 5.5385e+00 6.0315e+00 7.0333e+00
399 400 6.2800e+00 5.5385e+00 6.0315e+00 7.0333e+00
400 401 6.2800e+00 5.5385e+00 6.0315e+00 7.0333e+00
401 402 6.2800e+00 5.5385e+00 6.0315e+00 7.0333e+00
402 403 6.2800e+00 5.5385e+00 6.0315e+00 7.0333e+00
403 404 6.2800e+00 5.5385e+00 6.0315e+00 7.0333e+00
404 405 6.2800e+00 5.5385e+00 6.0315e+00 7.0333e+00
405 406 6.2800e+00 5.5385e+00 6.0315e+00 7.0333e+00
406 407 6.2800e+00 5.5385e+00 6.0315e+00 7.0333e+00
407 408 6.2800e+00 5.5385e+00 6.0315e+00 7.0333e+00
408 409 6.2800e+00 5.5385e+00 6.0315e+00 7.0333e+00
409 410 6.2800e+00 5.5385e+00 6.0315e+00 7.0333e+00
410 411 6.2800e+00 5.5385e+00 6.0315e+00 7.0333e+00
411 412 6.2800e+00 5.5385e+00 6.0315e+00 7.0333e+00
412 413 6.2800e+00 5.5385e+00 6.0315e+00 7.0333e+00
413 414 6.2800e+00 5.5385e+00 6.0315e+00 7.0333e+00
414 415 6.2800e+00 5.5385e+00 6.0315e+00 7.0333e+00
415 416 6.2800e+00 5.5385e+00 6.0315e+00 7.0333e+00
416 417 6.2800e+00 5.5385e+00 6.0315e+00 7.0333e+00
417 418 6.2800e+00 5.5385e+00 6.0315e+00 7.0333e+00
418 419 6.2800e+00 5.5385e+00 6.0315e+00 7.0333e+00
419 420 6.2800e+00 5.5385e+00 6.0315e+00 7.0333e+00
420 421 6.2800e+00 5.5385e+00 6.0315e+00 7.0333e+00
421 422 6.2800e+00 5.5385e+00 6.0315e+00 7.0333e+00
422 424 6.2800e+00 5.5385e+00 6.0315e+00 7.0333e+00
424 425 6.2800e+00 5.5385e+00 6.0315e+00 7.0333e+00
425 426 6.2800e+00 5.5385e+00 6.0315e+00 7.0333e+00
426 427 6.2800e+00 5.5385e+00 6.0315e+00 7.0333e+00
427 428 6.2800e+00 5.5385e+00 6.0315e+00 7.0333e+00
428 430 6.2800e+00 5.5385e+00 6.0315e+00 7.0333e+00
430 431 6.2800e+00 5.5385e+00 6.0315e+00 7.0333e+00
431 432 6.2800e+00 5.5385e+00 6.0315e+00 7.0333e+00
432 433 6.2800e+00 5.5385e+00 6.0315e+00 7.0333e+00
433 434 6.2800e+00 5.5385e+00 6.0315e+00 7.0333e+00
434 435 6.2800e+00 5.5385e+00 6.0315e+00 7.0333e+00
435 436 6.2800e+00 5.5385e+00 6.0315e+00 7.0333e+00
436 437 6.2800e+00 5.5385e+00 6.0315e+00 7.0333e+00
437 438 6.2800e+00 5.5385e+00 6.0315e+00 7.0333e+00
438 439 6.2800e+00 5.5385e+00 6.0315e+00 7.0333e+00
439 440 6.2800e+00 5.5385e+00 6.0315e+00 7.0333e+00
440 441 6.2800e+00 5.5385e+00 6.0315e+00 7.0333e+00
441 442 6.2800e+00 5.5385e+00 6.0315e+00 7.0333e+00
442 443 6.2800e+00 5.5385e+00 6.0315e+00 7.0333e+00
443 444 6.2800e+00 5.5385e+00 6.0315e+00 7.0333e+00
444 445 6.2800e+00 5.5385e+00 6.0315e+00 7.0333e+00
445 446 6.2800e+00 5.5385e+00 6.0315e+00 7.0333e+00
446 447 6.2800e+00 5.5385e+00 6.0315e+00 7.0333e+00
447 448 6.2800e+00 5.5385e+00 6.0315e+00 7.0333e+00
448 449 6.2800e+00 5.5385e+00 6.0315e+00 7.0333e+00
449 450 6.2800e+00 5.5385e+00 6.0315e+00 7.0333e+00
450 451 6.2800e+00 5.5385e+00 6.0315e+00 7.0333e+00
451 452 6.2800e+00 5.5385e+00 6.0315e+00 7.0333e+00
452 453 6.2800e+00 5.5385e+00 6.0315e+00 7.0333e+00
453 454 6.2800e+00 5.5385e+00 6.0315e+00 7.0333e+00
454 455 6.2800e+00 5.5385e+00 6.0315e+00 7.0333e+00
455 456 6.2800e+00 5.5385e+00 6.0315e+00 7.0333e+00
456 457 6.2800e+00 5.5385e+00 6.0315e+00 7.0333e+00
457 458 6.2800e+00 5.5385e+00 6.0315e+00 7.0333e+00
458 459 6.2800e+00 5.5385e+00 6.0315e+00 7.0333e+00
459 460 6.2800e+00 5.5385e+00 6.0315e+00 7.0333e+00
460 461 6.2800e+00 5.5385e+00 6.0315e+00 7.0333e+00
461 462 6.2800e+00 5.5385e+00 6.0315e+00 7.0333e+00
462 463 6.2800e+00 5.5385e+00 6.0315e+00 7.0333e+00
463 464 6.2800e+00 5.5385e+00 6.0315e+00 7.0333e+00
464 465 6.2800e+00 5.5385e+00 6.0315e+00 7.0333e+00
465 466 6.2800e+00 5.5385e+00 6.0315e+00 7.0333e+00
466 467 6.2800e+00 5.5385e+00 6.0315e+00 7.0333e+00
467 468 6.2800e+00 5.5385e+00 6.0315e+00 7.0333e+00
468 469 6.2800e+00 5.5385e+00 6.0315e+00 7.0333e+00
469 470 6.2800e+00 5.5385e+00 6.0315e+00 7.0333e+00
470 471 6.2800e+00 5.5385e+00 6.0315e+00 7.0333e+00
471 472 6.2800e+00 5.5385e+00 6.0315e+00 7.0333e+00
472 473 6.2800e+00 5.5385e+00 6.0315e+00 7.0333e+00
473 474 6.2800e+00 5.5385e+00 6.0315e+00 7.0333e+00
474 475 6.2800e+00 5.5385e+00 6.0315e+00 7.0333e+00
475 476 6.2800e+00 5.5385e+00 6.0315e+00 7.0333e+00
476 477 6.2800e+00 5.5385e+00 6.0315e+00 7.0333e+00
477 478 6.2800e+00 5.5385e+00 6.0315e+00 7.0333e+00
478 479 6.2800e+00 5.5385e+00 6.0315e+00 7.0333e+00
479 480 6.2800e+00 5.5385e+00 6.0315e+00 7.0333e+00
480 481 6.2800e+00 5.5385e+00 6.0315e+00 7.0333e+00
481 482 6.2800e+00 5.5385e+00 6.0315e+00 7.0333e+00
482 483 6.2800e+00 5.5385e+00 6.0315e+00 7.0333e+00
483 484 6.2800e+00 5.5385e+00 6.0315e+00 7.0333e+00
484 485 6.2800e+00 5.5385e+00 6.0315e+00 7.0333e+00
485 487 6.2800e+00 5.5385e+00 6.0315e+00 7.0333e+00
487 488 6.2800e+00 5.5385e+00 6.0315e+00 7.0333e+00
488 489 6.2800e+00 5.5385e+00 6.0315e+00 7.0333e+00
489 490 6.2800e+00 5.5385e+00 6.0315e+00 7.0333e+00
490 491 6.2800e+00 5.5385e+00 6.0315e+00 7.0333e+00
491 492 6.2800e+00 5.5385e+00 6.0315e+00 7.0333e+00
492 493 6.2800e+00 5.5385e+00 6.0315e+00 7.0333e+00
493 494 6.2800e+00 5.5385e+00 6.0315e+00 7.0333e+00
494 495 6.2800e+00 5.5385e+00 6.0315e+00 7.0333e+00
495 496 6.2800e+00 5.5385e+00 6.0315e+00 7.0333e+00
496 497 6.2800e+00 5.5385e+00 6.0315e+00 7.0333e+00
497 498 6.2800e+00 5.5385e+00 6.0315e+00 7.0333e+00
498 499 6.2800e+00 5.5385e+00 6.0315e+00 7.0333e+00
499 500 6.2800e+00 5.5385e+00 6.0315e+00 7.0333e+00
500 501 6.2800e+00 5.5385e+00 6.0315e+00 7.0333e+00
501 502 6.2800e+00 5.5385e+00 6.0315e+00 7.0333e+00
502 503 6.2800e+00 5.5385e+00 6.0315e+00 7.0333e+00
503 504 6.2800e+00 5.5385e+00 6.0315e+00 7.0333e+00
504 505 6.2800e+00 5.5385e+00 6.0315e+00 7.0333e+00
505 506 6.2800e+00 5.5385e+00 6.0315e+00 7.0333e+00
506 507 6.2800e+00 5.5385e+00 6.0315e+00 7.0333e+00
507 508 6.2800e+00 5.5385e+00 6.0315e+00 7.0333e+00
508 509 6.2800e+00 5.5385e+00 6.0315e+00 7.0333e+00
509 510 6.2800e+00 5.5385e+00 6.0315e+00 7.0333e+00
510 511 6.2800e+00 5.5385e+00 6.0315e+00 7.0333e+00
511 512 6.2800e+00 5.5385e+00 6.0315e+00 7.0333e+00
512 513 6.2800e+00 5.5385e+00 6.0315e+00 7.0333e+00
513 514 6.2800e+00 5.5385e+00 6.0315e+00 7.0333e+00
514 515 6.2800e+00 5.5385e+00 6.0315e+00 7.0333e+00
515 516 6.2800e+00 5.5385e+00 6.0315e+00 7.0333e+00
516 517 6.2800e+00 5.5385e+00 6.0315e+00 7.0333e+00
517 518 6.2800e+00 5.5385e+00 6.0315e+00 7.0333e+00
518 519 6.2800e+00 5.5385e+00 6.0315e+00 7.0333e+00
519 520 6.2800e+00 5.5385e+00 6.0315e+00 7.0333e+00
520 521 6.2800e+00 5.5385e+00 6.0315e+00 7.0333e+00
521 522 6.2800e+00 5.5385e+00 6.0315e+00 7.0333e+00
522 523 6.2800e+00 5.5385e+00 6.0315e+00 7.0333e+00
523 524 6.2800e+00 5.5385e+00 6.0315e+00 7.0333e+00
524 525 6.2800e+00 5.5385e+00 6.0315e+00 7.0333e+00
525 526 6.2800e+00 5.5385e+00 6.0315e+00 7.0333e+00
526 527 6.2800e+00 5.5385e+00 6.0315e+00 7.0333e+00
527 528 6.2800e+00 5.5385e+00 6.0315e+00 7.0333e+00
528 529 6.2800e+00 5.5385e+00 6.0315e+00 7.0333e+00
529 530 6.2800e+00 5.5385e+00 6.0315e+00 7.0333e+00
530 531 6.2800e+00 5.5385e+00 6.0315e+00 7.0333e+00
531 532 6.2800e+00 5.5385e+00 6.0315e+00 7.0333e+00
532 533 6.2800e+00 5.5385e+00 6.0315e+00 7.0333e+00
533 534 6.2800e+00 5.5385e+00 6.0315e+00 7.0333e+00
534 535 6.2800e+00 5.5385e+00 6.0315e+00 7.0333e+00
535 536 6.2800e+00 5.5385e+00 6.0315e+00 7.0333e+00
536 537 6.2800e+00 5.5385e+00 6.0315e+00 7.0333e+00
537 538 6.2800e+00 5.5385e+00 6.0315e+00 7.0333e+00
538 539 6.2800e+00 5.5385e+00 6.0315e+00 7.0333e+00
539 540 6.2800e+00 5.5385e+00 6.0315e+00 7.0333e+00
540 541 6.2800e+00 5.5385e+00 6.0315e+00 7.0333e+00
541 542 6.2800e+00 5.5385e+00 6.0315e+00 7.0333e+00
542 543 6.2800e+00 5.5385e+00 6.0315e+00 7.0333e+00
543 544 6.2800e+00 5.5385e+00 6.0315e+00 7.0333e+00
544 545 6.2800e+00 5.5385e+00 6.0315e+00 7.0333e+00
545 546 6.2800e+00 5.5385e+00 6.0315e+00 7.0333e+00
546 547 6.2800e+00 5.5385e+00 6.0315e+00 7.0333e+00
547 548 6.2800e+00 5.5385e+00 6.0315e+00 7.0333e+00
548 549 6.2800e+00 5.5385e+00 6.0315e+00 7.0333e+00
549 550 6.2800e+00 5.5385e+00 6.0315e+00 7.0333e+00
550 551 6.2800e+00 5.5385e+00 6.0315e+00 7.0333e+00
551 552 6.2800e+00 5.5385e+00 6.0315e+00 7.0333e+00
552 553 6.2800e+00 5.5385e+00 6.0315e+00 7.0333e+00
553 554 6.2800e+00 5.5385e+00 6.0315e+00 7.0333e+00
554 555 6.2800e+00 5.5385e+00 6.0315e+00 7.0333e+00
555 556 6.2800e+00 5.5385e+00 6.0315e+00 7.0333e+00
556 557 6.2800e+00 5.5385e+00 6.0315e+00 7.0333e+00
557 558 6.2800e+00 5.5385e+00 6.0315e+00 7.0333e+00
558 559 6.2800e+00 5.5385e+00 6.0315e+00 7.0333e+00
559 560 6.2800e+00 5.5385e+00 6.0315e+00 7.0333e+00
560 561 6.2800e+00 5.5385e+00 6.0315e+00 7.0333e+00
561 562 6.2800e+00 5.5385e+00 6.0315e+00 7.0333e+00
562 563 6.2800e+00 5.5385e+00 6.0315e+00 7.0333e+00
563 564 6.2800e+00 5.5385e+00 6.0315e+00 7.0333e+00
564 565 6.2800e+00 5.5385e+00 6.0315e+00 7.0333e+00
565 566 6.2800e+00 5.5385e+00 6.0315e+00 7.0333e+00
566 567 6.2800e+00 5.5385e+00 6.0315e+00 7.0333e+00
567 568 6.2800e+00 5.5385e+00 6.0315e+00 7.0333e+00
568 569 6.2800e+00 5.5385e+00 6.0315e+00 7.0333e+00
569 570 6.2800e+00 5.5385e+00 6.0315e+00 7.0333e+00
570 571 6.2800e+00 5.5385e+00 6.0315e+00 7.0333e+00
571 572 6.2800e+00 5.5385e+00 6.0315e+00 7.0333e+00
572 573 6.2800e+00 5.5385e+00 6.0315e+00 7.0333e+00
573 574 6.2800e+00 5.5385e+00 6.0315e+00 7.0333e+00
574 575 6.2800e+00 5.5385e+00 6.0315e+00 7.0333e+00
575 576 6.2800e+00 5.5385e+00 6.0315e+00 7.0333e+00
576 577 6.2800e+00 5.5385e+00 6.0315e+00 7.0333e+00
577 579 6.2800e+00 5.5385e+00 6.0315e+00 7.0333e+00
579 580 6.2800e+00 5.5385e+00 6.0315e+00 7.0333e+00
580 581 6.2800e+00 5.5385e+00 6.0315e+00 7.0333e+00
581 582 6.2800e+00 5.5385e+00 6.0315e+00 7.0333e+00
582 583 6.2800e+00 5.5385e+00 6.0315e+00 7.0333e+00
583 584 6.2800e+00 5.5385e+00 6.0315e+00 7.0333e+00
584 585 6.2800e+00 5.5385e+00 6.0315e+00 7.0333e+00
585 586 6.2800e+00 5.5385e+00 6.0315e+00 7.0333e+00
586 587 6.2800e+00 5.5385e+00 6.0315e+00 7.0333e+00
587 588 6.2800e+00 5.5385e+00 6.0315e+00 7.0333e+00
588 589 6.2800e+00 5.5385e+00 6.0315e+00 7.0333e+00
589 590 6.2800e+00 5.5385e+00 6.0315e+00 7.0333e+00
590 591 6.2800e+00 5.5385e+00 6.0315e+00 7.0333e+00
591 592 6.2800e+00 5.5385e+00 6.0315e+00 7.0333e+00
592 593 6.2800e+00 5.5385e+00 6.0315e+00 7.0333e+00
593 594 6.2800e+00 5.5385e+00 6.0315e+00 7.0333e+00
594 595 6.2800e+00 5.5385e+00 6.0315e+00 7.0333e+00
595 596 6.2800e+00 5.5385e+00 6.0315e+00 7.0333e+00
596 597 6.2800e+00 5.5385e+00 6.0315e+00 7.0333e+00
597 598 6.2800e+00 5.5385e+00 6.0315e+00 7.0333e+00
598 599 6.2800e+00 5.5385e+00 6.0315e+00 7.0333e+00
599 600 6.2800e+00 5.5385e+00 6.0315e+00 7.0333e+00
600 601 6.2800e+00 5.5385e+00 6.0315e+00 7.0333e+00
601 602 6.2800e+00 5.5385e+00 6.0315e+00 7.0333e+00
602 603 6.2800e+00 5.5385e+00 6.0315e+00 7.0333e+00
603 604 6.2800e+00 5.5385e+00 6.0315e+00 7.0333e+00
604 605 6.2800e+00 5.5385e+00 6.0315e+00 7.0333e+00
605 606 6.2800e+00 5.5385e+00 6.0315e+00 7.0333e+00
606 607 6.2800e+00 5.5385e+00 6.0315e+00 7.0333e+00
607 608 6.2800e+00 5.5385e+00 6.0315e+00 7.0333e+00
608 609 6.2800e+00 5.5385e+00 6.0315e+00 7.0333e+00
609 610 6.2800e+00 5.5385e+00 6.0315e+00 7.0333e+00
610 611 6.2800e+00 5.5385e+00 6.0315e+00 7.0333e+00
611 612 6.2800e+00 5.5385e+00 6.0315e+00 7.0333e+00
612 613 6.2800e+00 5.5385e+00 6.0315e+00 7.0333e+00
613 614 6.2800e+00 5.5385e+00 6.0315e+00 7.0333e+00
614 615 6.2800e+00 5.5385e+00 6.0315e+00 7.0333e+00
615 616 6.2800e+00 5.5385e+00 6.0315e+00 7.0333e+00
616 618 6.2800e+00 5.5385e+00 6.0315e+00 7.0333e+00
618 619 6.2800e+00 5.5385e+00 6.0315e+00 7.0333e+00
619 620 6.2800e+00 5.5385e+00 6.0315e+00 7.0333e+00
620 621 6.2800e+00 5.5385e+00 6.0315e+00 7.0333e+00
621 622 6.2800e+00 5.5385e+00 6.0315e+00 7.0333e+00
622 623 6.2800e+00 5.5385e+00 6.0315e+00 7.0333e+00
623 625 6.2800e+00 5.5385e+00 6.0315e+00 7.0333e+00
625 626 6.2800e+00 5.5385e+00 6.0315e+00 7.0333e+00
626 627 6.2800e+00 5.5385e+00 6.0315e+00 7.0333e+00
627 629 6.2800e+00 5.5385e+00 6.0315e+00 7.0333e+00
629 630 6.2800e+00 5.5385e+00 6.0315e+00 7.0333e+00
630 631 6.2800e+00 5.5385e+00 6.0315e+00 7.0333e+00
631 632 6.2800e+00 5.5385e+00 6.0315e+00 7.0333e+00
632 633 6.2800e+00 5.5385e+00 6.0315e+00 7.0333e+00
633 634 6.2800e+00 5.5385e+00 6.0315e+00 7.0333e+00
634 635 6.2800e+00 5.5385e+00 6.0315e+00 7.0333e+00
635 636 6.2800e+00 5.5385e+00 6.0315e+00 7.0333e+00
636 637 6.2800e+00 5.5385e+00 6.0315e+00 7.0333e+00
637 638 6.2800e+00 5.5385e+00 6.0315e+00 7.0333e+00
638 639 6.2800e+00 5.5385e+00 6.0315e+00 7.0333e+00
639 642 6.2800e+00 5.5385e+00 6.0315e+00 7.0333e+00
642 643 6.2800e+00 5.5385e+00 6.0315e+00 7.0333e+00
643 644 6.2800e+00 5.5385e+00 6.0315e+00 7.0333e+00
644 645 6.2800e+00 5.5385e+00 6.0315e+00 7.0333e+00
645 646 6.2800e+00 5.5385e+00 6.0315e+00 7.0333e+00
646 647 6.2800e+00 5.5385e+00 6.0315e+00 7.0333e+00
647 648 6.2800e+00 5.5385e+00 6.0315e+00 7.0333e+00
648 649 6.2800e+00 5.5385e+00 6.0315e+00 7.0333e+00
649 651 6.2800e+00 5.5385e+00 6.0315e+00 7.0333e+00
651 652 6.2800e+00 5.5385e+00 6.0315e+00 7.0333e+00
652 653 6.2800e+00 5.5385e+00 6.0315e+00 7.0333e+00
653 654 6.2800e+00 5.5385e+00 6.0315e+00 7.0333e+00
654 655 6.2800e+00 5.5385e+00 6.0315e+00 7.0333e+00
655 656 6.2800e+00 5.5385e+00 6.0315e+00 7.0333e+00
656 657 6.2800e+00 5.5385e+00 6.0315e+00 7.0333e+00
657 658 6.2800e+00 5.5385e+00 6.0315e+00 7.0333e+00
658 659 6.2800e+00 5.5385e+00 6.0315e+00 7.0333e+00
659 660 6.2800e+00 5.5385e+00 6.0315e+00 7.0333e+00
660 661 6.2800e+00 5.5385e+00 6.0315e+00 7.0333e+00
661 662 6.2800e+00 5.5385e+00 6.0315e+00 7.0333e+00
662 663 6.2800e+00 5.5385e+00 6.0315e+00 7.0333e+00
663 664 6.2800e+00 5.5385e+00 6.0315e+00 7.0333e+00
664 665 6.2800e+00 5.5385e+00 6.0315e+00 7.0333e+00
665 666 6.2800e+00 5.5385e+00 6.0315e+00 7.0333e+00
666 667 6.2800e+00 5.5385e+00 6.0315e+00 7.0333e+00
667 668 6.2800e+00 5.5385e+00 6.0315e+00 7.0333e+00
668 669 6.2800e+00 5.5385e+00 6.0315e+00 7.0333e+00
669 670 6.2800e+00 5.5385e+00 6.0315e+00 7.0333e+00
670 671 6.2800e+00 5.5385e+00 6.0315e+00 7.0333e+00
671 672 6.2800e+00 5.5385e+00 6.0315e+00 7.0333e+00
672 673 6.2800e+00 5.5385e+00 6.0315e+00 7.0333e+00
673 674 6.2800e+00 5.5385e+00 6.0315e+00 7.0333e+00
674 675 6.2800e+00 5.5385e+00 6.0315e+00 7.0333e+00
675 676 6.2800e+00 5.5385e+00 6.0315e+00 7.0333e+00
676 677 6.2800e+00 5.5385e+00 6.0315e+00 7.0333e+00
677 678 6.2800e+00 5.5385e+00 6.0315e+00 7.0333e+00
678 679 6.2800e+00 5.5385e+00 6.0315e+00 7.0333e+00
679 680 6.2800e+00 5.5385e+00 6.0315e+00 7.0333e+00
680 681 6.2800e+00 5.5385e+00 6.0315e+00 7.0333e+00
681 682 6.2800e+00 5.5385e+00 6.0315e+00 7.0333e+00
682 683 6.2800e+00 5.5385e+00 6.0315e+00 7.0333e+00
683 684 6.2800e+00 5.5385e+00 6.0315e+00 7.0333e+00
684 686 6.2800e+00 5.5385e+00 6.0315e+00 7.0333e+00
686 687 6.2800e+00 5.5385e+00 6.0315e+00 7.0333e+00
687 688 6.2800e+00 5.5385e+00 6.0315e+00 7.0333e+00
688 689 6.2800e+00 5.5385e+00 6.0315e+00 7.0333e+00
689 690 6.2800e+00 5.5385e+00 6.0315e+00 7.0333e+00
690 691 6.2800e+00 5.5385e+00 6.0315e+00 7.0333e+00
691 692 6.2800e+00 5.5385e+00 6.0315e+00 7.0333e+00
692 693 6.2800e+00 5.5385e+00 6.0315e+00 7.0333e+00
693 694 6.2800e+00 5.5385e+00 6.0315e+00 7.0333e+00
694 695 6.2800e+00 5.5385e+00 6.0315e+00 7.0333e+00
695 696 6.2800e+00 5.5385e+00 6.0315e+00 7.0333e+00
696 697 6.2800e+00 5.5385e+00 6.0315e+00 7.0333e+00
697 698 6.2800e+00 5.5385e+00 6.0315e+00 7.0333e+00
698 699 6.2800e+00 5.5385e+00 6.0315e+00 7.0333e+00
699 700 6.2800e+00 5.5385e+00 6.0315e+00 7.0333e+00
700 702 6.2800e+00 5.5385e+00 6.0315e+00 7.0333e+00
702 703 6.2800e+00 5.5385e+00 6.0315e+00 7.0333e+00
703 704 6.2800e+00 5.5385e+00 6.0315e+00 7.0333e+00
704 707 6.2800e+00 5.5385e+00 6.0315e+00 7.0333e+00
707 708 6.2800e+00 5.5385e+00 6.0315e+00 7.0333e+00
708 709 6.2800e+00 5.5385e+00 6.0315e+00 7.0333e+00
709 711 6.2800e+00 5.5385e+00 6.0315e+00 7.0333e+00
711 712 6.2800e+00 5.5385e+00 6.0315e+00 7.0333e+00
712 713 6.2800e+00 5.5385e+00 6.0315e+00 7.0333e+00
713 714 6.2800e+00 5.5385e+00 6.0315e+00 7.0333e+00
714 715 6.2800e+00 5.5385e+00 6.0315e+00 7.0333e+00
715 716 6.2800e+00 5.5385e+00 6.0315e+00 7.0333e+00
716 717 6.2800e+00 5.5385e+00 6.0315e+00 7.0333e+00
717 718 6.2800e+00 5.5385e+00 6.0315e+00 7.0333e+00
718 719 6.2800e+00 5.5385e+00 6.0315e+00 7.0333e+00
719 720 6.2800e+00 5.5385e+00 6.0315e+00 7.0333e+00
720 721 6.2800e+00 5.5385e+00 6.0315e+00 7.0333e+00
721 722 6.2800e+00 5.5385e+00 6.0315e+00 7.0333e+00
722 723 6.2800e+00 5.5385e+00 6.0315e+00 7.0333e+00
723 724 6.2800e+00 5.5385e+00 6.0315e+00 7.0333e+00
724 725 6.2800e+00 5.5385e+00 6.0315e+00 7.0333e+00
725 726 6.2800e+00 5.5385e+00 6.0315e+00 7.0333e+00
726 727 6.2800e+00 5.5385e+00 6.0315e+00 7.0333e+00
727 728 6.2800e+00 5.5385e+00 6.0315e+00 7.0333e+00
728 729 6.2800e+00 5.5385e+00 6.0315e+00 7.0333e+00
729 731 6.2800e+00 5.5385e+00 6.0315e+00 7.0333e+00
731 732 6.2800e+00 5.5385e+00 6.0315e+00 7.0333e+00
732 733 6.2800e+00 5.5385e+00 6.0315e+00 7.0333e+00
733 734 6.2800e+00 5.5385e+00 6.0315e+00 7.0333e+00
734 735 6.2800e+00 5.5385e+00 6.0315e+00 7.0333e+00
735 736 6.2800e+00 5.5385e+00 6.0315e+00 7.0333e+00
736 737 6.2800e+00 5.5385e+00 6.0315e+00 7.0333e+00
737 738 6.2800e+00 5.5385e+00 6.0315e+00 7.0333e+00
738 739 6.2800e+00 5.5385e+00 6.0315e+00 7.0333e+00
739 740 6.2800e+00 5.5385e+00 6.0315e+00 7.0333e+00
740 741 6.2800e+00 5.5385e+00 6.0315e+00 7.0333e+00
741 742 6.2800e+00 5.5385e+00 6.0315e+00 7.0333e+00
742 743 6.2800e+00 5.5385e+00 6.0315e+00 7.0333e+00
743 744 6.2800e+00 5.5385e+00 6.0315e+00 7.0333e+00
744 745 6.2800e+00 5.5385e+00 6.0315e+00 7.0333e+00
745 746 6.2800e+00 5.5385e+00 6.0315e+00 7.0333e+00
746 747 6.2800e+00 5.5385e+00 6.0315e+00 7.0333e+00
747 748 6.2800e+00 5.5385e+00 6.0315e+00 7.0333e+00
748 749 6.2800e+00 5.5385e+00 6.0315e+00 7.0333e+00
749 750 6.2800e+00 5.5385e+00 6.0315e+00 7.0333e+00
750 751 6.2800e+00 5.5385e+00 6.0315e+00 7.0333e+00
751 752 6.2800e+00 5.5385e+00 6.0315e+00 7.0333e+00
752 753 6.2800e+00 5.5385e+00 6.0315e+00 7.0333e+00
753 754 6.2800e+00 5.5385e+00 6.0315e+00 7.0333e+00
754 755 6.2800e+00 5.5385e+00 6.0315e+00 7.0333e+00
755 756 6.2800e+00 5.5385e+00 6.0315e+00 7.0333e+00
756 757 6.2800e+00 5.5385e+00 6.0315e+00 7.0333e+00
757 758 6.2800e+00 5.5385e+00 6.0315e+00 7.0333e+00
758 759 6.2800e+00 5.5385e+00 6.0315e+00 7.0333e+00
759 760 6.2800e+00 5.5385e+00 6.0315e+00 7.0333e+00
760 761 6.2800e+00 5.5385e+00 6.0315e+00 7.0333e+00
761 762 6.2800e+00 5.5385e+00 6.0315e+00 7.0333e+00
762 763 6.2800e+00 5.5385e+00 6.0315e+00 7.0333e+00
763 764 6.2800e+00 5.5385e+00 6.0315e+00 7.0333e+00
764 765 6.2800e+00 5.5385e+00 6.0315e+00 7.0333e+00
765 766 6.2800e+00 5.5385e+00 6.0315e+00 7.0333e+00
766 767 6.2800e+00 5.5385e+00 6.0315e+00 7.0333e+00
767 768 6.2800e+00 5.5385e+00 6.0315e+00 7.0333e+00
768 769 6.2800e+00 5.5385e+00 6.0315e+00 7.0333e+00
769 770 6.2800e+00 5.5385e+00 6.0315e+00 7.0333e+00
770 771 6.2800e+00 5.5385e+00 6.0315e+00 7.0333e+00
771 772 6.2800e+00 5.5385e+00 6.0315e+00 7.0333e+00
772 773 6.2800e+00 5.5385e+00 6.0315e+00 7.0333e+00
773 774 6.2800e+00 5.5385e+00 6.0315e+00 7.0333e+00
774 775 6.2800e+00 5.5385e+00 6.0315e+00 7.0333e+00
775 776 6.2800e+00 5.5385e+00 6.0315e+00 7.0333e+00
776 777 6.2800e+00 5.5385e+00 6.0315e+00 7.0333e+00
777 778 6.2800e+00 5.5385e+00 6.0315e+00 7.0333e+00
778 779 6.2800e+00 5.5385e+00 6.0315e+00 7.0333e+00
779 780 6.2800e+00 5.5385e+00 6.0315e+00 7.0333e+00
780 781 6.2800e+00 5.5385e+00 6.0315e+00 7.0333e+00
781 782 6.2800e+00 5.5385e+00 6.0315e+00 7.0333e+00
782 783 6.2800e+00 5.5385e+00 6.0315e+00 7.0333e+00
783 784 6.2800e+00 5.5385e+00 6.0315e+00 7.0333e+00
784 785 6.2800e+00 5.5385e+00 6.0315e+00 7.0333e+00
785 786 6.2800e+00 5.5385e+00 6.0315e+00 7.0333e+00
786 787 6.2800e+00 5.5385e+00 6.0315e+00 7.0333e+00
787 788 6.2800e+00 5.5385e+00 6.0315e+00 7.0333e+00
788 789 6.2800e+00 5.5385e+00 6.0315e+00 7.0333e+00
789 790 6.2800e+00 5.5385e+00 6.0315e+00 7.0333e+00
790 791 6.2800e+00 5.5385e+00 6.0315e+00 7.0333e+00
791 792 6.2800e+00 5.5385e+00 6.0315e+00 7.0333e+00
792 793 6.2800e+00 5.5385e+00 6.0315e+00 7.0333e+00
793 794 6.2800e+00 5.5385e+00 6.0315e+00 7.0333e+00
794 795 6.2800e+00 5.5385e+00 6.0315e+00 7.0333e+00
795 796 6.2800e+00 5.5385e+00 6.0315e+00 7.0333e+00
796 797 6.2800e+00 5.5385e+00 6.0315e+00 7.0333e+00
797 798 6.2800e+00 5.5385e+00 6.0315e+00 7.0333e+00
798 799 6.2800e+00 5.5385e+00 6.0315e+00 7.0333e+00
799 800 6.2800e+00 5.5385e+00 6.0315e+00 7.0333e+00
800 801 6.2800e+00 5.5385e+00 6.0315e+00 7.0333e+00
801 802 6.2800e+00 5.5385e+00 6.0315e+00 7.0333e+00
802 804 6.2800e+00 5.5385e+00 6.0315e+00 7.0333e+00
804 805 6.2800e+00 5.5385e+00 6.0315e+00 7.0333e+00
805 806 6.2800e+00 5.5385e+00 6.0315e+00 7.0333e+00
806 807 6.2800e+00 5.5385e+00 6.0315e+00 7.0333e+00
807 808 6.2800e+00 5.5385e+00 6.0315e+00 7.0333e+00
808 809 6.2800e+00 5.5385e+00 6.0315e+00 7.0333e+00
809 810 6.2800e+00 5.5385e+00 6.0315e+00 7.0333e+00
810 811 6.2800e+00 5.5385e+00 6.0315e+00 7.0333e+00
811 812 6.2800e+00 5.5385e+00 6.0315e+00 7.0333e+00
812 813 6.2800e+00 5.5385e+00 6.0315e+00 7.0333e+00
813 814 6.2800e+00 5.5385e+00 6.0315e+00 7.0333e+00
814 815 6.2800e+00 5.5385e+00 6.0315e+00 7.0333e+00
815 816 6.2800e+00 5.5385e+00 6.0315e+00 7.0333e+00
816 817 6.2800e+00 5.5385e+00 6.0315e+00 7.0333e+00
817 818 6.2800e+00 5.5385e+00 6.0315e+00 7.0333e+00
818 819 6.2800e+00 5.5385e+00 6.0315e+00 7.0333e+00
819 820 6.2800e+00 5.5385e+00 6.0315e+00 7.0333e+00
820 821 6.2800e+00 5.5385e+00 6.0315e+00 7.0333e+00
821 822 6.2800e+00 5.5385e+00 6.0315e+00 7.0333e+00
822 823 6.2800e+00 5.5385e+00 6.0315e+00 7.0333e+00
823 824 6.2800e+00 5.5385e+00 6.0315e+00 7.0333e+00
824 825 6.2800e+00 5.5385e+00 6.0315e+00 7.0333e+00
825 826 6.2800e+00 5.5385e+00 6.0315e+00 7.0333e+00
826 827 6.2800e+00 5.5385e+00 6.0315e+00 7.0333e+00
827 828 6.2800e+00 5.5385e+00 6.0315e+00 7.0333e+00
828 829 6.2800e+00 5.5385e+00 6.0315e+00 7.0333e+00
829 830 6.2800e+00 5.5385e+00 6.0315e+00 7.0333e+00
830 831 6.2800e+00 5.5385e+00 6.0315e+00 7.0333e+00
831 832 6.2800e+00 5.5385e+00 6.0315e+00 7.0333e+00
832 833 6.2800e+00 5.5385e+00 6.0315e+00 7.0333e+00
833 834 6.2800e+00 5.5385e+00 6.0315e+00 7.0333e+00
834 835 6.2800e+00 5.5385e+00 6.0315e+00 7.0333e+00
835 836 6.2800e+00 5.5385e+00 6.0315e+00 7.0333e+00
836 837 6.2800e+00 5.5385e+00 6.0315e+00 7.0333e+00
837 838 6.2800e+00 5.5385e+00 6.0315e+00 7.0333e+00
838 839 6.2800e+00 5.5385e+00 6.0315e+00 7.0333e+00
839 841 6.2800e+00 5.5385e+00 6.0315e+00 7.0333e+00
841 842 6.2800e+00 5.5385e+00 6.0315e+00 7.0333e+00
842 843 6.2800e+00 5.5385e+00 6.0315e+00 7.0333e+00
843 844 6.2800e+00 5.5385e+00 6.0315e+00 7.0333e+00
844 846 6.2800e+00 5.5385e+00 6.0315e+00 7.0333e+00
846 847 6.2800e+00 5.5385e+00 6.0315e+00 7.0333e+00
847 848 6.2800e+00 5.5385e+00 6.0315e+00 7.0333e+00
848 849 6.2800e+00 5.5385e+00 6.0315e+00 7.0333e+00
849 850 6.2800e+00 5.5385e+00 6.0315e+00 7.0333e+00
850 851 6.2800e+00 5.5385e+00 6.0315e+00 7.0333e+00
851 852 6.2800e+00 5.5385e+00 6.0315e+00 7.0333e+00
852 853 6.2800e+00 5.5385e+00 6.0315e+00 7.0333e+00
853 854 6.2800e+00 5.5385e+00 6.0315e+00 7.0333e+00
854 855 6.2800e+00 5.5385e+00 6.0315e+00 7.0333e+00
855 856 6.2800e+00 5.5385e+00 6.0315e+00 7.0333e+00
856 857 6.2800e+00 5.5385e+00 6.0315e+00 7.0333e+00
857 858 6.2800e+00 5.5385e+00 6.0315e+00 7.0333e+00
858 859 6.2800e+00 5.5385e+00 6.0315e+00 7.0333e+00
859 860 6.2800e+00 5.5385e+00 6.0315e+00 7.0333e+00
860 861 6.2800e+00 5.5385e+00 6.0315e+00 7.0333e+00
861 862 6.2800e+00 5.5385e+00 6.0315e+00 7.0333e+00
862 863 6.2800e+00 5.5385e+00 6.0315e+00 7.0333e+00
863 864 6.2800e+00 5.5385e+00 6.0315e+00 7.0333e+00
864 865 6.2800e+00 5.5385e+00 6.0315e+00 7.0333e+00
865 866 6.2800e+00 5.5385e+00 6.0315e+00 7.0333e+00
866 867 6.2800e+00 5.5385e+00 6.0315e+00 7.0333e+00
867 868 6.2800e+00 5.5385e+00 6.0315e+00 7.0333e+00
868 869 6.2800e+00 5.5385e+00 6.0315e+00 7.0333e+00
869 870 6.2800e+00 5.5385e+00 6.0315e+00 7.0333e+00
870 871 6.2800e+00 5.5385e+00 6.0315e+00 7.0333e+00
871 872 6.2800e+00 5.5385e+00 6.0315e+00 7.0333e+00
872 873 6.2800e+00 5.5385e+00 6.0315e+00 7.0333e+00
873 874 6.2800e+00 5.5385e+00 6.0315e+00 7.0333e+00
874 875 6.2800e+00 5.5385e+00 6.0315e+00 7.0333e+00
875 876 6.2800e+00 5.5385e+00 6.0315e+00 7.0333e+00
876 877 6.2800e+00 5.5385e+00 6.0315e+00 7.0333e+00
877 878 6.2800e+00 5.5385e+00 6.0315e+00 7.0333e+00
878 879 6.2800e+00 5.5385e+00 6.0315e+00 7.0333e+00
879 880 6.2800e+00 5.5385e+00 6.0315e+00 7.0333e+00
880 881 6.2800e+00 5.5385e+00 6.0315e+00 7.0333e+00
881 882 6.2800e+00 5.5385e+00 6.0315e+00 7.0333e+00
882 883 6.2800e+00 5.5385e+00 6.0315e+00 7.0333e+00
883 884 6.2800e+00 5.5385e+00 6.0315e+00 7.0333e+00
884 885 6.2800e+00 5.5385e+00 6.0315e+00 7.0333e+00
885 886 6.2800e+00 5.5385e+00 6.0315e+00 7.0333e+00
886 887 6.2800e+00 5.5385e+00 6.0315e+00 7.0333e+00
887 888 6.2800e+00 5.5385e+00 6.0315e+00 7.0333e+00
888 890 6.2800e+00 5.5385e+00 6.0315e+00 7.0333e+00
890 891 6.2800e+00 5.5385e+00 6.0315e+00 7.0333e+00
891 892 6.2800e+00 5.5385e+00 6.0315e+00 7.0333e+00
892 893 6.2800e+00 5.5385e+00 6.0315e+00 7.0333e+00
893 894 6.2800e+00 5.5385e+00 6.0315e+00 7.0333e+00
894 895 6.2800e+00 5.5385e+00 6.0315e+00 7.0333e+00
895 896 6.2800e+00 5.5385e+00 6.0315e+00 7.0333e+00
896 897 6.2800e+00 5.5385e+00 6.0315e+00 7.0333e+00
897 898 6.2800e+00 5.5385e+00 6.0315e+00 7.0333e+00
898 899 6.2800e+00 5.5385e+00 6.0315e+00 7.0333e+00
899 900 6.2800e+00 5.5385e+00 6.0315e+00 7.0333e+00
900 901 6.2800e+00 5.5385e+00 6.0315e+00 7.0333e+00
901 902 6.2800e+00 5.5385e+00 6.0315e+00 7.0333e+00
902 903 6.2800e+00 5.5385e+00 6.0315e+00 7.0333e+00
903 904 6.2800e+00 5.5385e+00 6.0315e+00 7.0333e+00
904 906 6.2800e+00 5.5385e+00 6.0315e+00 7.0333e+00
906 907 6.2800e+00 5.5385e+00 6.0315e+00 7.0333e+00
907 908 6.2800e+00 5.5385e+00 6.0315e+00 7.0333e+00
908 909 6.2800e+00 5.5385e+00 6.0315e+00 7.0333e+00
909 910 6.2800e+00 5.5385e+00 6.0315e+00 7.0333e+00
910 911 6.2800e+00 5.5385e+00 6.0315e+00 7.0333e+00
911 912 6.2800e+00 5.5385e+00 6.0315e+00 7.0333e+00
912 913 6.2800e+00 5.5385e+00 6.0315e+00 7.0333e+00
913 914 6.2800e+00 5.5385e+00 6.0315e+00 7.0333e+00
914 915 6.2800e+00 5.5385e+00 6.0315e+00 7.0333e+00
915 916 6.2800e+00 5.5385e+00 6.0315e+00 7.0333e+00
916 917 6.2800e+00 5.5385e+00 6.0315e+00 7.0333e+00
917 918 6.2800e+00 5.5385e+00 6.0315e+00 7.0333e+00
918 919 6.2800e+00 5.5385e+00 6.0315e+00 7.0333e+00
919 920 6.2800e+00 5.5385e+00 6.0315e+00 7.0333e+00
920 921 6.2800e+00 5.5385e+00 6.0315e+00 7.0333e+00
921 922 6.2800e+00 5.5385e+00 6.0315e+00 7.0333e+00
922 923 6.2800e+00 5.5385e+00 6.0315e+00 7.0333e+00
923 924 6.2800e+00 5.5385e+00 6.0315e+00 7.0333e+00
924 925 6.2800e+00 5.5385e+00 6.0315e+00 7.0333e+00
925 926 6.2800e+00 5.5385e+00 6.0315e+00 7.0333e+00
926 927 6.2800e+00 5.5385e+00 6.0315e+00 7.0333e+00
927 928 6.2800e+00 5.5385e+00 6.0315e+00 7.0333e+00
928 929 6.2800e+00 5.5385e+00 6.0315e+00 7.0333e+00
929 930 6.2800e+00 5.5385e+00 6.0315e+00 7.0333e+00
930 931 6.2800e+00 5.5385e+00 6.0315e+00 7.0333e+00
931 932 6.2800e+00 5.5385e+00 6.0315e+00 7.0333e+00
932 933 6.2800e+00 5.5385e+00 6.0315e+00 7.0333e+00
933 934 6.2800e+00 5.5385e+00 6.0315e+00 7.0333e+00
934 935 6.2800e+00 5.5385e+00 6.0315e+00 7.0333e+00
935 936 6.2800e+00 5.5385e+00 6.0315e+00 7.0333e+00
936 937 6.2800e+00 5.5385e+00 6.0315e+00 7.0333e+00
937 938 6.2800e+00 5.5385e+00 6.0315e+00 7.0333e+00
938 939 6.2800e+00 5.5385e+00 6.0315e+00 7.0333e+00
939 940 6.2800e+00 5.5385e+00 6.0315e+00 7.0333e+00
940 941 6.2800e+00 5.5385e+00 6.0315e+00 7.0333e+00
941 942 6.2800e+00 5.5385e+00 6.0315e+00 7.0333e+00
942 943 6.2800e+00 5.5385e+00 6.0315e+00 7.0333e+00
943 945 6.2800e+00 5.5385e+00 6.0315e+00 7.0333e+00
945 946 6.2800e+00 5.5385e+00 6.0315e+00 7.0333e+00
946 947 6.2800e+00 5.5385e+00 6.0315e+00 7.0333e+00
947 948 6.2800e+00 5.5385e+00 6.0315e+00 7.0333e+00
948 949 6.2800e+00 5.5385e+00 6.0315e+00 7.0333e+00
949 950 6.2800e+00 5.5385e+00 6.0315e+00 7.0333e+00
950 951 6.2800e+00 5.5385e+00 6.0315e+00 7.0333e+00
951 953 6.2800e+00 5.5385e+00 6.0315e+00 7.0333e+00
953 954 6.2800e+00 5.5385e+00 6.0315e+00 7.0333e+00
954 955 6.2800e+00 5.5385e+00 6.0315e+00 7.0333e+00
955 956 6.2800e+00 5.5385e+00 6.0315e+00 7.0333e+00
956 957 6.2800e+00 5.5385e+00 6.0315e+00 7.0333e+00
957 958 6.2800e+00 5.5385e+00 6.0315e+00 7.0333e+00
958 959 6.2800e+00 5.5385e+00 6.0315e+00 7.0333e+00
959 960 6.2800e+00 5.5385e+00 6.0315e+00 7.0333e+00
960 961 6.2800e+00 5.5385e+00 6.0315e+00 7.0333e+00
961 962 6.2800e+00 5.5385e+00 6.0315e+00 7.0333e+00
962 963 6.2800e+00 5.5385e+00 6.0315e+00 7.0333e+00
963 964 6.2800e+00 5.5385e+00 6.0315e+00 7.0333e+00
964 965 6.2800e+00 5.5385e+00 6.0315e+00 7.0333e+00
965 966 6.2800e+00 5.5385e+00 6.0315e+00 7.0333e+00
966 967 6.2800e+00 5.5385e+00 6.0315e+00 7.0333e+00
967 968 6.2800e+00 5.5385e+00 6.0315e+00 7.0333e+00
968 969 6.2800e+00 5.5385e+00 6.0315e+00 7.0333e+00
969 970 6.2800e+00 5.5385e+00 6.0315e+00 7.0333e+00
970 971 6.2800e+00 5.5385e+00 6.0315e+00 7.0333e+00
971 972 6.2800e+00 5.5385e+00 6.0315e+00 7.0333e+00
972 973 6.2800e+00 5.5385e+00 6.0315e+00 7.0333e+00
973 974 6.2800e+00 5.5385e+00 6.0315e+00 7.0333e+00
974 975 6.2800e+00 5.5385e+00 6.0315e+00 7.0333e+00
975 976 6.2800e+00 5.5385e+00 6.0315e+00 7.0333e+00
976 977 6.2800e+00 5.5385e+00 6.0315e+00 7.0333e+00
977 978 6.2800e+00 5.5385e+00 6.0315e+00 7.0333e+00
978 979 6.2800e+00 5.5385e+00 6.0315e+00 7.0333e+00
979 980 6.2800e+00 5.5385e+00 6.0315e+00 7.0333e+00
980 981 6.2800e+00 5.5385e+00 6.0315e+00 7.0333e+00
981 982 6.2800e+00 5.5385e+00 6.0315e+00 7.0333e+00
982 983 6.2800e+00 5.5385e+00 6.0315e+00 7.0333e+00
983 984 6.2820e+00 5.5385e+00 6.0315e+00 7.0350e+00
984 985 6.2977e+00 5.5443e+00 6.0316e+00 7.0354e+00
985 986 6.3227e+00 5.5512e+00 6.0318e+00 7.0435e+00
986 987 6.3753e+00 5.5512e+00 6.0324e+00 7.0575e+00
987 988 6.4904e+00 5.6732e+00 6.0340e+00 1.0270e+01
988 989 6.7611e+00 5.7657e+00 6.0399e+00 1.0511e+01
989 990 6.9023e+00 6.0002e+00 6.0431e+00 1.0590e+01
990 991 7.0436e+00 6.0005e+00 6.0476e+00 1.0625e+01
991 992 7.1457e+00 6.0007e+00 6.0622e+00 1.0690e+01
992 993 7.1863e+00 6.0013e+00 6.1018e+00 1.0695e+01
993 994 7.2133e+00 6.0013e+00 6.1184e+00 1.0695e+01
994 995 7.2390e+00 6.0013e+00 7.0002e+00 1.0727e+01
995 996 7.2904e+00 6.0013e+00 7.0010e+00 1.0760e+01
996 997 7.3462e+00 6.0013e+00 7.0018e+00 1.1012e+01
997 998 7.3950e+00 6.0013e+00 7.0027e+00 1.1018e+01
998 999 7.4243e+00 6.0014e+00 7.0037e+00 1.1023e+01
999 1000 7.4898e+00 6.0014e+00 7.0053e+00 1.1036e+01
1000 1001 7.5272e+00 6.0014e+00 7.0060e+00 1.1051e+01
1001 1002 7.5705e+00 6.0017e+00 7.0065e+00 1.1051e+01
1002 1003 7.6217e+00 6.0017e+00 7.0074e+00 1.1065e+01
1003 1004 7.6620e+00 6.0020e+00 7.0093e+00 1.1067e+01
1004 1005 7.7217e+00 6.0020e+00 7.0112e+00 1.1092e+01
1005 1006 7.7667e+00 6.0021e+00 7.0122e+00 1.1106e+01
1006 1007 7.8142e+00 6.0021e+00 7.0144e+00 1.1106e+01
1007 1008 7.9172e+00 6.0022e+00 7.0169e+00 1.1116e+01
1008 1009 7.9963e+00 6.0022e+00 7.0188e+00 1.1124e+01
1009 1010 8.1372e+00 6.0024e+00 7.0228e+00 1.1138e+01
1010 1011 8.2967e+00 6.0026e+00 7.0321e+00 1.1153e+01
1011 1012 8.4036e+00 6.0031e+00 7.0452e+00 1.1153e+01
1012 1013 8.4990e+00 6.0032e+00 9.5126e+00 1.1154e+01
1013 1014 8.5386e+00 6.0033e+00 9.6669e+00 1.1154e+01
1014 1015 8.5872e+00 6.0033e+00 9.8329e+00 1.1154e+01
1015 1016 8.6312e+00 6.0045e+00 9.9744e+00 1.1161e+01
1016 1017 8.6441e+00 6.0045e+00 9.9896e+00 1.1161e+01
1017 1018 8.6451e+00 6.0045e+00 9.9995e+00 1.1161e+01
1018 1019 8.6451e+00 6.0045e+00 9.9995e+00 1.1161e+01
1019 1020 8.6485e+00 6.0045e+00 1.0001e+01 1.1161e+01
1020 1021 8.6743e+00 6.0046e+00 1.0007e+01 1.1161e+01
1021 1022 8.8402e+00 6.0076e+00 1.0041e+01 1.1176e+01
1022 1023 8.8819e+00 6.0076e+00 1.0055e+01 1.1176e+01
1023 1024 8.8929e+00 6.0077e+00 1.0059e+01 1.1176e+01
1024 1025 8.9903e+00 6.0118e+00 1.0075e+01 1.1176e+01
1025 1026 9.1623e+00 6.0151e+00 1.0111e+01 1.1191e+01
1026 1027 9.2218e+00 6.0196e+00 1.0126e+01 1.1196e+01
1027 1028 9.2733e+00 6.0206e+00 1.0131e+01 1.1216e+01
1028 1029 9.2924e+00 6.0297e+00 1.0135e+01 1.1216e+01
1029 1030 9.3033e+00 6.0300e+00 1.0136e+01 1.1216e+01
1030 1031 9.3340e+00 6.0391e+00 1.0139e+01 1.1216e+01
1031 1032 9.3519e+00 6.0446e+00 1.0142e+01 1.1216e+01
1032 1033 9.3726e+00 6.9768e+00 1.0145e+01 1.1216e+01
1033 1034 9.3762e+00 6.9768e+00 1.0145e+01 1.1216e+01
1034 1035 9.3812e+00 7.0002e+00 1.0146e+01 1.1216e+01
1035 1036 9.3816e+00 7.0002e+00 1.0146e+01 1.1216e+01
1036 1037 9.3888e+00 7.0003e+00 1.0149e+01 1.1225e+01
1037 1038 9.3888e+00 7.0003e+00 1.0149e+01 1.1225e+01
1038 1039 9.3909e+00 7.0003e+00 1.0150e+01 1.1225e+01
1039 1040 9.3925e+00 7.0003e+00 1.0150e+01 1.1225e+01
1040 1041 9.3965e+00 7.0003e+00 1.0150e+01 1.1225e+01
1041 1042 9.3966e+00 7.0003e+00 1.0150e+01 1.1225e+01
1042 1044 9.3966e+00 7.0003e+00 1.0150e+01 1.1225e+01
1044 1045 9.3966e+00 7.0003e+00 1.0150e+01 1.1225e+01
1045 1046 9.3975e+00 7.0003e+00 1.0150e+01 1.1225e+01
1046 1047 9.3992e+00 7.0004e+00 1.0151e+01 1.1225e+01
1047 1048 9.4019e+00 7.0004e+00 1.0153e+01 1.1225e+01
1048 1049 9.4164e+00 7.0010e+00 1.0155e+01 1.1225e+01
1049 1050 9.4294e+00 7.0013e+00 1.0164e+01 1.1226e+01
1050 1051 9.4479e+00 7.0016e+00 1.0165e+01 1.1226e+01
1051 1052 9.4549e+00 7.0016e+00 1.0166e+01 1.1226e+01
1052 1053 9.4566e+00 7.0016e+00 1.0166e+01 1.1226e+01
1053 1054 9.4575e+00 7.0016e+00 1.0166e+01 1.1226e+01
1054 1055 9.4575e+00 7.0016e+00 1.0166e+01 1.1226e+01
1055 1056 9.4589e+00 7.0016e+00 1.0166e+01 1.1226e+01
1056 1057 9.4603e+00 7.0016e+00 1.0166e+01 1.1226e+01
1057 1058 9.4612e+00 7.0016e+00 1.0166e+01 1.1226e+01
1058 1059 9.4623e+00 7.0016e+00 1.0166e+01 1.1226e+01
1059 1060 9.4623e+00 7.0016e+00 1.0166e+01 1.1226e+01
1060 1061 9.4623e+00 7.0016e+00 1.0166e+01 1.1226e+01
1061 1062 9.4623e+00 7.0016e+00 1.0166e+01 1.1226e+01
1062 1063 9.4623e+00 7.0016e+00 1.0166e+01 1.1226e+01
1063 1064 9.4623e+00 7.0016e+00 1.0166e+01 1.1226e+01
1064 1065 9.4623e+00 7.0016e+00 1.0166e+01 1.1226e+01
1065 1066 9.4623e+00 7.0016e+00 1.0166e+01 1.1226e+01
1066 1068 9.4623e+00 7.0016e+00 1.0166e+01 1.1226e+01
1068 1069 9.4623e+00 7.0016e+00 1.0166e+01 1.1226e+01
1069 1071 9.4623e+00 7.0016e+00 1.0166e+01 1.1226e+01
1071 1072 9.4623e+00 7.0016e+00 1.0166e+01 1.1226e+01
1072 1073 9.4623e+00 7.0016e+00 1.0166e+01 1.1226e+01
1073 1074 9.4623e+00 7.0016e+00 1.0166e+01 1.1226e+01
1074 1075 9.4623e+00 7.0016e+00 1.0166e+01 1.1226e+01
1075 1076 9.4623e+00 7.0016e+00 1.0166e+01 1.1226e+01
1076 1077 9.4623e+00 7.0016e+00 1.0166e+01 1.1226e+01
1077 1078 9.4623e+00 7.0016e+00 1.0166e+01 1.1226e+01
1078 1079 9.4623e+00 7.0016e+00 1.0166e+01 1.1226e+01
1079 1080 9.4623e+00 7.0016e+00 1.0166e+01 1.1226e+01
1080 1081 9.4623e+00 7.0016e+00 1.0166e+01 1.1226e+01
1081 1082 9.4623e+00 7.0016e+00 1.0166e+01 1.1226e+01
1082 1083 9.4623e+00 7.0016e+00 1.0166e+01 1.1226e+01
1083 1084 9.4623e+00 7.0016e+00 1.0166e+01 1.1226e+01
1084 1085 9.4623e+00 7.0016e+00 1.0166e+01 1.1226e+01
1085 1086 9.4623e+00 7.0016e+00 1.0166e+01 1.1226e+01
1086 1087 9.4623e+00 7.0016e+00 1.0166e+01 1.1226e+01
1087 1088 9.4623e+00 7.0016e+00 1.0166e+01 1.1226e+01
1088 1089 9.4623e+00 7.0016e+00 1.0166e+01 1.1226e+01
1089 1090 9.4623e+00 7.0016e+00 1.0166e+01 1.1226e+01
1090 1091 9.4623e+00 7.0016e+00 1.0166e+01 1.1226e+01
1091 1092 9.4623e+00 7.0016e+00 1.0166e+01 1.1226e+01
1092 1093 9.4623e+00 7.0016e+00 1.0166e+01 1.1226e+01
1093 1094 9.4623e+00 7.0016e+00 1.0166e+01 1.1226e+01
1094 1095 9.4623e+00 7.0016e+00 1.0166e+01 1.1226e+01
1095 1096 9.4623e+00 7.0016e+00 1.0166e+01 1.1226e+01
1096 1098 9.4623e+00 7.0016e+00 1.0166e+01 1.1226e+01
1098 1099 9.4624e+00 7.0016e+00 1.0167e+01 1.1226e+01
1099 1100 9.4625e+00 7.0016e+00 1.0167e+01 1.1226e+01
1100 1102 9.4629e+00 7.0016e+00 1.0167e+01 1.1226e+01
1102 1104 9.4629e+00 7.0016e+00 1.0167e+01 1.1226e+01
1104 1105 9.4629e+00 7.0016e+00 1.0167e+01 1.1226e+01
1105 1106 9.4629e+00 7.0016e+00 1.0167e+01 1.1226e+01
1106 1107 9.4629e+00 7.0016e+00 1.0167e+01 1.1226e+01
1107 1108 9.4629e+00 7.0016e+00 1.0167e+01 1.1226e+01
1108 1109 9.4629e+00 7.0016e+00 1.0167e+01 1.1226e+01
1109 1110 9.4629e+00 7.0016e+00 1.0167e+01 1.1226e+01
1110 1111 9.4629e+00 7.0016e+00 1.0167e+01 1.1226e+01
1111 1112 9.4629e+00 7.0016e+00 1.0167e+01 1.1226e+01
1112 1113 9.4629e+00 7.0016e+00 1.0167e+01 1.1226e+01
1113 1114 9.4629e+00 7.0016e+00 1.0167e+01 1.1226e+01
1114 1115 9.4629e+00 7.0016e+00 1.0167e+01 1.1226e+01
1115 1116 9.4629e+00 7.0016e+00 1.0167e+01 1.1226e+01
1116 1117 9.4629e+00 7.0016e+00 1.0167e+01 1.1226e+01
1117 1118 9.4629e+00 7.0016e+00 1.0167e+01 1.1226e+01
1118 1119 9.4629e+00 7.0016e+00 1.0167e+01 1.1226e+01
1119 1120 9.4629e+00 7.0016e+00 1.0167e+01 1.1226e+01
1120 1121 9.4681e+00 7.0016e+00 1.0167e+01 1.1229e+01
1121 1122 9.4730e+00 7.0016e+00 1.0168e+01 1.1238e+01
1122 1123 9.4779e+00 7.0017e+00 1.0169e+01 1.1238e+01
1123 1124 9.4800e+00 7.0017e+00 1.0169e+01 1.1238e+01
1124 1125 9.4865e+00 7.0018e+00 1.0170e+01 1.1238e+01
1125 1126 9.4899e+00 7.0018e+00 1.0170e+01 1.1238e+01
1126 1127 9.4899e+00 7.0018e+00 1.0170e+01 1.1238e+01
1127 1128 9.4899e+00 7.0018e+00 1.0170e+01 1.1238e+01
1128 1129 9.4899e+00 7.0018e+00 1.0170e+01 1.1238e+01
1129 1130 9.4899e+00 7.0018e+00 1.0170e+01 1.1238e+01
1130 1131 9.4899e+00 7.0018e+00 1.0170e+01 1.1238e+01
1131 1132 9.4899e+00 7.0018e+00 1.0170e+01 1.1238e+01
1132 1133 9.4899e+00 7.0018e+00 1.0170e+01 1.1238e+01
1133 1134 9.4899e+00 7.0018e+00 1.0170e+01 1.1238e+01
1134 1135 9.4899e+00 7.0018e+00 1.0170e+01 1.1238e+01
1135 1136 9.4899e+00 7.0018e+00 1.0170e+01 1.1238e+01
1136 1137 9.4899e+00 7.0018e+00 1.0170e+01 1.1238e+01
1137 1138 9.4899e+00 7.0018e+00 1.0170e+01 1.1238e+01
1138 1139 9.4899e+00 7.0018e+00 1.0170e+01 1.1238e+01
1139 1140 9.4899e+00 7.0018e+00 1.0170e+01 1.1238e+01
1140 1141 9.4899e+00 7.0018e+00 1.0170e+01 1.1238e+01
1141 1142 9.4899e+00 7.0018e+00 1.0170e+01 1.1238e+01
1142 1143 9.4899e+00 7.0018e+00 1.0170e+01 1.1238e+01
1143 1144 9.4899e+00 7.0018e+00 1.0170e+01 1.1238e+01
1144 1145 9.4899e+00 7.0018e+00 1.0170e+01 1.1238e+01
1145 1146 9.4899e+00 7.0018e+00 1.0170e+01 1.1238e+01
1146 1147 9.4899e+00 7.0018e+00 1.0170e+01 1.1238e+01
1147 1148 9.4899e+00 7.0018e+00 1.0170e+01 1.1238e+01
1148 1149 9.4899e+00 7.0018e+00 1.0170e+01 1.1238e+01
1149 1150 9.4899e+00 7.0018e+00 1.0170e+01 1.1238e+01
1150 1151 9.4899e+00 7.0018e+00 1.0170e+01 1.1238e+01
1151 1152 9.4899e+00 7.0018e+00 1.0170e+01 1.1238e+01
1152 1153 9.4899e+00 7.0018e+00 1.0170e+01 1.1238e+01
1153 1154 9.4899e+00 7.0018e+00 1.0170e+01 1.1238e+01
1154 1155 9.4899e+00 7.0018e+00 1.0170e+01 1.1238e+01
1155 1156 9.4899e+00 7.0018e+00 1.0170e+01 1.1238e+01
1156 1157 9.4899e+00 7.0018e+00 1.0170e+01 1.1238e+01
1157 1159 9.4899e+00 7.0018e+00 1.0170e+01 1.1238e+01
1159 1160 9.4899e+00 7.0018e+00 1.0170e+01 1.1238e+01
1160 1161 9.4899e+00 7.0018e+00 1.0170e+01 1.1238e+01
1161 1162 9.4899e+00 7.0018e+00 1.0170e+01 1.1238e+01
1162 1163 9.4899e+00 7.0018e+00 1.0170e+01 1.1238e+01
1163 1164 9.4899e+00 7.0018e+00 1.0170e+01 1.1238e+01
1164 1166 9.4899e+00 7.0018e+00 1.0170e+01 1.1238e+01
1166 1167 9.4899e+00 7.0018e+00 1.0170e+01 1.1238e+01
1167 1168 9.4899e+00 7.0018e+00 1.0170e+01 1.1238e+01
1168 1169 9.4899e+00 7.0018e+00 1.0170e+01 1.1238e+01
1169 1170 9.4899e+00 7.0018e+00 1.0170e+01 1.1238e+01
1170 1171 9.4899e+00 7.0018e+00 1.0170e+01 1.1238e+01
1171 1172 9.4899e+00 7.0018e+00 1.0170e+01 1.1238e+01
1172 1173 9.4899e+00 7.0018e+00 1.0170e+01 1.1238e+01
1173 1174 9.4899e+00 7.0018e+00 1.0170e+01 1.1238e+01
1174 1175 9.4899e+00 7.0018e+00 1.0170e+01 1.1238e+01
1175 1176 9.4899e+00 7.0018e+00 1.0170e+01 1.1238e+01
1176 1177 9.4899e+00 7.0018e+00 1.0170e+01 1.1238e+01
1177 1178 9.4899e+00 7.0018e+00 1.0170e+01 1.1238e+01
1178 1179 9.4899e+00 7.0018e+00 1.0170e+01 1.1238e+01
1179 1180 9.4899e+00 7.0018e+00 1.0170e+01 1.1238e+01
1180 1181 9.4899e+00 7.0018e+00 1.0170e+01 1.1238e+01
1181 1182 9.4899e+00 7.0018e+00 1.0170e+01 1.1238e+01
1182 1183 9.4899e+00 7.0018e+00 1.0170e+01 1.1238e+01
1183 1184 9.4899e+00 7.0018e+00 1.0170e+01 1.1238e+01
1184 1185 9.4899e+00 7.0018e+00 1.0170e+01 1.1238e+01
1185 1186 9.4899e+00 7.0018e+00 1.0170e+01 1.1238e+01
1186 1187 9.4899e+00 7.0018e+00 1.0170e+01 1.1238e+01
1187 1188 9.4899e+00 7.0018e+00 1.0170e+01 1.1238e+01
1188 1189 9.4899e+00 7.0018e+00 1.0170e+01 1.1238e+01
1189 1191 9.4899e+00 7.0018e+00 1.0170e+01 1.1238e+01
1191 1192 9.4899e+00 7.0018e+00 1.0170e+01 1.1238e+01
1192 1193 9.4899e+00 7.0018e+00 1.0170e+01 1.1238e+01
1193 1194 9.4899e+00 7.0018e+00 1.0170e+01 1.1238e+01
1194 1195 9.4899e+00 7.0018e+00 1.0170e+01 1.1238e+01
1195 1196 9.4899e+00 7.0018e+00 1.0170e+01 1.1238e+01
1196 1198 9.4899e+00 7.0018e+00 1.0170e+01 1.1238e+01
1198 1199 9.4899e+00 7.0018e+00 1.0170e+01 1.1238e+01
1199 1200 9.4899e+00 7.0018e+00 1.0170e+01 1.1238e+01
1200 1201 9.4899e+00 7.0018e+00 1.0170e+01 1.1238e+01
1201 1202 9.4899e+00 7.0018e+00 1.0170e+01 1.1238e+01
1202 1203 9.4899e+00 7.0018e+00 1.0170e+01 1.1238e+01
1203 1204 9.4899e+00 7.0018e+00 1.0170e+01 1.1238e+01
1204 1205 9.4899e+00 7.0018e+00 1.0170e+01 1.1238e+01
1205 1206 9.4899e+00 7.0018e+00 1.0170e+01 1.1238e+01
1206 1207 9.4899e+00 7.0018e+00 1.0170e+01 1.1238e+01
1207 1208 9.4899e+00 7.0018e+00 1.0170e+01 1.1238e+01
1208 1209 9.4899e+00 7.0018e+00 1.0170e+01 1.1238e+01
1209 1210 9.4899e+00 7.0018e+00 1.0170e+01 1.1238e+01
1210 1211 9.4899e+00 7.0018e+00 1.0170e+01 1.1238e+01
1211 1212 9.4899e+00 7.0018e+00 1.0170e+01 1.1238e+01
1212 1213 9.4899e+00 7.0018e+00 1.0170e+01 1.1238e+01
1213 1214 9.4899e+00 7.0018e+00 1.0170e+01 1.1238e+01
1214 1215 9.4899e+00 7.0018e+00 1.0170e+01 1.1238e+01
1215 1216 9.4899e+00 7.0018e+00 1.0170e+01 1.1238e+01
1216 1217 9.4899e+00 7.0018e+00 1.0170e+01 1.1238e+01
1217 1218 9.4899e+00 7.0018e+00 1.0170e+01 1.1238e+01
1218 1219 9.4899e+00 7.0018e+00 1.0170e+01 1.1238e+01
1219 1220 9.4899e+00 7.0018e+00 1.0170e+01 1.1238e+01
1220 1221 9.4899e+00 7.0018e+00 1.0170e+01 1.1238e+01
1221 1222 9.4899e+00 7.0018e+00 1.0170e+01 1.1238e+01
1222 1223 9.4899e+00 7.0018e+00 1.0170e+01 1.1238e+01
1223 1224 9.4899e+00 7.0018e+00 1.0170e+01 1.1238e+01
1224 1225 9.4899e+00 7.0018e+00 1.0170e+01 1.1238e+01
1225 1226 9.4899e+00 7.0018e+00 1.0170e+01 1.1238e+01
1226 1227 9.4899e+00 7.0018e+00 1.0170e+01 1.1238e+01
1227 1228 9.4899e+00 7.0018e+00 1.0170e+01 1.1238e+01
1228 1229 9.4899e+00 7.0018e+00 1.0170e+01 1.1238e+01
1229 1230 9.4899e+00 7.0018e+00 1.0170e+01 1.1238e+01
1230 1232 9.4899e+00 7.0018e+00 1.0170e+01 1.1238e+01
1232 1233 9.4899e+00 7.0018e+00 1.0170e+01 1.1238e+01
1233 1234 9.4899e+00 7.0018e+00 1.0170e+01 1.1238e+01
1234 1235 9.4899e+00 7.0018e+00 1.0170e+01 1.1238e+01
1235 1236 9.4899e+00 7.0018e+00 1.0170e+01 1.1238e+01
1236 1237 9.4899e+00 7.0018e+00 1.0170e+01 1.1238e+01
1237 1238 9.4899e+00 7.0018e+00 1.0170e+01 1.1238e+01
1238 1239 9.4899e+00 7.0018e+00 1.0170e+01 1.1238e+01
1239 1240 9.4899e+00 7.0018e+00 1.0170e+01 1.1238e+01
1240 1241 9.4899e+00 7.0018e+00 1.0170e+01 1.1238e+01
1241 1242 9.4899e+00 7.0018e+00 1.0170e+01 1.1238e+01
1242 1243 9.4899e+00 7.0018e+00 1.0170e+01 1.1238e+01
1243 1244 9.4899e+00 7.0018e+00 1.0170e+01 1.1238e+01
1244 1246 9.4899e+00 7.0018e+00 1.0170e+01 1.1238e+01
1246 1248 9.4899e+00 7.0018e+00 1.0170e+01 1.1238e+01
1248 1249 9.4899e+00 7.0018e+00 1.0170e+01 1.1238e+01
1249 1250 9.4899e+00 7.0018e+00 1.0170e+01 1.1238e+01
1250 1251 9.4899e+00 7.0018e+00 1.0170e+01 1.1238e+01
1251 1252 9.4899e+00 7.0018e+00 1.0170e+01 1.1238e+01
1252 1253 9.4899e+00 7.0018e+00 1.0170e+01 1.1238e+01
1253 1254 9.4899e+00 7.0018e+00 1.0170e+01 1.1238e+01
1254 1255 9.4899e+00 7.0018e+00 1.0170e+01 1.1238e+01
1255 1256 9.4899e+00 7.0018e+00 1.0170e+01 1.1238e+01
1256 1257 9.4899e+00 7.0018e+00 1.0170e+01 1.1238e+01
1257 1258 9.4899e+00 7.0018e+00 1.0170e+01 1.1238e+01
1258 1259 9.4899e+00 7.0018e+00 1.0170e+01 1.1238e+01
1259 1260 9.4899e+00 7.0018e+00 1.0170e+01 1.1238e+01
1260 1262 9.4899e+00 7.0018e+00 1.0170e+01 1.1238e+01
1262 1263 9.4899e+00 7.0018e+00 1.0170e+01 1.1238e+01
1263 1264 9.4899e+00 7.0018e+00 1.0170e+01 1.1238e+01
1264 1265 9.4899e+00 7.0018e+00 1.0170e+01 1.1238e+01
1265 1266 9.4899e+00 7.0018e+00 1.0170e+01 1.1238e+01
1266 1267 9.4899e+00 7.0018e+00 1.0170e+01 1.1238e+01
1267 1268 9.4899e+00 7.0018e+00 1.0170e+01 1.1238e+01
1268 1269 9.4899e+00 7.0018e+00 1.0170e+01 1.1238e+01
1269 1270 9.4899e+00 7.0018e+00 1.0170e+01 1.1238e+01
1270 1272 9.4899e+00 7.0018e+00 1.0170e+01 1.1238e+01
1272 1273 9.4899e+00 7.0018e+00 1.0170e+01 1.1238e+01
1273 1274 9.4899e+00 7.0018e+00 1.0170e+01 1.1238e+01
1274 1275 9.4899e+00 7.0018e+00 1.0170e+01 1.1238e+01
1275 1276 9.4899e+00 7.0018e+00 1.0170e+01 1.1238e+01
1276 1277 9.4899e+00 7.0018e+00 1.0170e+01 1.1238e+01
1277 1278 9.4899e+00 7.0018e+00 1.0170e+01 1.1238e+01
1278 1279 9.4899e+00 7.0018e+00 1.0170e+01 1.1238e+01
1279 1280 9.4899e+00 7.0018e+00 1.0170e+01 1.1238e+01
1280 1281 9.4899e+00 7.0018e+00 1.0170e+01 1.1238e+01
1281 1282 9.4899e+00 7.0018e+00 1.0170e+01 1.1238e+01
1282 1283 9.4899e+00 7.0018e+00 1.0170e+01 1.1238e+01
1283 1284 9.4899e+00 7.0018e+00 1.0170e+01 1.1238e+01
1284 1285 9.4899e+00 7.0018e+00 1.0170e+01 1.1238e+01
1285 1286 9.4899e+00 7.0018e+00 1.0170e+01 1.1238e+01
1286 1288 9.4899e+00 7.0018e+00 1.0170e+01 1.1238e+01
1288 1290 9.4899e+00 7.0018e+00 1.0170e+01 1.1238e+01
1290 1291 9.4899e+00 7.0018e+00 1.0170e+01 1.1238e+01
1291 1292 9.4899e+00 7.0018e+00 1.0170e+01 1.1238e+01
1292 1293 9.4899e+00 7.0018e+00 1.0170e+01 1.1238e+01
1293 1294 9.4899e+00 7.0018e+00 1.0170e+01 1.1238e+01
1294 1295 9.4899e+00 7.0018e+00 1.0170e+01 1.1238e+01
1295 1296 9.4899e+00 7.0018e+00 1.0170e+01 1.1238e+01
1296 1297 9.4899e+00 7.0018e+00 1.0170e+01 1.1238e+01
1297 1298 9.4899e+00 7.0018e+00 1.0170e+01 1.1238e+01
1298 1299 9.4899e+00 7.0018e+00 1.0170e+01 1.1238e+01
1299 1300 9.4899e+00 7.0018e+00 1.0170e+01 1.1238e+01
1300 1301 9.4899e+00 7.0018e+00 1.0170e+01 1.1238e+01
1301 1302 9.4899e+00 7.0018e+00 1.0170e+01 1.1238e+01
1302 1303 9.4899e+00 7.0018e+00 1.0170e+01 1.1238e+01
1303 1304 9.4899e+00 7.0018e+00 1.0170e+01 1.1238e+01
1304 1306 9.4899e+00 7.0018e+00 1.0170e+01 1.1238e+01
1306 1307 9.4899e+00 7.0018e+00 1.0170e+01 1.1238e+01
1307 1308 9.4899e+00 7.0018e+00 1.0170e+01 1.1238e+01
1308 1309 9.4899e+00 7.0018e+00 1.0170e+01 1.1238e+01
1309 1310 9.4899e+00 7.0018e+00 1.0170e+01 1.1238e+01
1310 1311 9.4899e+00 7.0018e+00 1.0170e+01 1.1238e+01
1311 1312 9.4899e+00 7.0018e+00 1.0170e+01 1.1238e+01
1312 1313 9.4899e+00 7.0018e+00 1.0170e+01 1.1238e+01
1313 1314 9.4899e+00 7.0018e+00 1.0170e+01 1.1238e+01
1314 1315 9.4899e+00 7.0018e+00 1.0170e+01 1.1238e+01
1315 1316 9.4899e+00 7.0018e+00 1.0170e+01 1.1238e+01
1316 1317 9.4899e+00 7.0018e+00 1.0170e+01 1.1238e+01
1317 1318 9.4899e+00 7.0018e+00 1.0170e+01 1.1238e+01
1318 1319 9.4899e+00 7.0018e+00 1.0170e+01 1.1238e+01
1319 1320 9.4899e+00 7.0018e+00 1.0170e+01 1.1238e+01
1320 1321 9.4899e+00 7.0018e+00 1.0170e+01 1.1238e+01
1321 1322 9.4899e+00 7.0018e+00 1.0170e+01 1.1238e+01
1322 1323 9.4899e+00 7.0018e+00 1.0170e+01 1.1238e+01
1323 1324 9.4899e+00 7.0018e+00 1.0170e+01 1.1238e+01
1324 1325 9.4899e+00 7.0018e+00 1.0170e+01 1.1238e+01
1325 1326 9.4899e+00 7.0018e+00 1.0170e+01 1.1238e+01
1326 1327 9.4899e+00 7.0018e+00 1.0170e+01 1.1238e+01
1327 1328 9.4899e+00 7.0018e+00 1.0170e+01 1.1238e+01
1328 1329 9.4899e+00 7.0018e+00 1.0170e+01 1.1238e+01
1329 1330 9.4899e+00 7.0018e+00 1.0170e+01 1.1238e+01
1330 1331 9.4899e+00 7.0018e+00 1.0170e+01 1.1238e+01
1331 1332 9.4899e+00 7.0018e+00 1.0170e+01 1.1238e+01
1332 1333 9.4899e+00 7.0018e+00 1.0170e+01 1.1238e+01
1333 1334 9.4899e+00 7.0018e+00 1.0170e+01 1.1238e+01
1334 1335 9.4899e+00 7.0018e+00 1.0170e+01 1.1238e+01
1335 1336 9.4899e+00 7.0018e+00 1.0170e+01 1.1238e+01
1336 1337 9.4899e+00 7.0018e+00 1.0170e+01 1.1238e+01
1337 1338 9.4899e+00 7.0018e+00 1.0170e+01 1.1238e+01
1338 1339 9.4899e+00 7.0018e+00 1.0170e+01 1.1238e+01
1339 1340 9.4899e+00 7.0018e+00 1.0170e+01 1.1238e+01
1340 1341 9.4899e+00 7.0018e+00 1.0170e+01 1.1238e+01
1341 1342 9.4899e+00 7.0018e+00 1.0170e+01 1.1238e+01
1342 1343 9.4899e+00 7.0018e+00 1.0170e+01 1.1238e+01
1343 1344 9.4899e+00 7.0018e+00 1.0170e+01 1.1238e+01
1344 1345 9.4899e+00 7.0018e+00 1.0170e+01 1.1238e+01
1345 1346 9.4899e+00 7.0018e+00 1.0170e+01 1.1238e+01
1346 1347 9.4899e+00 7.0018e+00 1.0170e+01 1.1238e+01
1347 1348 9.4899e+00 7.0018e+00 1.0170e+01 1.1238e+01
1348 1350 9.4899e+00 7.0018e+00 1.0170e+01 1.1238e+01
1350 1351 9.4899e+00 7.0018e+00 1.0170e+01 1.1238e+01
1351 1352 9.4899e+00 7.0018e+00 1.0170e+01 1.1238e+01
1352 1353 9.4899e+00 7.0018e+00 1.0170e+01 1.1238e+01
1353 1354 9.4899e+00 7.0018e+00 1.0170e+01 1.1238e+01
1354 1355 9.4899e+00 7.0018e+00 1.0170e+01 1.1238e+01
1355 1356 9.4899e+00 7.0018e+00 1.0170e+01 1.1238e+01
1356 1357 9.4899e+00 7.0018e+00 1.0170e+01 1.1238e+01
1357 1358 9.4899e+00 7.0018e+00 1.0170e+01 1.1238e+01
1358 1359 9.4899e+00 7.0018e+00 1.0170e+01 1.1238e+01
1359 1360 9.4899e+00 7.0018e+00 1.0170e+01 1.1238e+01
1360 1362 9.4899e+00 7.0018e+00 1.0170e+01 1.1238e+01
1362 1363 9.4899e+00 7.0018e+00 1.0170e+01 1.1238e+01
1363 1364 9.4899e+00 7.0018e+00 1.0170e+01 1.1238e+01
1364 1365 9.4899e+00 7.0018e+00 1.0170e+01 1.1238e+01
1365 1366 9.4899e+00 7.0018e+00 1.0170e+01 1.1238e+01
1366 1367 9.4899e+00 7.0018e+00 1.0170e+01 1.1238e+01
1367 1368 9.4899e+00 7.0018e+00 1.0170e+01 1.1238e+01
1368 1369 9.4899e+00 7.0018e+00 1.0170e+01 1.1238e+01
1369 1370 9.4899e+00 7.0018e+00 1.0170e+01 1.1238e+01
1370 1371 9.4899e+00 7.0018e+00 1.0170e+01 1.1238e+01
1371 1372 9.4899e+00 7.0018e+00 1.0170e+01 1.1238e+01
1372 1373 9.4899e+00 7.0018e+00 1.0170e+01 1.1238e+01
1373 1374 9.4899e+00 7.0018e+00 1.0170e+01 1.1238e+01
1374 1375 9.4899e+00 7.0018e+00 1.0170e+01 1.1238e+01
1375 1376 9.4899e+00 7.0018e+00 1.0170e+01 1.1238e+01
1376 1377 9.4899e+00 7.0018e+00 1.0170e+01 1.1238e+01
1377 1378 9.4899e+00 7.0018e+00 1.0170e+01 1.1238e+01
1378 1379 9.4899e+00 7.0018e+00 1.0170e+01 1.1238e+01
1379 1380 9.4899e+00 7.0018e+00 1.0170e+01 1.1238e+01
1380 1381 9.4899e+00 7.0018e+00 1.0170e+01 1.1238e+01
1381 1382 9.4899e+00 7.0018e+00 1.0170e+01 1.1238e+01
1382 1383 9.4899e+00 7.0018e+00 1.0170e+01 1.1238e+01
1383 1384 9.4899e+00 7.0018e+00 1.0170e+01 1.1238e+01
1384 1385 9.4899e+00 7.0018e+00 1.0170e+01 1.1238e+01
1385 1386 9.4899e+00 7.0018e+00 1.0170e+01 1.1238e+01
1386 1387 9.4899e+00 7.0018e+00 1.0170e+01 1.1238e+01
1387 1388 9.4899e+00 7.0018e+00 1.0170e+01 1.1238e+01
1388 1389 9.4899e+00 7.0018e+00 1.0170e+01 1.1238e+01
1389 1390 9.4899e+00 7.0018e+00 1.0170e+01 1.1238e+01
1390 1391 9.4899e+00 7.0018e+00 1.0170e+01 1.1238e+01
1391 1392 9.4899e+00 7.0018e+00 1.0170e+01 1.1238e+01
1392 1393 9.4899e+00 7.0018e+00 1.0170e+01 1.1238e+01
1393 1394 9.4899e+00 7.0018e+00 1.0170e+01 1.1238e+01
1394 1395 9.4899e+00 7.0018e+00 1.0170e+01 1.1238e+01
1395 1396 9.4899e+00 7.0018e+00 1.0170e+01 1.1238e+01
1396 1397 9.4899e+00 7.0018e+00 1.0170e+01 1.1238e+01
1397 1398 9.4899e+00 7.0018e+00 1.0170e+01 1.1238e+01
1398 1399 9.4899e+00 7.0018e+00 1.0170e+01 1.1238e+01
1399 1400 9.4899e+00 7.0018e+00 1.0170e+01 1.1238e+01
1400 1401 9.4899e+00 7.0018e+00 1.0170e+01 1.1238e+01
1401 1402 9.4899e+00 7.0018e+00 1.0170e+01 1.1238e+01
1402 1403 9.4899e+00 7.0018e+00 1.0170e+01 1.1238e+01
1403 1404 9.4899e+00 7.0018e+00 1.0170e+01 1.1238e+01
1404 1405 9.4899e+00 7.0018e+00 1.0170e+01 1.1238e+01
1405 1406 9.4899e+00 7.0018e+00 1.0170e+01 1.1238e+01
1406 1407 9.4899e+00 7.0018e+00 1.0170e+01 1.1238e+01
1407 1408 9.4899e+00 7.0018e+00 1.0170e+01 1.1238e+01
1408 1409 9.4899e+00 7.0018e+00 1.0170e+01 1.1238e+01
1409 1410 9.4899e+00 7.0018e+00 1.0170e+01 1.1238e+01
1410 1411 9.4899e+00 7.0018e+00 1.0170e+01 1.1238e+01
1411 1412 9.4899e+00 7.0018e+00 1.0170e+01 1.1238e+01
1412 1413 9.4899e+00 7.0018e+00 1.0170e+01 1.1238e+01
1413 1414 9.4899e+00 7.0018e+00 1.0170e+01 1.1238e+01
1414 1415 9.4899e+00 7.0018e+00 1.0170e+01 1.1238e+01
1415 1416 9.4899e+00 7.0018e+00 1.0170e+01 1.1238e+01
1416 1417 9.4899e+00 7.0018e+00 1.0170e+01 1.1238e+01
1417 1418 9.4899e+00 7.0018e+00 1.0170e+01 1.1238e+01
1418 1419 9.4899e+00 7.0018e+00 1.0170e+01 1.1238e+01
1419 1420 9.4899e+00 7.0018e+00 1.0170e+01 1.1238e+01
1420 1421 9.4899e+00 7.0018e+00 1.0170e+01 1.1238e+01
1421 1422 9.4899e+00 7.0018e+00 1.0170e+01 1.1238e+01
1422 1423 9.4899e+00 7.0018e+00 1.0170e+01 1.1238e+01
1423 1424 9.4899e+00 7.0018e+00 1.0170e+01 1.1238e+01
1424 1425 9.4899e+00 7.0018e+00 1.0170e+01 1.1238e+01
1425 1426 9.4899e+00 7.0018e+00 1.0170e+01 1.1238e+01
1426 1428 9.4899e+00 7.0018e+00 1.0170e+01 1.1238e+01
1428 1429 9.4899e+00 7.0018e+00 1.0170e+01 1.1238e+01
1429 1430 9.4899e+00 7.0018e+00 1.0170e+01 1.1238e+01
1430 1431 9.4899e+00 7.0018e+00 1.0170e+01 1.1238e+01
1431 1432 9.4899e+00 7.0018e+00 1.0170e+01 1.1238e+01
1432 1433 9.4899e+00 7.0018e+00 1.0170e+01 1.1238e+01
1433 1434 9.4899e+00 7.0018e+00 1.0170e+01 1.1238e+01
1434 1435 9.4899e+00 7.0018e+00 1.0170e+01 1.1238e+01
