# parameters
version_bit_string:13816762181795971082,seed:5489,burn_in:100000,num_iter:1000000,stats_thin:1000,block_penalty:50,prior_rate_mean:1,window_size:50,partition_length:4001,overlap_length:200,pade_resolution:10,pade_max:1000,max_lk_start:0.001,max_lk_resolution:0.001,num_snps:805,num_snp_partitions:1,num_samps:1000
# left_snp right_snp mean p0.025 p0.500 p0.975
0 1 9.2355e+00 8.5064e+00 9.1309e+00 9.9535e+00
1 2 9.2355e+00 8.5064e+00 9.1309e+00 9.9535e+00
2 3 9.2355e+00 8.5064e+00 9.1309e+00 9.9535e+00
3 4 9.2355e+00 8.5064e+00 9.1309e+00 9.9535e+00
4 5 9.2355e+00 8.5064e+00 9.1309e+00 9.9535e+00
5 6 9.2355e+00 8.5064e+00 9.1309e+00 9.9535e+00
6 7 9.2355e+00 8.5064e+00 9.1309e+00 9.9535e+00
7 8 9.2355e+00 8.5064e+00 9.1309e+00 9.9535e+00
8 9 9.2355e+00 8.5064e+00 9.1309e+00 9.9535e+00
9 10 9.2355e+00 8.5064e+00 9.1309e+00 9.9535e+00
10 11 9.2355e+00 8.5064e+00 9.1309e+00 9.9535e+00
11 12 9.2355e+00 8.5064e+00 9.1309e+00 9.9535e+00
12 13 9.2355e+00 8.5064e+00 9.1309e+00 9.9535e+00
13 14 9.2355e+00 8.5064e+00 9.1309e+00 9.9535e+00
14 15 9.2355e+00 8.5064e+00 9.1309e+00 9.9535e+00
15 16 9.2355e+00 8.5064e+00 9.1309e+00 9.9535e+00
16 17 9.2355e+00 8.5064e+00 9.1309e+00 9.9535e+00
17 18 9.2355e+00 8.5064e+00 9.1309e+00 9.9535e+00
18 19 9.2355e+00 8.5064e+00 9.1309e+00 9.9535e+00
19 20 9.2355e+00 8.5064e+00 9.1309e+00 9.9535e+00
20 21 9.2355e+00 8.5064e+00 9.1309e+00 9.9535e+00
21 22 9.2355e+00 8.5064e+00 9.1309e+00 9.9535e+00
22 23 9.2355e+00 8.5064e+00 9.1309e+00 9.9535e+00
23 24 9.2355e+00 8.5064e+00 9.1309e+00 9.9535e+00
24 25 9.2355e+00 8.5064e+00 9.1309e+00 9.9535e+00
25 26 9.2355e+00 8.5064e+00 9.1309e+00 9.9535e+00
26 27 9.2355e+00 8.5064e+00 9.1309e+00 9.9535e+00
27 28 9.2355e+00 8.5064e+00 9.1309e+00 9.9535e+00
28 29 9.2355e+00 8.5064e+00 9.1309e+00 9.9535e+00
29 30 9.2355e+00 8.5064e+00 9.1309e+00 9.9535e+00
30 31 9.2355e+00 8.5064e+00 9.1309e+00 9.9535e+00
31 32 9.2355e+00 8.5064e+00 9.1309e+00 9.9535e+00
32 33 9.2355e+00 8.5064e+00 9.1309e+00 9.9535e+00
33 34 9.2355e+00 8.5064e+00 9.1309e+00 9.9535e+00
34 35 9.2355e+00 8.5064e+00 9.1309e+00 9.9535e+00
35 36 9.2355e+00 8.5064e+00 9.1309e+00 9.9535e+00
36 37 9.2355e+00 8.5064e+00 9.1309e+00 9.9535e+00
37 38 9.2355e+00 8.5064e+00 9.1309e+00 9.9535e+00
38 39 9.2355e+00 8.5064e+00 9.1309e+00 9.9535e+00
39 40 9.2355e+00 8.5064e+00 9.1309e+00 9.9535e+00
40 41 9.2355e+00 8.5064e+00 9.1309e+00 9.9535e+00
41 42 9.2355e+00 8.5064e+00 9.1309e+00 9.9535e+00
42 44 9.2355e+00 8.5064e+00 9.1309e+00 9.9535e+00
44 45 9.2355e+00 8.5064e+00 9.1309e+00 9.9535e+00
45 46 9.2355e+00 8.5064e+00 9.1309e+00 9.9535e+00
46 47 9.2355e+00 8.5064e+00 9.1309e+00 9.9535e+00
47 48 9.2355e+00 8.5064e+00 9.1309e+00 9.9535e+00
48 49 9.2355e+00 8.5064e+00 9.1309e+00 9.9535e+00
49 50 9.2355e+00 8.5064e+00 9.1309e+00 9.9535e+00
50 51 9.2355e+00 8.5064e+00 9.1309e+00 9.9535e+00
51 52 9.2355e+00 8.5064e+00 9.1309e+00 9.9535e+00
52 53 9.2355e+00 8.5064e+00 9.1309e+00 9.9535e+00
53 54 9.2355e+00 8.5064e+00 9.1309e+00 9.9535e+00
54 55 9.2355e+00 8.5064e+00 9.1309e+00 9.9535e+00
55 56 9.2355e+00 8.5064e+00 9.1309e+00 9.9535e+00
56 57 9.2355e+00 8.5064e+00 9.1309e+00 9.9535e+00
57 59 9.2355e+00 8.5064e+00 9.1309e+00 9.9535e+00
59 60 9.2355e+00 8.5064e+00 9.1309e+00 9.9535e+00
60 61 9.2355e+00 8.5064e+00 9.1309e+00 9.9535e+00
61 62 9.2355e+00 8.5064e+00 9.1309e+00 9.9535e+00
62 63 9.2355e+00 8.5064e+00 9.1309e+00 9.9535e+00
63 64 9.2355e+00 8.5064e+00 9.1309e+00 9.9535e+00
64 65 9.2355e+00 8.5064e+00 9.1309e+00 9.9535e+00
65 66 9.2355e+00 8.5064e+00 9.1309e+00 9.9535e+00
66 68 9.2355e+00 8.5064e+00 9.1309e+00 9.9535e+00
68 69 9.2355e+00 8.5064e+00 9.1309e+00 9.9535e+00
69 70 9.2355e+00 8.5064e+00 9.1309e+00 9.9535e+00
70 71 9.2355e+00 8.5064e+00 9.1309e+00 9.9535e+00
71 72 9.2355e+00 8.5064e+00 9.1309e+00 9.9535e+00
72 73 9.2355e+00 8.5064e+00 9.1309e+00 9.9535e+00
73 74 9.2355e+00 8.5064e+00 9.1309e+00 9.9535e+00
74 75 9.2355e+00 8.5064e+00 9.1309e+00 9.9535e+00
75 76 9.2355e+00 8.5064e+00 9.1309e+00 9.9535e+00
76 77 9.2355e+00 8.5064e+00 9.1309e+00 9.9535e+00
77 78 9.2355e+00 8.5064e+00 9.1309e+00 9.9535e+00
78 79 9.2355e+00 8.5064e+00 9.1309e+00 9.9535e+00
79 80 9.2355e+00 8.5064e+00 9.1309e+00 9.9535e+00
80 81 9.2355e+00 8.5064e+00 9.1309e+00 9.9535e+00
81 82 9.2355e+00 8.5064e+00 9.1309e+00 9.9535e+00
82 83 9.2355e+00 8.5064e+00 9.1309e+00 9.9535e+00
83 84 9.2355e+00 8.5064e+00 9.1309e+00 9.9535e+00
84 85 9.2355e+00 8.5064e+00 9.1309e+00 9.9535e+00
85 86 9.2355e+00 8.5064e+00 9.1309e+00 9.9535e+00
86 87 9.2355e+00 8.5064e+00 9.1309e+00 9.9535e+00
87 88 9.2355e+00 8.5064e+00 9.1309e+00 9.9535e+00
88 89 9.2355e+00 8.5064e+00 9.1309e+00 9.9535e+00
89 90 9.2355e+00 8.5064e+00 9.1309e+00 9.9535e+00
90 91 9.2355e+00 8.5064e+00 9.1309e+00 9.9535e+00
91 92 9.2355e+00 8.5064e+00 9.1309e+00 9.9535e+00
92 93 9.2355e+00 8.5064e+00 9.1309e+00 9.9535e+00
93 94 9.2355e+00 8.5064e+00 9.1309e+00 9.9535e+00
94 95 9.2355e+00 8.5064e+00 9.1309e+00 9.9535e+00
95 96 9.2355e+00 8.5064e+00 9.1309e+00 9.9535e+00
96 97 9.2355e+00 8.5064e+00 9.1309e+00 9.9535e+00
97 98 9.2355e+00 8.5064e+00 9.1309e+00 9.9535e+00
98 99 9.2355e+00 8.5064e+00 9.1309e+00 9.9535e+00
99 100 9.2355e+00 8.5064e+00 9.1309e+00 9.9535e+00
100 101 9.2355e+00 8.5064e+00 9.1309e+00 9.9535e+00
101 102 9.2355e+00 8.5064e+00 9.1309e+00 9.9535e+00
102 103 9.2355e+00 8.5064e+00 9.1309e+00 9.9535e+00
103 105 9.2355e+00 8.5064e+00 9.1309e+00 9.9535e+00
105 106 9.2355e+00 8.5064e+00 9.1309e+00 9.9535e+00
106 107 9.2355e+00 8.5064e+00 9.1309e+00 9.9535e+00
107 109 9.2355e+00 8.5064e+00 9.1309e+00 9.9535e+00
109 110 9.2355e+00 8.5064e+00 9.1309e+00 9.9535e+00
110 111 9.2355e+00 8.5064e+00 9.1309e+00 9.9535e+00
111 112 9.2355e+00 8.5064e+00 9.1309e+00 9.9535e+00
112 113 9.2355e+00 8.5064e+00 9.1309e+00 9.9535e+00
113 114 9.2355e+00 8.5064e+00 9.1309e+00 9.9535e+00
114 115 9.2355e+00 8.5064e+00 9.1309e+00 9.9535e+00
115 116 9.2355e+00 8.5064e+00 9.1309e+00 9.9535e+00
116 117 9.2355e+00 8.5064e+00 9.1309e+00 9.9535e+00
117 118 9.2355e+00 8.5064e+00 9.1309e+00 9.9535e+00
118 119 9.2355e+00 8.5064e+00 9.1309e+00 9.9535e+00
119 120 9.2355e+00 8.5064e+00 9.1309e+00 9.9535e+00
120 121 9.2355e+00 8.5064e+00 9.1309e+00 9.9535e+00
121 122 9.2355e+00 8.5064e+00 9.1309e+00 9.9535e+00
122 123 9.2355e+00 8.5064e+00 9.1309e+00 9.9535e+00
123 124 9.2355e+00 8.5064e+00 9.1309e+00 9.9535e+00
124 125 9.2355e+00 8.5064e+00 9.1309e+00 9.9535e+00
125 126 9.2355e+00 8.5064e+00 9.1309e+00 9.9535e+00
126 127 9.2355e+00 8.5064e+00 9.1309e+00 9.9535e+00
127 128 9.2355e+00 8.5064e+00 9.1309e+00 9.9535e+00
128 129 9.2355e+00 8.5064e+00 9.1309e+00 9.9535e+00
129 130 9.2355e+00 8.5064e+00 9.1309e+00 9.9535e+00
130 131 9.2355e+00 8.5064e+00 9.1309e+00 9.9535e+00
131 132 9.2355e+00 8.5064e+00 9.1309e+00 9.9535e+00
132 133 9.2355e+00 8.5064e+00 9.1309e+00 9.9535e+00
133 134 9.2355e+00 8.5064e+00 9.1309e+00 9.9535e+00
134 135 9.2355e+00 8.5064e+00 9.1309e+00 9.9535e+00
135 136 9.2355e+00 8.5064e+00 9.1309e+00 9.9535e+00
136 139 9.2355e+00 8.5064e+00 9.1309e+00 9.9535e+00
139 140 9.2355e+00 8.5064e+00 9.1309e+00 9.9535e+00
140 142 9.2355e+00 8.5064e+00 9.1309e+00 9.9535e+00
142 143 9.2355e+00 8.5064e+00 9.1309e+00 9.9535e+00
143 145 9.2355e+00 8.5064e+00 9.1309e+00 9.9535e+00
145 146 9.2355e+00 8.5064e+00 9.1309e+00 9.9535e+00
146 147 9.2355e+00 8.5064e+00 9.1309e+00 9.9535e+00
147 148 9.2355e+00 8.5064e+00 9.1309e+00 9.9535e+00
148 149 9.2355e+00 8.5064e+00 9.1309e+00 9.9535e+00
149 150 9.2355e+00 8.5064e+00 9.1309e+00 9.9535e+00
150 151 9.2355e+00 8.5064e+00 9.1309e+00 9.9535e+00
151 152 9.2355e+00 8.5064e+00 9.1309e+00 9.9535e+00
152 153 9.2355e+00 8.5064e+00 9.1309e+00 9.9535e+00
153 154 9.2355e+00 8.5064e+00 9.1309e+00 9.9535e+00
154 155 9.2355e+00 8.5064e+00 9.1309e+00 9.9535e+00
155 156 9.2355e+00 8.5064e+00 9.1309e+00 9.9535e+00
156 157 9.2355e+00 8.5064e+00 9.1309e+00 9.9535e+00
157 159 9.2355e+00 8.5064e+00 9.1309e+00 9.9535e+00
159 160 9.2355e+00 8.5064e+00 9.1309e+00 9.9535e+00
160 161 9.2355e+00 8.5064e+00 9.1309e+00 9.9535e+00
161 162 9.2355e+00 8.5064e+00 9.1309e+00 9.9535e+00
162 163 9.2355e+00 8.5064e+00 9.1309e+00 9.9535e+00
163 164 9.2355e+00 8.5064e+00 9.1309e+00 9.9535e+00
164 165 9.2355e+00 8.5064e+00 9.1309e+00 9.9535e+00
165 166 9.2355e+00 8.5064e+00 9.1309e+00 9.9535e+00
166 167 9.2355e+00 8.5064e+00 9.1309e+00 9.9535e+00
167 168 9.2355e+00 8.5064e+00 9.1309e+00 9.9535e+00
168 169 9.2355e+00 8.5064e+00 9.1309e+00 9.9535e+00
169 170 9.2355e+00 8.5064e+00 9.1309e+00 9.9535e+00
170 171 9.2355e+00 8.5064e+00 9.1309e+00 9.9535e+00
171 172 9.2355e+00 8.5064e+00 9.1309e+00 9.9535e+00
172 173 9.2355e+00 8.5064e+00 9.1309e+00 9.9535e+00
173 174 9.2355e+00 8.5064e+00 9.1309e+00 9.9535e+00
174 175 9.2355e+00 8.5064e+00 9.1309e+00 9.9535e+00
175 176 9.2355e+00 8.5064e+00 9.1309e+00 9.9535e+00
176 178 9.2355e+00 8.5064e+00 9.1309e+00 9.9535e+00
178 179 9.2355e+00 8.5064e+00 9.1309e+00 9.9535e+00
179 180 9.2355e+00 8.5064e+00 9.1309e+00 9.9535e+00
180 181 9.2355e+00 8.5064e+00 9.1309e+00 9.9535e+00
181 182 9.2355e+00 8.5064e+00 9.1309e+00 9.9535e+00
182 183 9.2355e+00 8.5064e+00 9.1309e+00 9.9535e+00
183 184 9.2355e+00 8.5064e+00 9.1309e+00 9.9535e+00
184 185 9.2355e+00 8.5064e+00 9.1309e+00 9.9535e+00
185 186 9.2355e+00 8.5064e+00 9.1309e+00 9.9535e+00
186 187 9.2355e+00 8.5064e+00 9.1309e+00 9.9535e+00
187 188 9.2355e+00 8.5064e+00 9.1309e+00 9.9535e+00
188 189 9.2355e+00 8.5064e+00 9.1309e+00 9.9535e+00
189 190 9.2355e+00 8.5064e+00 9.1309e+00 9.9535e+00
190 191 9.2355e+00 8.5064e+00 9.1309e+00 9.9535e+00
191 192 9.2355e+00 8.5064e+00 9.1309e+00 9.9535e+00
192 193 9.2355e+00 8.5064e+00 9.1309e+00 9.9535e+00
193 194 9.2355e+00 8.5064e+00 9.1309e+00 9.9535e+00
194 195 9.2355e+00 8.5064e+00 9.1309e+00 9.9535e+00
195 196 9.2355e+00 8.5064e+00 9.1309e+00 9.9535e+00
196 197 9.2355e+00 8.5064e+00 9.1309e+00 9.9535e+00
197 198 9.2355e+00 8.5064e+00 9.1309e+00 9.9535e+00
198 199 9.2355e+00 8.5064e+00 9.1309e+00 9.9535e+00
199 200 9.2355e+00 8.5064e+00 9.1309e+00 9.9535e+00
200 201 9.2355e+00 8.5064e+00 9.1309e+00 9.9535e+00
201 202 9.2355e+00 8.5064e+00 9.1309e+00 9.9535e+00
202 203 9.2355e+00 8.5064e+00 9.1309e+00 9.9535e+00
203 204 9.2355e+00 8.5064e+00 9.1309e+00 9.9535e+00
204 205 9.2355e+00 8.5064e+00 9.1309e+00 9.9535e+00
205 207 9.2355e+00 8.5064e+00 9.1309e+00 9.9535e+00
207 208 9.2355e+00 8.5064e+00 9.1309e+00 9.9535e+00
208 209 9.2355e+00 8.5064e+00 9.1309e+00 9.9535e+00
209 210 9.2355e+00 8.5064e+00 9.1309e+00 9.9535e+00
210 211 9.2355e+00 8.5064e+00 9.1309e+00 9.9535e+00
211 212 9.2355e+00 8.5064e+00 9.1309e+00 9.9535e+00
212 213 9.2355e+00 8.5064e+00 9.1309e+00 9.9535e+00
213 214 9.2355e+00 8.5064e+00 9.1309e+00 9.9535e+00
214 215 9.2355e+00 8.5064e+00 9.1309e+00 9.9535e+00
215 216 9.2355e+00 8.5064e+00 9.1309e+00 9.9535e+00
216 217 9.2355e+00 8.5064e+00 9.1309e+00 9.9535e+00
217 218 9.2355e+00 8.5064e+00 9.1309e+00 9.9535e+00
218 219 9.2355e+00 8.5064e+00 9.1309e+00 9.9535e+00
219 220 9.2355e+00 8.5064e+00 9.1309e+00 9.9535e+00
220 221 9.2355e+00 8.5064e+00 9.1309e+00 9.9535e+00
221 222 9.2355e+00 8.5064e+00 9.1309e+00 9.9535e+00
222 223 9.2355e+00 8.5064e+00 9.1309e+00 9.9535e+00
223 224 9.2355e+00 8.5064e+00 9.1309e+00 9.9535e+00
224 225 9.2355e+00 8.5064e+00 9.1309e+00 9.9535e+00
225 226 9.2355e+00 8.5064e+00 9.1309e+00 9.9535e+00
226 227 9.2355e+00 8.5064e+00 9.1309e+00 9.9535e+00
227 228 9.2355e+00 8.5064e+00 9.1309e+00 9.9535e+00
228 229 9.2355e+00 8.5064e+00 9.1309e+00 9.9535e+00
229 230 9.2355e+00 8.5064e+00 9.1309e+00 9.9535e+00
230 231 9.2355e+00 8.5064e+00 9.1309e+00 9.9535e+00
231 232 9.2355e+00 8.5064e+00 9.1309e+00 9.9535e+00
232 233 9.2355e+00 8.5064e+00 9.1309e+00 9.9535e+00
233 234 9.2355e+00 8.5064e+00 9.1309e+00 9.9535e+00
234 235 9.2355e+00 8.5064e+00 9.1309e+00 9.9535e+00
235 236 9.2355e+00 8.5064e+00 9.1309e+00 9.9535e+00
236 237 9.2355e+00 8.5064e+00 9.1309e+00 9.9535e+00
237 238 9.2355e+00 8.5064e+00 9.1309e+00 9.9535e+00
238 239 9.2355e+00 8.5064e+00 9.1309e+00 9.9535e+00
239 241 9.2355e+00 8.5064e+00 9.1309e+00 9.9535e+00
241 242 9.2355e+00 8.5064e+00 9.1309e+00 9.9535e+00
242 243 9.2355e+00 8.5064e+00 9.1309e+00 9.9535e+00
243 244 9.2355e+00 8.5064e+00 9.1309e+00 9.9535e+00
244 245 9.2355e+00 8.5064e+00 9.1309e+00 9.9535e+00
245 246 9.2355e+00 8.5064e+00 9.1309e+00 9.9535e+00
246 247 9.2355e+00 8.5064e+00 9.1309e+00 9.9535e+00
247 248 9.2355e+00 8.5064e+00 9.1309e+00 9.9535e+00
248 249 9.2355e+00 8.5064e+00 9.1309e+00 9.9535e+00
249 250 9.2355e+00 8.5064e+00 9.1309e+00 9.9535e+00
250 251 9.2355e+00 8.5064e+00 9.1309e+00 9.9535e+00
251 252 9.2355e+00 8.5064e+00 9.1309e+00 9.9535e+00
252 253 9.2355e+00 8.5064e+00 9.1309e+00 9.9535e+00
253 254 9.2355e+00 8.5064e+00 9.1309e+00 9.9535e+00
254 255 9.2355e+00 8.5064e+00 9.1309e+00 9.9535e+00
255 256 9.2355e+00 8.5064e+00 9.1309e+00 9.9535e+00
256 257 9.2355e+00 8.5064e+00 9.1309e+00 9.9535e+00
257 258 9.2355e+00 8.5064e+00 9.1309e+00 9.9535e+00
258 259 9.2355e+00 8.5064e+00 9.1309e+00 9.9535e+00
259 260 9.2355e+00 8.5064e+00 9.1309e+00 9.9535e+00
260 261 9.2355e+00 8.5064e+00 9.1309e+00 9.9535e+00
261 262 9.2355e+00 8.5064e+00 9.1309e+00 9.9535e+00
262 263 9.2355e+00 8.5064e+00 9.1309e+00 9.9535e+00
263 264 9.2355e+00 8.5064e+00 9.1309e+00 9.9535e+00
264 265 9.2355e+00 8.5064e+00 9.1309e+00 9.9535e+00
265 266 9.2355e+00 8.5064e+00 9.1309e+00 9.9535e+00
266 267 9.2355e+00 8.5064e+00 9.1309e+00 9.9535e+00
267 268 9.2355e+00 8.5064e+00 9.1309e+00 9.9535e+00
268 269 9.2355e+00 8.5064e+00 9.1309e+00 9.9535e+00
269 270 9.2355e+00 8.5064e+00 9.1309e+00 9.9535e+00
270 271 9.2355e+00 8.5064e+00 9.1309e+00 9.9535e+00
271 272 9.2355e+00 8.5064e+00 9.1309e+00 9.9535e+00
272 273 9.2355e+00 8.5064e+00 9.1309e+00 9.9535e+00
273 274 9.2355e+00 8.5064e+00 9.1309e+00 9.9535e+00
274 275 9.2355e+00 8.5064e+00 9.1309e+00 9.9535e+00
275 276 9.2355e+00 8.5064e+00 9.1309e+00 9.9535e+00
276 277 9.2355e+00 8.5064e+00 9.1309e+00 9.9535e+00
277 278 9.2355e+00 8.5064e+00 9.1309e+00 9.9535e+00
278 279 9.2355e+00 8.5064e+00 9.1309e+00 9.9535e+00
279 280 9.2355e+00 8.5064e+00 9.1309e+00 9.9535e+00
280 281 9.2355e+00 8.5064e+00 9.1309e+00 9.9535e+00
281 282 9.2355e+00 8.5064e+00 9.1309e+00 9.9535e+00
282 283 9.2355e+00 8.5064e+00 9.1309e+00 9.9535e+00
283 284 9.2355e+00 8.5064e+00 9.1309e+00 9.9535e+00
284 285 9.2355e+00 8.5064e+00 9.1309e+00 9.9535e+00
285 286 9.2355e+00 8.5064e+00 9.1309e+00 9.9535e+00
286 287 9.2355e+00 8.5064e+00 9.1309e+00 9.9535e+00
287 288 9.2355e+00 8.5064e+00 9.1309e+00 9.9535e+00
288 289 9.2355e+00 8.5064e+00 9.1309e+00 9.9535e+00
289 290 9.2355e+00 8.5064e+00 9.1309e+00 9.9535e+00
290 291 9.2355e+00 8.5064e+00 9.1309e+00 9.9535e+00
291 292 9.2355e+00 8.5064e+00 9.1309e+00 9.9535e+00
292 293 9.2355e+00 8.5064e+00 9.1309e+00 9.9535e+00
293 294 9.2355e+00 8.5064e+00 9.1309e+00 9.9535e+00
294 295 9.2355e+00 8.5064e+00 9.1309e+00 9.9535e+00
295 296 9.2355e+00 8.5064e+00 9.1309e+00 9.9535e+00
296 297 9.2355e+00 8.5064e+00 9.1309e+00 9.9535e+00
297 298 9.2355e+00 8.5064e+00 9.1309e+00 9.9535e+00
298 299 9.2355e+00 8.5064e+00 9.1309e+00 9.9535e+00
299 300 9.2355e+00 8.5064e+00 9.1309e+00 9.9535e+00
300 301 9.2355e+00 8.5064e+00 9.1309e+00 9.9535e+00
301 302 9.2355e+00 8.5064e+00 9.1309e+00 9.9535e+00
302 303 9.2355e+00 8.5064e+00 9.1309e+00 9.9535e+00
303 304 9.2355e+00 8.5064e+00 9.1309e+00 9.9535e+00
304 305 9.2355e+00 8.5064e+00 9.1309e+00 9.9535e+00
305 306 9.2355e+00 8.5064e+00 9.1309e+00 9.9535e+00
306 307 9.2355e+00 8.5064e+00 9.1309e+00 9.9535e+00
307 308 9.2355e+00 8.5064e+00 9.1309e+00 9.9535e+00
308 309 9.2355e+00 8.5064e+00 9.1309e+00 9.9535e+00
309 310 9.2355e+00 8.5064e+00 9.1309e+00 9.9535e+00
310 311 9.2355e+00 8.5064e+00 9.1309e+00 9.9535e+00
311 312 9.2355e+00 8.5064e+00 9.1309e+00 9.9535e+00
312 313 9.2355e+00 8.5064e+00 9.1309e+00 9.9535e+00
313 314 9.2355e+00 8.5064e+00 9.1309e+00 9.9535e+00
314 315 9.2355e+00 8.5064e+00 9.1309e+00 9.9535e+00
315 316 9.2355e+00 8.5064e+00 9.1309e+00 9.9535e+00
316 317 9.2355e+00 8.5064e+00 9.1309e+00 9.9535e+00
317 318 9.2355e+00 8.5064e+00 9.1309e+00 9.9535e+00
318 319 9.2355e+00 8.5064e+00 9.1309e+00 9.9535e+00
319 320 9.2355e+00 8.5064e+00 9.1309e+00 9.9535e+00
320 321 9.2355e+00 8.5064e+00 9.1309e+00 9.9535e+00
321 322 9.2355e+00 8.5064e+00 9.1309e+00 9.9535e+00
322 323 9.2355e+00 8.5064e+00 9.1309e+00 9.9535e+00
323 324 9.2355e+00 8.5064e+00 9.1309e+00 9.9535e+00
324 325 9.2355e+00 8.5064e+00 9.1309e+00 9.9535e+00
325 326 9.2355e+00 8.5064e+00 9.1309e+00 9.9535e+00
326 327 9.2355e+00 8.5064e+00 9.1309e+00 9.9535e+00
327 328 9.2355e+00 8.5064e+00 9.1309e+00 9.9535e+00
328 329 9.2355e+00 8.5064e+00 9.1309e+00 9.9535e+00
329 330 9.2355e+00 8.5064e+00 9.1309e+00 9.9535e+00
330 331 9.2355e+00 8.5064e+00 9.1309e+00 9.9535e+00
331 332 9.2355e+00 8.5064e+00 9.1309e+00 9.9535e+00
332 333 9.2355e+00 8.5064e+00 9.1309e+00 9.9535e+00
333 334 9.2355e+00 8.5064e+00 9.1309e+00 9.9535e+00
334 335 9.2355e+00 8.5064e+00 9.1309e+00 9.9535e+00
335 336 9.2355e+00 8.5064e+00 9.1309e+00 9.9535e+00
336 337 9.2355e+00 8.5064e+00 9.1309e+00 9.9535e+00
337 338 9.2355e+00 8.5064e+00 9.1309e+00 9.9535e+00
338 339 9.2355e+00 8.5064e+00 9.1309e+00 9.9535e+00
339 340 9.2355e+00 8.5064e+00 9.1309e+00 9.9535e+00
340 341 9.2355e+00 8.5064e+00 9.1309e+00 9.9535e+00
341 342 9.2355e+00 8.5064e+00 9.1309e+00 9.9535e+00
342 343 9.2355e+00 8.5064e+00 9.1309e+00 9.9535e+00
343 344 9.2355e+00 8.5064e+00 9.1309e+00 9.9535e+00
344 345 9.2355e+00 8.5064e+00 9.1309e+00 9.9535e+00
345 346 9.2355e+00 8.5064e+00 9.1309e+00 9.9535e+00
346 347 9.2355e+00 8.5064e+00 9.1309e+00 9.9535e+00
347 348 9.2355e+00 8.5064e+00 9.1309e+00 9.9535e+00
348 349 9.2355e+00 8.5064e+00 9.1309e+00 9.9535e+00
349 350 9.2355e+00 8.5064e+00 9.1309e+00 9.9535e+00
350 351 9.2355e+00 8.5064e+00 9.1309e+00 9.9535e+00
351 353 9.2355e+00 8.5064e+00 9.1309e+00 9.9535e+00
353 354 9.2355e+00 8.5064e+00 9.1309e+00 9.9535e+00
354 355 9.2355e+00 8.5064e+00 9.1309e+00 9.9535e+00
355 356 9.2355e+00 8.5064e+00 9.1309e+00 9.9535e+00
356 358 9.2355e+00 8.5064e+00 9.1309e+00 9.9535e+00
358 359 9.2355e+00 8.5064e+00 9.1309e+00 9.9535e+00
359 360 9.2355e+00 8.5064e+00 9.1309e+00 9.9535e+00
360 361 9.2355e+00 8.5064e+00 9.1309e+00 9.9535e+00
361 362 9.2355e+00 8.5064e+00 9.1309e+00 9.9535e+00
362 363 9.2355e+00 8.5064e+00 9.1309e+00 9.9535e+00
363 364 9.2355e+00 8.5064e+00 9.1309e+00 9.9535e+00
364 365 9.2355e+00 8.5064e+00 9.1309e+00 9.9535e+00
365 366 9.2355e+00 8.5064e+00 9.1309e+00 9.9535e+00
366 367 9.2355e+00 8.5064e+00 9.1309e+00 9.9535e+00
367 368 9.2355e+00 8.5064e+00 9.1309e+00 9.9535e+00
368 369 9.2355e+00 8.5064e+00 9.1309e+00 9.9535e+00
369 370 9.2355e+00 8.5064e+00 9.1309e+00 9.9535e+00
370 371 9.2355e+00 8.5064e+00 9.1309e+00 9.9535e+00
371 373 9.2355e+00 8.5064e+00 9.1309e+00 9.9535e+00
373 374 9.2355e+00 8.5064e+00 9.1309e+00 9.9535e+00
374 375 9.2355e+00 8.5064e+00 9.1309e+00 9.9535e+00
375 376 9.2355e+00 8.5064e+00 9.1309e+00 9.9535e+00
376 377 9.2355e+00 8.5064e+00 9.1309e+00 9.9535e+00
377 378 9.2355e+00 8.5064e+00 9.1309e+00 9.9535e+00
378 379 9.2355e+00 8.5064e+00 9.1309e+00 9.9535e+00
379 380 9.2355e+00 8.5064e+00 9.1309e+00 9.9535e+00
380 381 9.2355e+00 8.5064e+00 9.1309e+00 9.9535e+00
381 382 9.2355e+00 8.5064e+00 9.1309e+00 9.9535e+00
382 383 9.2355e+00 8.5064e+00 9.1309e+00 9.9535e+00
383 384 9.2355e+00 8.5064e+00 9.1309e+00 9.9535e+00
384 385 9.2355e+00 8.5064e+00 9.1309e+00 9.9535e+00
385 386 9.2331e+00 8.5064e+00 9.1309e+00 9.9535e+00
386 387 9.2085e+00 8.4731e+00 9.1290e+00 9.9535e+00
387 388 9.0741e+00 4.7724e+00 9.1172e+00 9.9526e+00
388 389 8.7354e+00 4.4818e+00 9.0718e+00 9.9524e+00
389 390 7.9427e+00 4.3525e+00 9.0181e+00 9.9338e+00
390 391 7.0672e+00 4.2868e+00 8.6698e+00 9.8858e+00
391 392 6.3140e+00 4.2583e+00 4.7558e+00 9.7543e+00
392 393 5.9611e+00 4.2567e+00 4.6941e+00 9.7137e+00
393 394 5.5220e+00 4.2224e+00 4.6419e+00 9.5420e+00
394 396 5.1598e+00 4.1953e+00 4.6034e+00 9.4547e+00
396 397 5.0589e+00 4.1953e+00 4.5928e+00 9.4192e+00
397 398 4.7985e+00 4.1870e+00 4.5684e+00 9.0845e+00
398 399 4.5849e+00 4.1823e+00 4.5600e+00 4.9796e+00
399 400 4.5736e+00 4.1823e+00 4.5594e+00 4.9689e+00
400 401 4.5736e+00 4.1823e+00 4.5594e+00 4.9689e+00
401 402 4.5736e+00 4.1823e+00 4.5594e+00 4.9689e+00
402 403 4.5736e+00 4.1823e+00 4.5594e+00 4.9689e+00
403 404 4.5736e+00 4.1823e+00 4.5594e+00 4.9689e+00
404 405 4.5736e+00 4.1823e+00 4.5594e+00 4.9689e+00
405 406 4.5736e+00 4.1823e+00 4.5594e+00 4.9689e+00
406 407 4.5736e+00 4.1823e+00 4.5594e+00 4.9689e+00
407 408 4.5736e+00 4.1823e+00 4.5594e+00 4.9689e+00
408 409 4.5736e+00 4.1823e+00 4.5594e+00 4.9689e+00
409 410 4.5736e+00 4.1823e+00 4.5594e+00 4.9689e+00
410 411 4.5736e+00 4.1823e+00 4.5594e+00 4.9689e+00
411 412 4.5736e+00 4.1823e+00 4.5594e+00 4.9689e+00
412 413 4.5736e+00 4.1823e+00 4.5594e+00 4.9689e+00
413 414 4.5736e+00 4.1823e+00 4.5594e+00 4.9689e+00
414 415 4.5736e+00 4.1823e+00 4.5594e+00 4.9689e+00
415 416 4.5736e+00 4.1823e+00 4.5594e+00 4.9689e+00
416 417 4.5736e+00 4.1823e+00 4.5594e+00 4.9689e+00
417 418 4.5736e+00 4.1823e+00 4.5594e+00 4.9689e+00
418 419 4.5736e+00 4.1823e+00 4.5594e+00 4.9689e+00
419 420 4.5736e+00 4.1823e+00 4.5594e+00 4.9689e+00
420 421 4.5736e+00 4.1823e+00 4.5594e+00 4.9689e+00
421 422 4.5736e+00 4.1823e+00 4.5594e+00 4.9689e+00
422 423 4.5736e+00 4.1823e+00 4.5594e+00 4.9689e+00
423 424 4.5736e+00 4.1823e+00 4.5594e+00 4.9689e+00
424 425 4.5736e+00 4.1823e+00 4.5594e+00 4.9689e+00
425 426 4.5736e+00 4.1823e+00 4.5594e+00 4.9689e+00
426 427 4.5736e+00 4.1823e+00 4.5594e+00 4.9689e+00
427 428 4.5736e+00 4.1823e+00 4.5594e+00 4.9689e+00
428 429 4.5736e+00 4.1823e+00 4.5594e+00 4.9689e+00
429 430 4.5736e+00 4.1823e+00 4.5594e+00 4.9689e+00
430 431 4.5736e+00 4.1823e+00 4.5594e+00 4.9689e+00
431 432 4.5736e+00 4.1823e+00 4.5594e+00 4.9689e+00
432 433 4.5736e+00 4.1823e+00 4.5594e+00 4.9689e+00
433 434 4.5736e+00 4.1823e+00 4.5594e+00 4.9689e+00
434 435 4.5736e+00 4.1823e+00 4.5594e+00 4.9689e+00
435 436 4.5736e+00 4.1823e+00 4.5594e+00 4.9689e+00
436 437 4.5736e+00 4.1823e+00 4.5594e+00 4.9689e+00
437 438 4.5736e+00 4.1823e+00 4.5594e+00 4.9689e+00
438 439 4.5736e+00 4.1823e+00 4.5594e+00 4.9689e+00
439 440 4.5736e+00 4.1823e+00 4.5594e+00 4.9689e+00
440 441 4.5736e+00 4.1823e+00 4.5594e+00 4.9689e+00
441 442 4.5736e+00 4.1823e+00 4.5594e+00 4.9689e+00
442 443 4.5736e+00 4.1823e+00 4.5594e+00 4.9689e+00
443 444 4.5736e+00 4.1823e+00 4.5594e+00 4.9689e+00
444 445 4.5736e+00 4.1823e+00 4.5594e+00 4.9689e+00
445 446 4.5736e+00 4.1823e+00 4.5594e+00 4.9689e+00
446 447 4.5736e+00 4.1823e+00 4.5594e+00 4.9689e+00
447 448 4.5736e+00 4.1823e+00 4.5594e+00 4.9689e+00
448 449 4.5736e+00 4.1823e+00 4.5594e+00 4.9689e+00
449 450 4.5736e+00 4.1823e+00 4.5594e+00 4.9689e+00
450 451 4.5736e+00 4.1823e+00 4.5594e+00 4.9689e+00
451 452 4.5736e+00 4.1823e+00 4.5594e+00 4.9689e+00
452 453 4.5736e+00 4.1823e+00 4.5594e+00 4.9689e+00
453 454 4.5736e+00 4.1823e+00 4.5594e+00 4.9689e+00
454 456 4.5736e+00 4.1823e+00 4.5594e+00 4.9689e+00
456 457 4.5736e+00 4.1823e+00 4.5594e+00 4.9689e+00
457 458 4.5736e+00 4.1823e+00 4.5594e+00 4.9689e+00
458 459 4.5736e+00 4.1823e+00 4.5594e+00 4.9689e+00
459 460 4.5736e+00 4.1823e+00 4.5594e+00 4.9689e+00
460 461 4.5736e+00 4.1823e+00 4.5594e+00 4.9689e+00
461 462 4.5736e+00 4.1823e+00 4.5594e+00 4.9689e+00
462 463 4.5736e+00 4.1823e+00 4.5594e+00 4.9689e+00
463 464 4.5736e+00 4.1823e+00 4.5594e+00 4.9689e+00
464 465 4.5736e+00 4.1823e+00 4.5594e+00 4.9689e+00
465 466 4.5736e+00 4.1823e+00 4.5594e+00 4.9689e+00
466 467 4.5736e+00 4.1823e+00 4.5594e+00 4.9689e+00
467 468 4.5736e+00 4.1823e+00 4.5594e+00 4.9689e+00
468 469 4.5736e+00 4.1823e+00 4.5594e+00 4.9689e+00
469 470 4.5736e+00 4.1823e+00 4.5594e+00 4.9689e+00
470 471 4.5736e+00 4.1823e+00 4.5594e+00 4.9689e+00
471 472 4.5736e+00 4.1823e+00 4.5594e+00 4.9689e+00
472 473 4.5736e+00 4.1823e+00 4.5594e+00 4.9689e+00
473 474 4.5736e+00 4.1823e+00 4.5594e+00 4.9689e+00
474 475 4.5736e+00 4.1823e+00 4.5594e+00 4.9689e+00
475 476 4.5736e+00 4.1823e+00 4.5594e+00 4.9689e+00
476 477 4.5736e+00 4.1823e+00 4.5594e+00 4.9689e+00
477 478 4.5736e+00 4.1823e+00 4.5594e+00 4.9689e+00
478 479 4.5736e+00 4.1823e+00 4.5594e+00 4.9689e+00
479 480 4.5736e+00 4.1823e+00 4.5594e+00 4.9689e+00
480 481 4.5736e+00 4.1823e+00 4.5594e+00 4.9689e+00
481 482 4.5736e+00 4.1823e+00 4.5594e+00 4.9689e+00
482 483 4.5736e+00 4.1823e+00 4.5594e+00 4.9689e+00
483 484 4.5736e+00 4.1823e+00 4.5594e+00 4.9689e+00
484 485 4.5736e+00 4.1823e+00 4.5594e+00 4.9689e+00
485 486 4.5736e+00 4.1823e+00 4.5594e+00 4.9689e+00
486 487 4.5736e+00 4.1823e+00 4.5594e+00 4.9689e+00
487 488 4.5736e+00 4.1823e+00 4.5594e+00 4.9689e+00
488 489 4.5736e+00 4.1823e+00 4.5594e+00 4.9689e+00
489 490 4.5736e+00 4.1823e+00 4.5594e+00 4.9689e+00
490 491 4.5736e+00 4.1823e+00 4.5594e+00 4.9689e+00
491 492 4.5736e+00 4.1823e+00 4.5594e+00 4.9689e+00
492 493 4.5736e+00 4.1823e+00 4.5594e+00 4.9689e+00
493 494 4.5736e+00 4.1823e+00 4.5594e+00 4.9689e+00
494 495 4.5736e+00 4.1823e+00 4.5594e+00 4.9689e+00
495 496 4.5736e+00 4.1823e+00 4.5594e+00 4.9689e+00
496 497 4.5736e+00 4.1823e+00 4.5594e+00 4.9689e+00
497 498 4.5736e+00 4.1823e+00 4.5594e+00 4.9689e+00
498 499 4.5736e+00 4.1823e+00 4.5594e+00 4.9689e+00
499 500 4.5736e+00 4.1823e+00 4.5594e+00 4.9689e+00
500 501 4.5736e+00 4.1823e+00 4.5594e+00 4.9689e+00
501 502 4.5736e+00 4.1823e+00 4.5594e+00 4.9689e+00
502 503 4.5736e+00 4.1823e+00 4.5594e+00 4.9689e+00
503 504 4.5736e+00 4.1823e+00 4.5594e+00 4.9689e+00
504 505 4.5736e+00 4.1823e+00 4.5594e+00 4.9689e+00
505 506 4.5736e+00 4.1823e+00 4.5594e+00 4.9689e+00
506 507 4.5736e+00 4.1823e+00 4.5594e+00 4.9689e+00
507 508 4.5736e+00 4.1823e+00 4.5594e+00 4.9689e+00
508 509 4.5736e+00 4.1823e+00 4.5594e+00 4.9689e+00
509 510 4.5736e+00 4.1823e+00 4.5594e+00 4.9689e+00
510 511 4.5736e+00 4.1823e+00 4.5594e+00 4.9689e+00
511 512 4.5736e+00 4.1823e+00 4.5594e+00 4.9689e+00
512 513 4.5736e+00 4.1823e+00 4.5594e+00 4.9689e+00
513 514 4.5736e+00 4.1823e+00 4.5594e+00 4.9689e+00
514 515 4.5736e+00 4.1823e+00 4.5594e+00 4.9689e+00
515 516 4.5736e+00 4.1823e+00 4.5594e+00 4.9689e+00
516 517 4.5736e+00 4.1823e+00 4.5594e+00 4.9689e+00
517 518 4.5736e+00 4.1823e+00 4.5594e+00 4.9689e+00
518 519 4.5736e+00 4.1823e+00 4.5594e+00 4.9689e+00
519 520 4.5736e+00 4.1823e+00 4.5594e+00 4.9689e+00
520 521 4.5736e+00 4.1823e+00 4.5594e+00 4.9689e+00
521 522 4.5736e+00 4.1823e+00 4.5594e+00 4.9689e+00
522 523 4.5736e+00 4.1823e+00 4.5594e+00 4.9689e+00
523 524 4.5736e+00 4.1823e+00 4.5594e+00 4.9689e+00
524 525 4.5736e+00 4.1823e+00 4.5594e+00 4.9689e+00
525 526 4.5736e+00 4.1823e+00 4.5594e+00 4.9689e+00
526 527 4.5736e+00 4.1823e+00 4.5594e+00 4.9689e+00
527 529 4.5736e+00 4.1823e+00 4.5594e+00 4.9689e+00
529 530 4.5736e+00 4.1823e+00 4.5594e+00 4.9689e+00
530 531 4.5736e+00 4.1823e+00 4.5594e+00 4.9689e+00
531 532 4.5736e+00 4.1823e+00 4.5594e+00 4.9689e+00
532 533 4.5736e+00 4.1823e+00 4.5594e+00 4.9689e+00
533 534 4.5736e+00 4.1823e+00 4.5594e+00 4.9689e+00
534 535 4.5736e+00 4.1823e+00 4.5594e+00 4.9689e+00
535 536 4.5736e+00 4.1823e+00 4.5594e+00 4.9689e+00
536 537 4.5736e+00 4.1823e+00 4.5594e+00 4.9689e+00
537 538 4.5736e+00 4.1823e+00 4.5594e+00 4.9689e+00
538 540 4.5736e+00 4.1823e+00 4.5594e+00 4.9689e+00
540 541 4.5736e+00 4.1823e+00 4.5594e+00 4.9689e+00
541 542 4.5736e+00 4.1823e+00 4.5594e+00 4.9689e+00
542 543 4.5736e+00 4.1823e+00 4.5594e+00 4.9689e+00
543 544 4.5736e+00 4.1823e+00 4.5594e+00 4.9689e+00
544 545 4.5736e+00 4.1823e+00 4.5594e+00 4.9689e+00
545 546 4.5736e+00 4.1823e+00 4.5594e+00 4.9689e+00
546 547 4.5736e+00 4.1823e+00 4.5594e+00 4.9689e+00
547 548 4.5736e+00 4.1823e+00 4.5594e+00 4.9689e+00
548 549 4.5736e+00 4.1823e+00 4.5594e+00 4.9689e+00
549 550 4.5736e+00 4.1823e+00 4.5594e+00 4.9689e+00
550 551 4.5736e+00 4.1823e+00 4.5594e+00 4.9689e+00
551 552 4.5736e+00 4.1823e+00 4.5594e+00 4.9689e+00
552 553 4.5736e+00 4.1823e+00 4.5594e+00 4.9689e+00
553 554 4.5736e+00 4.1823e+00 4.5594e+00 4.9689e+00
554 555 4.5736e+00 4.1823e+00 4.5594e+00 4.9689e+00
555 556 4.5736e+00 4.1823e+00 4.5594e+00 4.9689e+00
556 557 4.5736e+00 4.1823e+00 4.5594e+00 4.9689e+00
557 558 4.5736e+00 4.1823e+00 4.5594e+00 4.9689e+00
558 559 4.5736e+00 4.1823e+00 4.5594e+00 4.9689e+00
559 561 4.5736e+00 4.1823e+00 4.5594e+00 4.9689e+00
561 562 4.5736e+00 4.1823e+00 4.5594e+00 4.9689e+00
562 563 4.5736e+00 4.1823e+00 4.5594e+00 4.9689e+00
563 564 4.5736e+00 4.1823e+00 4.5594e+00 4.9689e+00
564 565 4.5736e+00 4.1823e+00 4.5594e+00 4.9689e+00
565 566 4.5736e+00 4.1823e+00 4.5594e+00 4.9689e+00
566 567 4.5736e+00 4.1823e+00 4.5594e+00 4.9689e+00
567 568 4.5736e+00 4.1823e+00 4.5594e+00 4.9689e+00
568 569 4.5736e+00 4.1823e+00 4.5594e+00 4.9689e+00
569 570 4.5736e+00 4.1823e+00 4.5594e+00 4.9689e+00
570 571 4.5736e+00 4.1823e+00 4.5594e+00 4.9689e+00
571 572 4.5736e+00 4.1823e+00 4.5594e+00 4.9689e+00
572 573 4.5736e+00 4.1823e+00 4.5594e+00 4.9689e+00
573 574 4.5736e+00 4.1823e+00 4.5594e+00 4.9689e+00
574 575 4.5736e+00 4.1823e+00 4.5594e+00 4.9689e+00
575 576 4.5736e+00 4.1823e+00 4.5594e+00 4.9689e+00
576 577 4.5736e+00 4.1823e+00 4.5594e+00 4.9689e+00
577 578 4.5736e+00 4.1823e+00 4.5594e+00 4.9689e+00
578 579 4.5736e+00 4.1823e+00 4.5594e+00 4.9689e+00
579 580 4.5736e+00 4.1823e+00 4.5594e+00 4.9689e+00
580 581 4.5736e+00 4.1823e+00 4.5594e+00 4.9689e+00
581 582 4.5736e+00 4.1823e+00 4.5594e+00 4.9689e+00
582 583 4.5736e+00 4.1823e+00 4.5594e+00 4.9689e+00
583 584 4.5736e+00 4.1823e+00 4.5594e+00 4.9689e+00
584 585 4.5736e+00 4.1823e+00 4.5594e+00 4.9689e+00
585 586 4.5736e+00 4.1823e+00 4.5594e+00 4.9689e+00
586 587 4.5736e+00 4.1823e+00 4.5594e+00 4.9689e+00
587 588 4.5736e+00 4.1823e+00 4.5594e+00 4.9689e+00
588 589 4.5736e+00 4.1823e+00 4.5594e+00 4.9689e+00
589 590 4.5736e+00 4.1823e+00 4.5594e+00 4.9689e+00
590 591 4.5736e+00 4.1823e+00 4.5594e+00 4.9689e+00
591 592 4.5736e+00 4.1823e+00 4.5594e+00 4.9689e+00
592 593 4.5736e+00 4.1823e+00 4.5594e+00 4.9689e+00
593 594 4.5736e+00 4.1823e+00 4.5594e+00 4.9689e+00
594 595 4.5736e+00 4.1823e+00 4.5594e+00 4.9689e+00
595 596 4.5736e+00 4.1823e+00 4.5594e+00 4.9689e+00
596 597 4.5736e+00 4.1823e+00 4.5594e+00 4.9689e+00
597 598 4.5736e+00 4.1823e+00 4.5594e+00 4.9689e+00
598 599 4.5736e+00 4.1823e+00 4.5594e+00 4.9689e+00
599 600 4.5736e+00 4.1823e+00 4.5594e+00 4.9689e+00
600 601 4.5736e+00 4.1823e+00 4.5594e+00 4.9689e+00
601 602 4.5736e+00 4.1823e+00 4.5594e+00 4.9689e+00
602 603 4.5736e+00 4.1823e+00 4.5594e+00 4.9689e+00
603 604 4.5736e+00 4.1823e+00 4.5594e+00 4.9689e+00
604 605 4.5736e+00 4.1823e+00 4.5594e+00 4.9689e+00
605 606 4.5736e+00 4.1823e+00 4.5594e+00 4.9689e+00
606 607 4.5736e+00 4.1823e+00 4.5594e+00 4.9689e+00
607 608 4.5736e+00 4.1823e+00 4.5594e+00 4.9689e+00
608 609 4.5736e+00 4.1823e+00 4.5594e+00 4.9689e+00
609 610 4.5525e+00 4.1625e+00 4.5586e+00 4.9689e+00
610 611 1.3701e+00 5.4325e-01 6.0896e-01 4.7158e+00
611 612 6.0357e-01 5.3536e-01 6.0505e-01 6.5212e-01
612 613 6.0077e-01 5.3536e-01 6.0501e-01 6.5200e-01
613 614 6.0077e-01 5.3536e-01 6.0501e-01 6.5200e-01
614 615 6.0077e-01 5.3536e-01 6.0501e-01 6.5200e-01
615 617 6.0077e-01 5.3536e-01 6.0501e-01 6.5200e-01
617 618 6.0077e-01 5.3536e-01 6.0501e-01 6.5200e-01
618 619 6.0077e-01 5.3536e-01 6.0501e-01 6.5200e-01
619 620 6.0077e-01 5.3536e-01 6.0501e-01 6.5200e-01
620 621 6.0077e-01 5.3536e-01 6.0501e-01 6.5200e-01
621 622 6.0077e-01 5.3536e-01 6.0501e-01 6.5200e-01
622 623 6.0077e-01 5.3536e-01 6.0501e-01 6.5200e-01
623 624 6.0077e-01 5.3536e-01 6.0501e-01 6.5200e-01
624 625 6.0077e-01 5.3536e-01 6.0501e-01 6.5200e-01
625 626 6.0077e-01 5.3536e-01 6.0501e-01 6.5200e-01
626 627 6.0077e-01 5.3536e-01 6.0501e-01 6.5200e-01
627 628 6.0077e-01 5.3536e-01 6.0501e-01 6.5200e-01
628 629 6.0077e-01 5.3536e-01 6.0501e-01 6.5200e-01
629 630 6.0077e-01 5.3536e-01 6.0501e-01 6.5200e-01
630 631 6.0077e-01 5.3536e-01 6.0501e-01 6.5200e-01
631 632 6.0077e-01 5.3536e-01 6.0501e-01 6.5200e-01
632 633 6.0077e-01 5.3536e-01 6.0501e-01 6.5200e-01
633 634 6.0077e-01 5.3536e-01 6.0501e-01 6.5200e-01
634 635 6.0077e-01 5.3536e-01 6.0501e-01 6.5200e-01
635 636 6.0077e-01 5.3536e-01 6.0501e-01 6.5200e-01
636 637 6.0077e-01 5.3536e-01 6.0501e-01 6.5200e-01
637 638 6.0077e-01 5.3536e-01 6.0501e-01 6.5200e-01
638 639 6.0077e-01 5.3536e-01 6.0501e-01 6.5200e-01
639 640 6.0077e-01 5.3536e-01 6.0501e-01 6.5200e-01
640 641 6.0077e-01 5.3536e-01 6.0501e-01 6.5200e-01
641 642 6.0077e-01 5.3536e-01 6.0501e-01 6.5200e-01
642 643 6.0077e-01 5.3536e-01 6.0501e-01 6.5200e-01
643 644 6.0077e-01 5.3536e-01 6.0501e-01 6.5200e-01
644 645 6.0077e-01 5.3536e-01 6.0501e-01 6.5200e-01
645 646 6.0077e-01 5.3536e-01 6.0501e-01 6.5200e-01
646 647 6.0077e-01 5.3536e-01 6.0501e-01 6.5200e-01
647 648 6.0077e-01 5.3536e-01 6.0501e-01 6.5200e-01
648 649 6.0077e-01 5.3536e-01 6.0501e-01 6.5200e-01
649 650 6.0077e-01 5.3536e-01 6.0501e-01 6.5200e-01
650 651 6.0077e-01 5.3536e-01 6.0501e-01 6.5200e-01
651 652 6.0077e-01 5.3536e-01 6.0501e-01 6.5200e-01
652 653 6.0077e-01 5.3536e-01 6.0501e-01 6.5200e-01
653 654 6.0077e-01 5.3536e-01 6.0501e-01 6.5200e-01
654 655 6.0077e-01 5.3536e-01 6.0501e-01 6.5200e-01
655 656 6.0077e-01 5.3536e-01 6.0501e-01 6.5200e-01
656 657 6.0077e-01 5.3536e-01 6.0501e-01 6.5200e-01
657 658 6.0077e-01 5.3536e-01 6.0501e-01 6.5200e-01
658 659 6.0523e-01 5.3638e-01 6.0507e-01 6.5222e-01
659 660 6.1684e-01 5.3638e-01 6.0509e-01 6.5333e-01
660 661 6.3869e-01 5.3638e-01 6.0516e-01 6.5732e-01
661 662 1.0737e+00 5.4194e-01 6.0850e-01 3.0297e+00
662 663 2.1581e+00 5.6717e-01 2.8563e+00 3.1074e+00
663 664 2.8073e+00 6.0613e-01 2.9271e+00 3.1329e+00
664 665 2.9449e+00 2.7809e+00 2.9395e+00 3.1338e+00
665 666 2.9449e+00 2.7809e+00 2.9395e+00 3.1338e+00
666 667 2.9449e+00 2.7809e+00 2.9395e+00 3.1338e+00
667 668 2.9449e+00 2.7809e+00 2.9395e+00 3.1338e+00
668 669 2.9449e+00 2.7809e+00 2.9395e+00 3.1338e+00
669 670 2.9449e+00 2.7809e+00 2.9395e+00 3.1338e+00
670 671 2.9449e+00 2.7809e+00 2.9395e+00 3.1338e+00
671 672 2.9449e+00 2.7809e+00 2.9395e+00 3.1338e+00
672 673 2.9449e+00 2.7809e+00 2.9395e+00 3.1338e+00
673 674 2.9449e+00 2.7809e+00 2.9395e+00 3.1338e+00
674 675 2.9449e+00 2.7809e+00 2.9395e+00 3.1338e+00
675 676 2.9449e+00 2.7809e+00 2.9395e+00 3.1338e+00
676 677 2.9449e+00 2.7809e+00 2.9395e+00 3.1338e+00
677 678 2.9449e+00 2.7809e+00 2.9395e+00 3.1338e+00
678 679 2.9449e+00 2.7809e+00 2.9395e+00 3.1338e+00
679 680 2.9449e+00 2.7809e+00 2.9395e+00 3.1338e+00
680 681 2.9449e+00 2.7809e+00 2.9395e+00 3.1338e+00
681 682 2.9449e+00 2.7809e+00 2.9395e+00 3.1338e+00
682 683 2.9449e+00 2.7809e+00 2.9395e+00 3.1338e+00
683 684 2.9449e+00 2.7809e+00 2.9395e+00 3.1338e+00
684 685 2.9449e+00 2.7809e+00 2.9395e+00 3.1338e+00
685 686 2.9449e+00 2.7809e+00 2.9395e+00 3.1338e+00
686 687 2.9449e+00 2.7809e+00 2.9395e+00 3.1338e+00
687 688 2.9449e+00 2.7809e+00 2.9395e+00 3.1338e+00
688 689 2.9449e+00 2.7809e+00 2.9395e+00 3.1338e+00
689 690 2.9449e+00 2.7809e+00 2.9395e+00 3.1338e+00
690 691 2.9449e+00 2.7809e+00 2.9395e+00 3.1338e+00
691 692 2.9449e+00 2.7809e+00 2.9395e+00 3.1338e+00
692 693 2.9449e+00 2.7809e+00 2.9395e+00 3.1338e+00
693 694 2.9449e+00 2.7809e+00 2.9395e+00 3.1338e+00
694 695 2.9449e+00 2.7809e+00 2.9395e+00 3.1338e+00
695 696 2.9449e+00 2.7809e+00 2.9395e+00 3.1338e+00
696 697 2.9449e+00 2.7809e+00 2.9395e+00 3.1338e+00
697 698 2.9449e+00 2.7809e+00 2.9395e+00 3.1338e+00
698 699 2.9449e+00 2.7809e+00 2.9395e+00 3.1338e+00
699 700 2.9449e+00 2.7809e+00 2.9395e+00 3.1338e+00
700 701 2.9449e+00 2.7809e+00 2.9395e+00 3.1338e+00
701 702 2.9449e+00 2.7809e+00 2.9395e+00 3.1338e+00
702 703 2.9449e+00 2.7809e+00 2.9395e+00 3.1338e+00
703 704 2.9449e+00 2.7809e+00 2.9395e+00 3.1338e+00
704 705 2.9449e+00 2.7809e+00 2.9395e+00 3.1338e+00
705 706 2.9449e+00 2.7809e+00 2.9395e+00 3.1338e+00
706 708 2.9449e+00 2.7809e+00 2.9395e+00 3.1338e+00
708 709 2.9449e+00 2.7809e+00 2.9395e+00 3.1338e+00
709 710 2.9449e+00 2.7809e+00 2.9395e+00 3.1338e+00
710 711 2.9449e+00 2.7809e+00 2.9395e+00 3.1338e+00
711 712 2.9449e+00 2.7809e+00 2.9395e+00 3.1338e+00
712 713 2.9449e+00 2.7809e+00 2.9395e+00 3.1338e+00
713 714 2.9449e+00 2.7809e+00 2.9395e+00 3.1338e+00
714 715 2.9449e+00 2.7809e+00 2.9395e+00 3.1338e+00
715 716 2.9449e+00 2.7809e+00 2.9395e+00 3.1338e+00
716 717 2.9449e+00 2.7809e+00 2.9395e+00 3.1338e+00
717 718 2.9449e+00 2.7809e+00 2.9395e+00 3.1338e+00
718 719 2.9449e+00 2.7809e+00 2.9395e+00 3.1338e+00
719 720 2.9449e+00 2.7809e+00 2.9395e+00 3.1338e+00
720 721 2.9449e+00 2.7809e+00 2.9395e+00 3.1338e+00
721 722 2.9449e+00 2.7809e+00 2.9395e+00 3.1338e+00
722 723 2.9449e+00 2.7809e+00 2.9395e+00 3.1338e+00
723 724 2.9449e+00 2.7809e+00 2.9395e+00 3.1338e+00
724 725 2.9449e+00 2.7809e+00 2.9395e+00 3.1338e+00
725 726 2.9449e+00 2.7809e+00 2.9395e+00 3.1338e+00
726 727 2.9449e+00 2.7809e+00 2.9395e+00 3.1338e+00
727 728 2.9449e+00 2.7809e+00 2.9395e+00 3.1338e+00
728 729 2.9449e+00 2.7809e+00 2.9395e+00 3.1338e+00
729 730 2.9449e+00 2.7809e+00 2.9395e+00 3.1338e+00
730 731 2.9449e+00 2.7809e+00 2.9395e+00 3.1338e+00
731 732 2.9449e+00 2.7809e+00 2.9395e+00 3.1338e+00
732 733 2.9449e+00 2.7809e+00 2.9395e+00 3.1338e+00
733 734 2.9449e+00 2.7809e+00 2.9395e+00 3.1338e+00
734 735 2.9449e+00 2.7809e+00 2.9395e+00 3.1338e+00
735 736 2.9449e+00 2.7809e+00 2.9395e+00 3.1338e+00
736 737 2.9449e+00 2.7809e+00 2.9395e+00 3.1338e+00
737 738 2.9449e+00 2.7809e+00 2.9395e+00 3.1338e+00
738 739 2.9449e+00 2.7809e+00 2.9395e+00 3.1338e+00
739 740 2.9449e+00 2.7809e+00 2.9395e+00 3.1338e+00
740 741 2.9449e+00 2.7809e+00 2.9395e+00 3.1338e+00
741 742 2.9449e+00 2.7809e+00 2.9395e+00 3.1338e+00
742 743 2.9449e+00 2.7809e+00 2.9395e+00 3.1338e+00
743 744 2.9449e+00 2.7809e+00 2.9395e+00 3.1338e+00
744 745 2.9449e+00 2.7809e+00 2.9395e+00 3.1338e+00
745 746 2.9449e+00 2.7809e+00 2.9395e+00 3.1338e+00
746 747 2.9449e+00 2.7809e+00 2.9395e+00 3.1338e+00
747 748 2.9449e+00 2.7809e+00 2.9395e+00 3.1338e+00
748 749 2.9449e+00 2.7809e+00 2.9395e+00 3.1338e+00
749 750 2.9449e+00 2.7809e+00 2.9395e+00 3.1338e+00
750 751 2.9449e+00 2.7809e+00 2.9395e+00 3.1338e+00
751 752 2.9449e+00 2.7809e+00 2.9395e+00 3.1338e+00
752 753 2.9449e+00 2.7809e+00 2.9395e+00 3.1338e+00
753 754 2.9449e+00 2.7809e+00 2.9395e+00 3.1338e+00
754 755 2.9449e+00 2.7809e+00 2.9395e+00 3.1338e+00
755 756 2.9449e+00 2.7809e+00 2.9395e+00 3.1338e+00
756 757 2.9449e+00 2.7809e+00 2.9395e+00 3.1338e+00
757 758 2.9449e+00 2.7809e+00 2.9395e+00 3.1338e+00
758 759 2.9449e+00 2.7809e+00 2.9395e+00 3.1338e+00
759 760 2.9449e+00 2.7809e+00 2.9395e+00 3.1338e+00
760 761 2.9449e+00 2.7809e+00 2.9395e+00 3.1338e+00
761 762 2.9449e+00 2.7809e+00 2.9395e+00 3.1338e+00
762 763 2.9449e+00 2.7809e+00 2.9395e+00 3.1338e+00
763 764 2.9449e+00 2.7809e+00 2.9395e+00 3.1338e+00
764 765 2.9449e+00 2.7809e+00 2.9395e+00 3.1338e+00
765 766 2.9449e+00 2.7809e+00 2.9395e+00 3.1338e+00
766 767 2.9449e+00 2.7809e+00 2.9395e+00 3.1338e+00
767 768 2.9449e+00 2.7809e+00 2.9395e+00 3.1338e+00
768 769 2.9449e+00 2.7809e+00 2.9395e+00 3.1338e+00
769 770 2.9449e+00 2.7809e+00 2.9395e+00 3.1338e+00
770 771 2.9449e+00 2.7809e+00 2.9395e+00 3.1338e+00
771 772 2.9449e+00 2.7809e+00 2.9395e+00 3.1338e+00
772 773 2.9449e+00 2.7809e+00 2.9395e+00 3.1338e+00
773 774 2.9449e+00 2.7809e+00 2.9395e+00 3.1338e+00
774 775 2.9449e+00 2.7809e+00 2.9395e+00 3.1338e+00
775 776 2.9449e+00 2.7809e+00 2.9395e+00 3.1338e+00
776 777 2.9449e+00 2.7809e+00 2.9395e+00 3.1338e+00
777 778 2.9449e+00 2.7809e+00 2.9395e+00 3.1338e+00
778 779 2.9449e+00 2.7809e+00 2.9395e+00 3.1338e+00
779 780 2.9449e+00 2.7809e+00 2.9395e+00 3.1338e+00
780 782 2.9449e+00 2.7809e+00 2.9395e+00 3.1338e+00
782 783 2.9449e+00 2.7809e+00 2.9395e+00 3.1338e+00
783 784 2.9449e+00 2.7809e+00 2.9395e+00 3.1338e+00
784 785 2.9449e+00 2.7809e+00 2.9395e+00 3.1338e+00
785 786 2.9449e+00 2.7809e+00 2.9395e+00 3.1338e+00
786 787 2.9449e+00 2.7809e+00 2.9395e+00 3.1338e+00
787 789 2.9449e+00 2.7809e+00 2.9395e+00 3.1338e+00
789 790 2.9449e+00 2.7809e+00 2.9395e+00 3.1338e+00
790 791 2.9449e+00 2.7809e+00 2.9395e+00 3.1338e+00
791 792 2.9449e+00 2.7809e+00 2.9395e+00 3.1338e+00
792 793 2.9449e+00 2.7809e+00 2.9395e+00 3.1338e+00
793 794 2.9449e+00 2.7809e+00 2.9395e+00 3.1338e+00
794 795 2.9449e+00 2.7809e+00 2.9395e+00 3.1338e+00
795 796 2.9449e+00 2.7809e+00 2.9395e+00 3.1338e+00
796 797 2.9449e+00 2.7809e+00 2.9395e+00 3.1338e+00
797 798 2.9449e+00 2.7809e+00 2.9395e+00 3.1338e+00
798 799 2.9449e+00 2.7809e+00 2.9395e+00 3.1338e+00
799 800 2.9449e+00 2.7809e+00 2.9395e+00 3.1338e+00
800 801 2.9449e+00 2.7809e+00 2.9395e+00 3.1338e+00
801 802 2.9449e+00 2.7809e+00 2.9395e+00 3.1338e+00
802 803 2.9449e+00 2.7809e+00 2.9395e+00 3.1338e+00
803 804 2.9449e+00 2.7809e+00 2.9395e+00 3.1338e+00
804 805 2.9449e+00 2.7809e+00 2.9395e+00 3.1338e+00
805 806 2.9449e+00 2.7809e+00 2.9395e+00 3.1338e+00
806 807 2.9449e+00 2.7809e+00 2.9395e+00 3.1338e+00
807 808 2.9449e+00 2.7809e+00 2.9395e+00 3.1338e+00
808 809 2.9449e+00 2.7809e+00 2.9395e+00 3.1338e+00
809 810 2.9449e+00 2.7809e+00 2.9395e+00 3.1338e+00
810 811 2.9449e+00 2.7809e+00 2.9395e+00 3.1338e+00
811 812 2.9449e+00 2.7809e+00 2.9395e+00 3.1338e+00
812 813 2.9449e+00 2.7809e+00 2.9395e+00 3.1338e+00
813 814 2.9449e+00 2.7809e+00 2.9395e+00 3.1338e+00
814 815 2.9449e+00 2.7809e+00 2.9395e+00 3.1338e+00
815 816 2.9449e+00 2.7809e+00 2.9395e+00 3.1338e+00
816 819 2.9449e+00 2.7809e+00 2.9395e+00 3.1338e+00
819 820 2.9449e+00 2.7809e+00 2.9395e+00 3.1338e+00
820 821 2.9449e+00 2.7809e+00 2.9395e+00 3.1338e+00
821 822 2.9449e+00 2.7809e+00 2.9395e+00 3.1338e+00
822 823 2.9449e+00 2.7809e+00 2.9395e+00 3.1338e+00
823 824 2.9449e+00 2.7809e+00 2.9395e+00 3.1338e+00
824 825 2.9449e+00 2.7809e+00 2.9395e+00 3.1338e+00
825 826 2.9449e+00 2.7809e+00 2.9395e+00 3.1338e+00
826 827 2.9449e+00 2.7809e+00 2.9395e+00 3.1338e+00
827 828 2.9449e+00 2.7809e+00 2.9395e+00 3.1338e+00
828 829 2.9449e+00 2.7809e+00 2.9395e+00 3.1338e+00
829 830 2.9449e+00 2.7809e+00 2.9395e+00 3.1338e+00
830 831 2.9449e+00 2.7809e+00 2.9395e+00 3.1338e+00
