# parameters
version_bit_string:13816762181795971082,seed:5489,burn_in:100000,num_iter:1000000,stats_thin:1000,block_penalty:50,prior_rate_mean:1,window_size:50,partition_length:4001,overlap_length:200,pade_resolution:10,pade_max:1000,max_lk_start:0.001,max_lk_resolution:0.001,num_snps:883,num_snp_partitions:1,num_samps:1000
# left_snp right_snp mean p0.025 p0.500 p0.975
0 1 5.0620e+00 5.0032e+00 5.0581e+00 5.1415e+00
1 2 5.0620e+00 5.0032e+00 5.0581e+00 5.1415e+00
2 3 5.0620e+00 5.0032e+00 5.0581e+00 5.1415e+00
3 4 5.0620e+00 5.0032e+00 5.0581e+00 5.1415e+00
4 5 5.0620e+00 5.0032e+00 5.0581e+00 5.1415e+00
5 6 5.0620e+00 5.0032e+00 5.0581e+00 5.1415e+00
6 7 5.0620e+00 5.0032e+00 5.0581e+00 5.1415e+00
7 8 5.0620e+00 5.0032e+00 5.0581e+00 5.1415e+00
8 9 5.0620e+00 5.0032e+00 5.0581e+00 5.1415e+00
9 10 5.0620e+00 5.0032e+00 5.0581e+00 5.1415e+00
10 11 5.0620e+00 5.0032e+00 5.0581e+00 5.1415e+00
11 12 5.0620e+00 5.0032e+00 5.0581e+00 5.1415e+00
12 13 5.0620e+00 5.0032e+00 5.0581e+00 5.1415e+00
13 14 5.0620e+00 5.0032e+00 5.0581e+00 5.1415e+00
14 15 5.0620e+00 5.0032e+00 5.0581e+00 5.1415e+00
15 16 5.0620e+00 5.0032e+00 5.0581e+00 5.1415e+00
16 17 5.0620e+00 5.0032e+00 5.0581e+00 5.1415e+00
17 18 5.0620e+00 5.0032e+00 5.0581e+00 5.1415e+00
18 19 5.0620e+00 5.0032e+00 5.0581e+00 5.1415e+00
19 20 5.0620e+00 5.0032e+00 5.0581e+00 5.1415e+00
20 21 5.0620e+00 5.0032e+00 5.0581e+00 5.1415e+00
21 22 5.0620e+00 5.0032e+00 5.0581e+00 5.1415e+00
22 23 5.0620e+00 5.0032e+00 5.0581e+00 5.1415e+00
23 24 5.0620e+00 5.0032e+00 5.0581e+00 5.1415e+00
24 25 5.0620e+00 5.0032e+00 5.0581e+00 5.1415e+00
25 26 5.0620e+00 5.0032e+00 5.0581e+00 5.1415e+00
26 27 5.0620e+00 5.0032e+00 5.0581e+00 5.1415e+00
27 28 5.0620e+00 5.0032e+00 5.0581e+00 5.1415e+00
28 29 5.0620e+00 5.0032e+00 5.0581e+00 5.1415e+00
29 30 5.0620e+00 5.0032e+00 5.0581e+00 5.1415e+00
30 31 5.0620e+00 5.0032e+00 5.0581e+00 5.1415e+00
31 32 5.0620e+00 5.0032e+00 5.0581e+00 5.1415e+00
32 33 5.0620e+00 5.0032e+00 5.0581e+00 5.1415e+00
33 34 5.0620e+00 5.0032e+00 5.0581e+00 5.1415e+00
34 35 5.0620e+00 5.0032e+00 5.0581e+00 5.1415e+00
35 36 5.0620e+00 5.0032e+00 5.0581e+00 5.1415e+00
36 37 5.0620e+00 5.0032e+00 5.0581e+00 5.1415e+00
37 38 5.0620e+00 5.0032e+00 5.0581e+00 5.1415e+00
38 39 5.0620e+00 5.0032e+00 5.0581e+00 5.1415e+00
39 40 5.0620e+00 5.0032e+00 5.0581e+00 5.1415e+00
40 41 5.0620e+00 5.0032e+00 5.0581e+00 5.1415e+00
41 42 5.0620e+00 5.0032e+00 5.0581e+00 5.1415e+00
42 43 5.0620e+00 5.0032e+00 5.0581e+00 5.1415e+00
43 44 5.0620e+00 5.0032e+00 5.0581e+00 5.1415e+00
44 45 5.0620e+00 5.0032e+00 5.0581e+00 5.1415e+00
45 46 5.0620e+00 5.0032e+00 5.0581e+00 5.1415e+00
46 47 5.0620e+00 5.0032e+00 5.0581e+00 5.1415e+00
47 48 5.0620e+00 5.0032e+00 5.0581e+00 5.1415e+00
48 49 5.0620e+00 5.0032e+00 5.0581e+00 5.1415e+00
49 50 5.0620e+00 5.0032e+00 5.0581e+00 5.1415e+00
50 51 5.0620e+00 5.0032e+00 5.0581e+00 5.1415e+00
51 52 5.0620e+00 5.0032e+00 5.0581e+00 5.1415e+00
52 53 5.0620e+00 5.0032e+00 5.0581e+00 5.1415e+00
53 54 5.0620e+00 5.0032e+00 5.0581e+00 5.1415e+00
54 55 5.0620e+00 5.0032e+00 5.0581e+00 5.1415e+00
55 57 5.0620e+00 5.0032e+00 5.0581e+00 5.1415e+00
57 58 5.0620e+00 5.0032e+00 5.0581e+00 5.1415e+00
58 59 5.0620e+00 5.0032e+00 5.0581e+00 5.1415e+00
59 60 5.0620e+00 5.0032e+00 5.0581e+00 5.1415e+00
60 61 5.0620e+00 5.0032e+00 5.0581e+00 5.1415e+00
61 62 5.0620e+00 5.0032e+00 5.0581e+00 5.1415e+00
62 63 5.0620e+00 5.0032e+00 5.0581e+00 5.1415e+00
63 64 5.0620e+00 5.0032e+00 5.0581e+00 5.1415e+00
64 65 5.0620e+00 5.0032e+00 5.0581e+00 5.1415e+00
65 66 5.0620e+00 5.0032e+00 5.0581e+00 5.1415e+00
66 67 5.0620e+00 5.0032e+00 5.0581e+00 5.1415e+00
67 68 5.0620e+00 5.0032e+00 5.0581e+00 5.1415e+00
68 69 5.0620e+00 5.0032e+00 5.0581e+00 5.1415e+00
69 70 5.0620e+00 5.0032e+00 5.0581e+00 5.1415e+00
70 71 5.0620e+00 5.0032e+00 5.0581e+00 5.1415e+00
71 72 5.0620e+00 5.0032e+00 5.0581e+00 5.1415e+00
72 73 5.0620e+00 5.0032e+00 5.0581e+00 5.1415e+00
73 74 5.0620e+00 5.0032e+00 5.0581e+00 5.1415e+00
74 75 5.0620e+00 5.0032e+00 5.0581e+00 5.1415e+00
75 77 5.0620e+00 5.0032e+00 5.0581e+00 5.1415e+00
77 78 5.0620e+00 5.0032e+00 5.0581e+00 5.1415e+00
78 79 5.0620e+00 5.0032e+00 5.0581e+00 5.1415e+00
79 80 5.0620e+00 5.0032e+00 5.0581e+00 5.1415e+00
80 81 5.0620e+00 5.0032e+00 5.0581e+00 5.1415e+00
81 82 5.0620e+00 5.0032e+00 5.0581e+00 5.1415e+00
82 83 5.0620e+00 5.0032e+00 5.0581e+00 5.1415e+00
83 84 5.0620e+00 5.0032e+00 5.0581e+00 5.1415e+00
84 85 5.0620e+00 5.0032e+00 5.0581e+00 5.1415e+00
85 86 5.0620e+00 5.0032e+00 5.0581e+00 5.1415e+00
86 87 5.0620e+00 5.0032e+00 5.0581e+00 5.1415e+00
87 88 5.0620e+00 5.0032e+00 5.0581e+00 5.1415e+00
88 89 5.0620e+00 5.0032e+00 5.0581e+00 5.1415e+00
89 90 5.0620e+00 5.0032e+00 5.0581e+00 5.1415e+00
90 91 5.0620e+00 5.0032e+00 5.0581e+00 5.1415e+00
91 92 5.0620e+00 5.0032e+00 5.0581e+00 5.1415e+00
92 93 5.0620e+00 5.0032e+00 5.0581e+00 5.1415e+00
93 94 5.0620e+00 5.0032e+00 5.0581e+00 5.1415e+00
94 95 5.0620e+00 5.0032e+00 5.0581e+00 5.1415e+00
95 96 5.0620e+00 5.0032e+00 5.0581e+00 5.1415e+00
96 97 5.0620e+00 5.0032e+00 5.0581e+00 5.1415e+00
97 98 5.0620e+00 5.0032e+00 5.0581e+00 5.1415e+00
98 99 5.0620e+00 5.0032e+00 5.0581e+00 5.1415e+00
99 100 5.0620e+00 5.0032e+00 5.0581e+00 5.1415e+00
100 101 5.0620e+00 5.0032e+00 5.0581e+00 5.1415e+00
101 102 5.0620e+00 5.0032e+00 5.0581e+00 5.1415e+00
102 103 5.0620e+00 5.0032e+00 5.0581e+00 5.1415e+00
103 104 5.0620e+00 5.0032e+00 5.0581e+00 5.1415e+00
104 105 5.0620e+00 5.0032e+00 5.0581e+00 5.1415e+00
105 106 5.0620e+00 5.0032e+00 5.0581e+00 5.1415e+00
106 107 5.0620e+00 5.0032e+00 5.0581e+00 5.1415e+00
107 108 5.0620e+00 5.0032e+00 5.0581e+00 5.1415e+00
108 110 5.0620e+00 5.0032e+00 5.0581e+00 5.1415e+00
110 111 5.0620e+00 5.0032e+00 5.0581e+00 5.1415e+00
111 112 5.0620e+00 5.0032e+00 5.0581e+00 5.1415e+00
112 113 5.0620e+00 5.0032e+00 5.0581e+00 5.1415e+00
113 114 5.0620e+00 5.0032e+00 5.0581e+00 5.1415e+00
114 115 5.0620e+00 5.0032e+00 5.0581e+00 5.1415e+00
115 116 5.0620e+00 5.0032e+00 5.0581e+00 5.1415e+00
116 117 5.0620e+00 5.0032e+00 5.0581e+00 5.1415e+00
117 118 5.0620e+00 5.0032e+00 5.0581e+00 5.1415e+00
118 119 5.0620e+00 5.0032e+00 5.0581e+00 5.1415e+00
119 120 5.0620e+00 5.0032e+00 5.0581e+00 5.1415e+00
120 121 5.0620e+00 5.0032e+00 5.0581e+00 5.1415e+00
121 122 5.0620e+00 5.0032e+00 5.0581e+00 5.1415e+00
122 123 5.0620e+00 5.0032e+00 5.0581e+00 5.1415e+00
123 124 5.0620e+00 5.0032e+00 5.0581e+00 5.1415e+00
124 125 5.0620e+00 5.0032e+00 5.0581e+00 5.1415e+00
125 126 5.0620e+00 5.0032e+00 5.0581e+00 5.1415e+00
126 127 5.0620e+00 5.0032e+00 5.0581e+00 5.1415e+00
127 128 5.0620e+00 5.0032e+00 5.0581e+00 5.1415e+00
128 129 5.0620e+00 5.0032e+00 5.0581e+00 5.1415e+00
129 130 5.0620e+00 5.0032e+00 5.0581e+00 5.1415e+00
130 131 5.0620e+00 5.0032e+00 5.0581e+00 5.1415e+00
131 132 5.0620e+00 5.0032e+00 5.0581e+00 5.1415e+00
132 133 5.0620e+00 5.0032e+00 5.0581e+00 5.1415e+00
133 134 5.0620e+00 5.0032e+00 5.0581e+00 5.1415e+00
134 135 5.0620e+00 5.0032e+00 5.0581e+00 5.1415e+00
135 136 5.0620e+00 5.0032e+00 5.0581e+00 5.1415e+00
136 138 5.0620e+00 5.0032e+00 5.0581e+00 5.1415e+00
138 139 5.0620e+00 5.0032e+00 5.0581e+00 5.1415e+00
139 140 5.0620e+00 5.0032e+00 5.0581e+00 5.1415e+00
140 141 5.0620e+00 5.0032e+00 5.0581e+00 5.1415e+00
141 142 5.0620e+00 5.0032e+00 5.0581e+00 5.1415e+00
142 144 5.0620e+00 5.0032e+00 5.0581e+00 5.1415e+00
144 145 5.0620e+00 5.0032e+00 5.0581e+00 5.1415e+00
145 146 5.0620e+00 5.0032e+00 5.0581e+00 5.1415e+00
146 147 5.0620e+00 5.0032e+00 5.0581e+00 5.1415e+00
147 148 5.0620e+00 5.0032e+00 5.0581e+00 5.1415e+00
148 149 5.0620e+00 5.0032e+00 5.0581e+00 5.1415e+00
149 150 5.0620e+00 5.0032e+00 5.0581e+00 5.1415e+00
150 151 5.0620e+00 5.0032e+00 5.0581e+00 5.1415e+00
151 152 5.0620e+00 5.0032e+00 5.0581e+00 5.1415e+00
152 153 5.0620e+00 5.0032e+00 5.0581e+00 5.1415e+00
153 154 5.0620e+00 5.0032e+00 5.0581e+00 5.1415e+00
154 155 5.0620e+00 5.0032e+00 5.0581e+00 5.1415e+00
155 156 5.0620e+00 5.0032e+00 5.0581e+00 5.1415e+00
156 157 5.0620e+00 5.0032e+00 5.0581e+00 5.1415e+00
157 158 5.0620e+00 5.0032e+00 5.0581e+00 5.1415e+00
158 159 5.0620e+00 5.0032e+00 5.0581e+00 5.1415e+00
159 160 5.0620e+00 5.0032e+00 5.0581e+00 5.1415e+00
160 161 5.0620e+00 5.0032e+00 5.0581e+00 5.1415e+00
161 162 5.0620e+00 5.0032e+00 5.0581e+00 5.1415e+00
162 163 5.0620e+00 5.0032e+00 5.0581e+00 5.1415e+00
163 164 5.0620e+00 5.0032e+00 5.0581e+00 5.1415e+00
164 165 5.0620e+00 5.0032e+00 5.0581e+00 5.1415e+00
165 166 5.0620e+00 5.0032e+00 5.0581e+00 5.1415e+00
166 167 5.0620e+00 5.0032e+00 5.0581e+00 5.1415e+00
167 168 5.0620e+00 5.0032e+00 5.0581e+00 5.1415e+00
168 169 5.0620e+00 5.0032e+00 5.0581e+00 5.1415e+00
169 170 5.0620e+00 5.0032e+00 5.0581e+00 5.1415e+00
170 171 5.0620e+00 5.0032e+00 5.0581e+00 5.1415e+00
171 172 5.0620e+00 5.0032e+00 5.0581e+00 5.1415e+00
172 173 5.0620e+00 5.0032e+00 5.0581e+00 5.1415e+00
173 174 5.0620e+00 5.0032e+00 5.0581e+00 5.1415e+00
174 175 5.0620e+00 5.0032e+00 5.0581e+00 5.1415e+00
175 176 5.0620e+00 5.0032e+00 5.0581e+00 5.1415e+00
176 177 5.0620e+00 5.0032e+00 5.0581e+00 5.1415e+00
177 178 5.0620e+00 5.0032e+00 5.0581e+00 5.1415e+00
178 179 5.0620e+00 5.0032e+00 5.0581e+00 5.1415e+00
179 180 5.0620e+00 5.0032e+00 5.0581e+00 5.1415e+00
180 181 5.0620e+00 5.0032e+00 5.0581e+00 5.1415e+00
181 182 5.0620e+00 5.0032e+00 5.0581e+00 5.1415e+00
182 183 5.0620e+00 5.0032e+00 5.0581e+00 5.1415e+00
183 184 5.0620e+00 5.0032e+00 5.0581e+00 5.1415e+00
184 185 5.0620e+00 5.0032e+00 5.0581e+00 5.1415e+00
185 186 5.0620e+00 5.0032e+00 5.0581e+00 5.1415e+00
186 187 5.0620e+00 5.0032e+00 5.0581e+00 5.1415e+00
187 188 5.0620e+00 5.0032e+00 5.0581e+00 5.1415e+00
188 189 5.0620e+00 5.0032e+00 5.0581e+00 5.1415e+00
189 190 5.0620e+00 5.0032e+00 5.0581e+00 5.1415e+00
190 191 5.0620e+00 5.0032e+00 5.0581e+00 5.1415e+00
191 192 5.0620e+00 5.0032e+00 5.0581e+00 5.1415e+00
192 193 5.0620e+00 5.0032e+00 5.0581e+00 5.1415e+00
193 194 5.0620e+00 5.0032e+00 5.0581e+00 5.1415e+00
194 195 5.0620e+00 5.0032e+00 5.0581e+00 5.1415e+00
195 196 5.0620e+00 5.0032e+00 5.0581e+00 5.1415e+00
196 197 5.0620e+00 5.0032e+00 5.0581e+00 5.1415e+00
197 198 5.0620e+00 5.0032e+00 5.0581e+00 5.1415e+00
198 199 5.0620e+00 5.0032e+00 5.0581e+00 5.1415e+00
199 200 5.0620e+00 5.0032e+00 5.0581e+00 5.1415e+00
200 201 5.0620e+00 5.0032e+00 5.0581e+00 5.1415e+00
201 202 5.0620e+00 5.0032e+00 5.0581e+00 5.1415e+00
202 203 5.0620e+00 5.0032e+00 5.0581e+00 5.1415e+00
203 204 5.0620e+00 5.0032e+00 5.0581e+00 5.1415e+00
204 205 5.0620e+00 5.0032e+00 5.0581e+00 5.1415e+00
205 206 5.0620e+00 5.0032e+00 5.0581e+00 5.1415e+00
206 207 5.0620e+00 5.0032e+00 5.0581e+00 5.1415e+00
207 208 5.0620e+00 5.0032e+00 5.0581e+00 5.1415e+00
208 209 5.0620e+00 5.0032e+00 5.0581e+00 5.1415e+00
209 210 5.0620e+00 5.0032e+00 5.0581e+00 5.1415e+00
210 211 5.0620e+00 5.0032e+00 5.0581e+00 5.1415e+00
211 212 5.0620e+00 5.0032e+00 5.0581e+00 5.1415e+00
212 213 5.0620e+00 5.0032e+00 5.0581e+00 5.1415e+00
213 214 5.0620e+00 5.0032e+00 5.0581e+00 5.1415e+00
214 215 5.0620e+00 5.0032e+00 5.0581e+00 5.1415e+00
215 216 5.0620e+00 5.0032e+00 5.0581e+00 5.1415e+00
216 217 5.0620e+00 5.0032e+00 5.0581e+00 5.1415e+00
217 218 5.0620e+00 5.0032e+00 5.0581e+00 5.1415e+00
218 219 5.0620e+00 5.0032e+00 5.0581e+00 5.1415e+00
219 220 5.0620e+00 5.0032e+00 5.0581e+00 5.1415e+00
220 221 5.0620e+00 5.0032e+00 5.0581e+00 5.1415e+00
221 222 5.0620e+00 5.0032e+00 5.0581e+00 5.1415e+00
222 223 5.0620e+00 5.0032e+00 5.0581e+00 5.1415e+00
223 224 5.0620e+00 5.0032e+00 5.0581e+00 5.1415e+00
224 225 5.0620e+00 5.0032e+00 5.0581e+00 5.1415e+00
225 226 5.0620e+00 5.0032e+00 5.0581e+00 5.1415e+00
226 227 5.0620e+00 5.0032e+00 5.0581e+00 5.1415e+00
227 228 5.0620e+00 5.0032e+00 5.0581e+00 5.1415e+00
228 230 5.0620e+00 5.0032e+00 5.0581e+00 5.1415e+00
230 231 5.0620e+00 5.0032e+00 5.0581e+00 5.1415e+00
231 232 5.0620e+00 5.0032e+00 5.0581e+00 5.1415e+00
232 233 5.0620e+00 5.0032e+00 5.0581e+00 5.1415e+00
233 234 5.0620e+00 5.0032e+00 5.0581e+00 5.1415e+00
234 235 5.0620e+00 5.0032e+00 5.0581e+00 5.1415e+00
235 236 5.0620e+00 5.0032e+00 5.0581e+00 5.1415e+00
236 237 5.0620e+00 5.0032e+00 5.0581e+00 5.1415e+00
237 238 5.0620e+00 5.0032e+00 5.0581e+00 5.1415e+00
238 239 5.0620e+00 5.0032e+00 5.0581e+00 5.1415e+00
239 240 5.0620e+00 5.0032e+00 5.0581e+00 5.1415e+00
240 241 5.0620e+00 5.0032e+00 5.0581e+00 5.1415e+00
241 242 5.0620e+00 5.0032e+00 5.0581e+00 5.1415e+00
242 243 5.0620e+00 5.0032e+00 5.0581e+00 5.1415e+00
243 244 5.0620e+00 5.0032e+00 5.0581e+00 5.1415e+00
244 245 5.0620e+00 5.0032e+00 5.0581e+00 5.1415e+00
245 246 5.0620e+00 5.0032e+00 5.0581e+00 5.1415e+00
246 247 5.0620e+00 5.0032e+00 5.0581e+00 5.1415e+00
247 248 5.0620e+00 5.0032e+00 5.0581e+00 5.1415e+00
248 249 5.0620e+00 5.0032e+00 5.0581e+00 5.1415e+00
249 251 5.0620e+00 5.0032e+00 5.0581e+00 5.1415e+00
251 252 5.0620e+00 5.0032e+00 5.0581e+00 5.1415e+00
252 253 5.0620e+00 5.0032e+00 5.0581e+00 5.1415e+00
253 254 5.0620e+00 5.0032e+00 5.0581e+00 5.1415e+00
254 255 5.0620e+00 5.0032e+00 5.0581e+00 5.1415e+00
255 256 5.0620e+00 5.0032e+00 5.0581e+00 5.1415e+00
256 257 5.0620e+00 5.0032e+00 5.0581e+00 5.1415e+00
257 258 5.0620e+00 5.0032e+00 5.0581e+00 5.1415e+00
258 260 5.0620e+00 5.0032e+00 5.0581e+00 5.1415e+00
260 261 5.0620e+00 5.0032e+00 5.0581e+00 5.1415e+00
261 262 5.0620e+00 5.0032e+00 5.0581e+00 5.1415e+00
262 263 5.0620e+00 5.0032e+00 5.0581e+00 5.1415e+00
263 264 5.0620e+00 5.0032e+00 5.0581e+00 5.1415e+00
264 265 5.0620e+00 5.0032e+00 5.0581e+00 5.1415e+00
265 266 5.0620e+00 5.0032e+00 5.0581e+00 5.1415e+00
266 267 5.0620e+00 5.0032e+00 5.0581e+00 5.1415e+00
267 268 5.0620e+00 5.0032e+00 5.0581e+00 5.1415e+00
268 269 5.0620e+00 5.0032e+00 5.0581e+00 5.1415e+00
269 270 5.0620e+00 5.0032e+00 5.0581e+00 5.1415e+00
270 271 5.0620e+00 5.0032e+00 5.0581e+00 5.1415e+00
271 272 5.0620e+00 5.0032e+00 5.0581e+00 5.1415e+00
272 273 5.0620e+00 5.0032e+00 5.0581e+00 5.1415e+00
273 274 5.0620e+00 5.0032e+00 5.0581e+00 5.1415e+00
274 275 5.0620e+00 5.0032e+00 5.0581e+00 5.1415e+00
275 276 5.0620e+00 5.0032e+00 5.0581e+00 5.1415e+00
276 277 5.0620e+00 5.0032e+00 5.0581e+00 5.1415e+00
277 278 5.0620e+00 5.0032e+00 5.0581e+00 5.1415e+00
278 279 5.0620e+00 5.0032e+00 5.0581e+00 5.1415e+00
279 280 5.0620e+00 5.0032e+00 5.0581e+00 5.1415e+00
280 281 5.0620e+00 5.0032e+00 5.0581e+00 5.1415e+00
281 282 5.0620e+00 5.0032e+00 5.0581e+00 5.1415e+00
282 283 5.0620e+00 5.0032e+00 5.0581e+00 5.1415e+00
283 284 5.0620e+00 5.0032e+00 5.0581e+00 5.1415e+00
284 285 5.0620e+00 5.0032e+00 5.0581e+00 5.1415e+00
285 286 5.0620e+00 5.0032e+00 5.0581e+00 5.1415e+00
286 287 5.0620e+00 5.0032e+00 5.0581e+00 5.1415e+00
287 288 5.0620e+00 5.0032e+00 5.0581e+00 5.1415e+00
288 289 5.0620e+00 5.0032e+00 5.0581e+00 5.1415e+00
289 290 5.0620e+00 5.0032e+00 5.0581e+00 5.1415e+00
290 291 5.0620e+00 5.0032e+00 5.0581e+00 5.1415e+00
291 292 5.0620e+00 5.0032e+00 5.0581e+00 5.1415e+00
292 293 5.0620e+00 5.0032e+00 5.0581e+00 5.1415e+00
293 294 5.0620e+00 5.0032e+00 5.0581e+00 5.1415e+00
294 295 5.0620e+00 5.0032e+00 5.0581e+00 5.1415e+00
295 296 5.0620e+00 5.0032e+00 5.0581e+00 5.1415e+00
296 297 5.0620e+00 5.0032e+00 5.0581e+00 5.1415e+00
297 298 5.0620e+00 5.0032e+00 5.0581e+00 5.1415e+00
298 299 5.0620e+00 5.0032e+00 5.0581e+00 5.1415e+00
299 300 5.0620e+00 5.0032e+00 5.0581e+00 5.1415e+00
300 301 5.0620e+00 5.0032e+00 5.0581e+00 5.1415e+00
301 302 5.0620e+00 5.0032e+00 5.0581e+00 5.1415e+00
302 303 5.0620e+00 5.0032e+00 5.0581e+00 5.1415e+00
303 304 5.0620e+00 5.0032e+00 5.0581e+00 5.1415e+00
304 305 5.0620e+00 5.0032e+00 5.0581e+00 5.1415e+00
305 306 5.0620e+00 5.0032e+00 5.0581e+00 5.1415e+00
306 307 5.0620e+00 5.0032e+00 5.0581e+00 5.1415e+00
307 308 5.0620e+00 5.0032e+00 5.0581e+00 5.1415e+00
308 309 5.0620e+00 5.0032e+00 5.0581e+00 5.1415e+00
309 310 5.0620e+00 5.0032e+00 5.0581e+00 5.1415e+00
310 311 5.0620e+00 5.0032e+00 5.0581e+00 5.1415e+00
311 312 5.0620e+00 5.0032e+00 5.0581e+00 5.1415e+00
312 313 5.0620e+00 5.0032e+00 5.0581e+00 5.1415e+00
313 314 5.0620e+00 5.0032e+00 5.0581e+00 5.1415e+00
314 315 5.0620e+00 5.0032e+00 5.0581e+00 5.1415e+00
315 316 5.0620e+00 5.0032e+00 5.0581e+00 5.1415e+00
316 317 5.0620e+00 5.0032e+00 5.0581e+00 5.1415e+00
317 318 5.0620e+00 5.0032e+00 5.0581e+00 5.1415e+00
318 319 5.0620e+00 5.0032e+00 5.0581e+00 5.1415e+00
319 320 5.0620e+00 5.0032e+00 5.0581e+00 5.1415e+00
320 321 5.0620e+00 5.0032e+00 5.0581e+00 5.1415e+00
321 322 5.0620e+00 5.0032e+00 5.0581e+00 5.1415e+00
322 323 5.0620e+00 5.0032e+00 5.0581e+00 5.1415e+00
323 324 5.0620e+00 5.0032e+00 5.0581e+00 5.1415e+00
324 325 5.0620e+00 5.0032e+00 5.0581e+00 5.1415e+00
325 326 5.0620e+00 5.0032e+00 5.0581e+00 5.1415e+00
326 327 5.0620e+00 5.0032e+00 5.0581e+00 5.1415e+00
327 328 5.0620e+00 5.0032e+00 5.0581e+00 5.1415e+00
328 329 5.0620e+00 5.0032e+00 5.0581e+00 5.1415e+00
329 330 5.0620e+00 5.0032e+00 5.0581e+00 5.1415e+00
330 331 5.0620e+00 5.0032e+00 5.0581e+00 5.1415e+00
331 332 5.0620e+00 5.0032e+00 5.0581e+00 5.1415e+00
332 333 5.0620e+00 5.0032e+00 5.0581e+00 5.1415e+00
333 334 5.0620e+00 5.0032e+00 5.0581e+00 5.1415e+00
334 335 5.0620e+00 5.0032e+00 5.0581e+00 5.1415e+00
335 336 5.0620e+00 5.0032e+00 5.0581e+00 5.1415e+00
336 337 5.0620e+00 5.0032e+00 5.0581e+00 5.1415e+00
337 338 5.0620e+00 5.0032e+00 5.0581e+00 5.1415e+00
338 339 5.0620e+00 5.0032e+00 5.0581e+00 5.1415e+00
339 340 5.0620e+00 5.0032e+00 5.0581e+00 5.1415e+00
340 341 5.0620e+00 5.0032e+00 5.0581e+00 5.1415e+00
341 342 5.0620e+00 5.0032e+00 5.0581e+00 5.1415e+00
342 343 5.0620e+00 5.0032e+00 5.0581e+00 5.1415e+00
343 344 5.0620e+00 5.0032e+00 5.0581e+00 5.1415e+00
344 345 5.0620e+00 5.0032e+00 5.0581e+00 5.1415e+00
345 346 5.0620e+00 5.0032e+00 5.0581e+00 5.1415e+00
346 347 5.0620e+00 5.0032e+00 5.0581e+00 5.1415e+00
347 349 5.0620e+00 5.0032e+00 5.0581e+00 5.1415e+00
349 350 5.0620e+00 5.0032e+00 5.0581e+00 5.1415e+00
350 351 5.0620e+00 5.0032e+00 5.0581e+00 5.1415e+00
351 352 5.0620e+00 5.0032e+00 5.0581e+00 5.1415e+00
352 353 5.0620e+00 5.0032e+00 5.0581e+00 5.1415e+00
353 354 5.0620e+00 5.0032e+00 5.0581e+00 5.1415e+00
354 355 5.0620e+00 5.0032e+00 5.0581e+00 5.1415e+00
355 356 5.0620e+00 5.0032e+00 5.0581e+00 5.1415e+00
356 358 5.0620e+00 5.0032e+00 5.0581e+00 5.1415e+00
358 359 5.0620e+00 5.0032e+00 5.0581e+00 5.1415e+00
359 361 5.0620e+00 5.0032e+00 5.0581e+00 5.1415e+00
361 362 5.0620e+00 5.0032e+00 5.0581e+00 5.1415e+00
362 363 5.0620e+00 5.0032e+00 5.0581e+00 5.1415e+00
363 364 5.0620e+00 5.0032e+00 5.0581e+00 5.1415e+00
364 365 5.0620e+00 5.0032e+00 5.0581e+00 5.1415e+00
365 366 5.0620e+00 5.0032e+00 5.0581e+00 5.1415e+00
366 367 5.0620e+00 5.0032e+00 5.0581e+00 5.1415e+00
367 368 5.0620e+00 5.0032e+00 5.0581e+00 5.1415e+00
368 370 5.0620e+00 5.0032e+00 5.0581e+00 5.1415e+00
370 371 5.0620e+00 5.0032e+00 5.0581e+00 5.1415e+00
371 372 5.0620e+00 5.0032e+00 5.0581e+00 5.1415e+00
372 373 5.0620e+00 5.0032e+00 5.0581e+00 5.1415e+00
373 376 5.0620e+00 5.0032e+00 5.0581e+00 5.1415e+00
376 377 5.0620e+00 5.0032e+00 5.0581e+00 5.1415e+00
377 378 5.0620e+00 5.0032e+00 5.0581e+00 5.1415e+00
378 379 5.0620e+00 5.0032e+00 5.0581e+00 5.1415e+00
379 380 5.0620e+00 5.0032e+00 5.0581e+00 5.1415e+00
380 382 5.0620e+00 5.0032e+00 5.0581e+00 5.1415e+00
382 383 5.0620e+00 5.0032e+00 5.0581e+00 5.1415e+00
383 384 5.0620e+00 5.0032e+00 5.0581e+00 5.1415e+00
384 385 5.0620e+00 5.0032e+00 5.0581e+00 5.1415e+00
385 386 5.0620e+00 5.0032e+00 5.0581e+00 5.1415e+00
386 387 5.0620e+00 5.0032e+00 5.0581e+00 5.1415e+00
387 388 5.0620e+00 5.0032e+00 5.0581e+00 5.1415e+00
388 389 5.0620e+00 5.0032e+00 5.0581e+00 5.1415e+00
389 390 5.0620e+00 5.0032e+00 5.0581e+00 5.1415e+00
390 391 5.0620e+00 5.0032e+00 5.0581e+00 5.1415e+00
391 392 5.0620e+00 5.0032e+00 5.0581e+00 5.1415e+00
392 393 5.0620e+00 5.0032e+00 5.0581e+00 5.1415e+00
393 394 5.0620e+00 5.0032e+00 5.0581e+00 5.1415e+00
394 395 5.0620e+00 5.0032e+00 5.0581e+00 5.1415e+00
395 396 5.0620e+00 5.0032e+00 5.0581e+00 5.1415e+00
396 397 5.0620e+00 5.0032e+00 5.0581e+00 5.1415e+00
397 398 5.0620e+00 5.0032e+00 5.0581e+00 5.1415e+00
398 400 5.0620e+00 5.0032e+00 5.0581e+00 5.1415e+00
400 401 5.0620e+00 5.0032e+00 5.0581e+00 5.1415e+00
401 402 5.0620e+00 5.0032e+00 5.0581e+00 5.1415e+00
402 403 5.0620e+00 5.0032e+00 5.0581e+00 5.1415e+00
403 404 5.0620e+00 5.0032e+00 5.0581e+00 5.1415e+00
404 405 5.0620e+00 5.0032e+00 5.0581e+00 5.1415e+00
405 406 5.0620e+00 5.0032e+00 5.0581e+00 5.1415e+00
406 407 5.0620e+00 5.0032e+00 5.0581e+00 5.1415e+00
407 408 5.0620e+00 5.0032e+00 5.0581e+00 5.1415e+00
408 409 5.0620e+00 5.0032e+00 5.0581e+00 5.1415e+00
409 410 5.0620e+00 5.0032e+00 5.0581e+00 5.1415e+00
410 411 5.0620e+00 5.0032e+00 5.0581e+00 5.1415e+00
411 412 5.0620e+00 5.0032e+00 5.0581e+00 5.1415e+00
412 413 5.0620e+00 5.0032e+00 5.0581e+00 5.1415e+00
413 414 5.0620e+00 5.0032e+00 5.0581e+00 5.1415e+00
414 415 5.0620e+00 5.0032e+00 5.0581e+00 5.1415e+00
415 416 5.0620e+00 5.0032e+00 5.0581e+00 5.1415e+00
416 417 5.0620e+00 5.0032e+00 5.0581e+00 5.1415e+00
417 418 5.0620e+00 5.0032e+00 5.0581e+00 5.1415e+00
418 419 5.0620e+00 5.0032e+00 5.0581e+00 5.1415e+00
419 420 5.0620e+00 5.0032e+00 5.0581e+00 5.1415e+00
420 421 5.0620e+00 5.0032e+00 5.0581e+00 5.1415e+00
421 422 5.0620e+00 5.0032e+00 5.0581e+00 5.1415e+00
422 423 5.0620e+00 5.0032e+00 5.0581e+00 5.1415e+00
423 424 5.0620e+00 5.0032e+00 5.0581e+00 5.1415e+00
424 425 5.0620e+00 5.0032e+00 5.0581e+00 5.1415e+00
425 426 5.0620e+00 5.0032e+00 5.0581e+00 5.1415e+00
426 427 5.0620e+00 5.0032e+00 5.0581e+00 5.1415e+00
427 428 5.0620e+00 5.0032e+00 5.0581e+00 5.1415e+00
428 430 5.0620e+00 5.0032e+00 5.0581e+00 5.1415e+00
430 432 5.0620e+00 5.0032e+00 5.0581e+00 5.1415e+00
432 433 5.0620e+00 5.0032e+00 5.0581e+00 5.1415e+00
433 434 5.0620e+00 5.0032e+00 5.0581e+00 5.1415e+00
434 435 5.0620e+00 5.0032e+00 5.0581e+00 5.1415e+00
435 436 5.0620e+00 5.0032e+00 5.0581e+00 5.1415e+00
436 437 5.0620e+00 5.0032e+00 5.0581e+00 5.1415e+00
437 438 5.0620e+00 5.0032e+00 5.0581e+00 5.1415e+00
438 439 5.0620e+00 5.0032e+00 5.0581e+00 5.1415e+00
439 440 5.0620e+00 5.0032e+00 5.0581e+00 5.1415e+00
440 441 5.0620e+00 5.0032e+00 5.0581e+00 5.1415e+00
441 442 5.0620e+00 5.0032e+00 5.0581e+00 5.1415e+00
442 443 5.0620e+00 5.0032e+00 5.0581e+00 5.1415e+00
443 444 5.0620e+00 5.0032e+00 5.0581e+00 5.1415e+00
444 446 5.0620e+00 5.0032e+00 5.0581e+00 5.1415e+00
446 447 5.0620e+00 5.0032e+00 5.0581e+00 5.1415e+00
447 448 5.0620e+00 5.0032e+00 5.0581e+00 5.1415e+00
448 450 5.0620e+00 5.0032e+00 5.0581e+00 5.1415e+00
450 451 5.0620e+00 5.0032e+00 5.0581e+00 5.1415e+00
451 452 5.0620e+00 5.0032e+00 5.0581e+00 5.1415e+00
452 453 5.0620e+00 5.0032e+00 5.0581e+00 5.1415e+00
453 454 5.0620e+00 5.0032e+00 5.0581e+00 5.1415e+00
454 455 5.0620e+00 5.0032e+00 5.0581e+00 5.1415e+00
455 456 5.0620e+00 5.0032e+00 5.0581e+00 5.1415e+00
456 457 5.0620e+00 5.0032e+00 5.0581e+00 5.1415e+00
457 458 5.0620e+00 5.0032e+00 5.0581e+00 5.1415e+00
458 459 5.0620e+00 5.0032e+00 5.0581e+00 5.1415e+00
459 460 5.0620e+00 5.0032e+00 5.0581e+00 5.1415e+00
460 461 5.0620e+00 5.0032e+00 5.0581e+00 5.1415e+00
461 462 5.0620e+00 5.0032e+00 5.0581e+00 5.1415e+00
462 463 5.0620e+00 5.0032e+00 5.0581e+00 5.1415e+00
463 464 5.0620e+00 5.0032e+00 5.0581e+00 5.1415e+00
464 465 5.0620e+00 5.0032e+00 5.0581e+00 5.1415e+00
465 466 5.0620e+00 5.0032e+00 5.0581e+00 5.1415e+00
466 467 5.0620e+00 5.0032e+00 5.0581e+00 5.1415e+00
467 468 5.0620e+00 5.0032e+00 5.0581e+00 5.1415e+00
468 469 5.0620e+00 5.0032e+00 5.0581e+00 5.1415e+00
469 470 5.0620e+00 5.0032e+00 5.0581e+00 5.1415e+00
470 471 5.0620e+00 5.0032e+00 5.0581e+00 5.1415e+00
471 472 5.0620e+00 5.0032e+00 5.0581e+00 5.1415e+00
472 473 5.0620e+00 5.0032e+00 5.0581e+00 5.1415e+00
473 474 5.0620e+00 5.0032e+00 5.0581e+00 5.1415e+00
474 475 5.0620e+00 5.0032e+00 5.0581e+00 5.1415e+00
475 476 5.0620e+00 5.0032e+00 5.0581e+00 5.1415e+00
476 477 5.0620e+00 5.0032e+00 5.0581e+00 5.1415e+00
477 478 5.0620e+00 5.0032e+00 5.0581e+00 5.1415e+00
478 479 5.0620e+00 5.0032e+00 5.0581e+00 5.1415e+00
479 480 5.0620e+00 5.0032e+00 5.0581e+00 5.1415e+00
480 481 5.0620e+00 5.0032e+00 5.0581e+00 5.1415e+00
481 482 5.0620e+00 5.0032e+00 5.0581e+00 5.1415e+00
482 483 5.0620e+00 5.0032e+00 5.0581e+00 5.1415e+00
483 484 5.0620e+00 5.0032e+00 5.0581e+00 5.1415e+00
484 485 5.0620e+00 5.0032e+00 5.0581e+00 5.1415e+00
485 486 5.0620e+00 5.0032e+00 5.0581e+00 5.1415e+00
486 487 5.0620e+00 5.0032e+00 5.0581e+00 5.1415e+00
487 488 5.0620e+00 5.0032e+00 5.0581e+00 5.1415e+00
488 489 5.0620e+00 5.0032e+00 5.0581e+00 5.1415e+00
489 490 5.0620e+00 5.0032e+00 5.0581e+00 5.1415e+00
490 491 5.0620e+00 5.0032e+00 5.0581e+00 5.1415e+00
491 492 5.0620e+00 5.0032e+00 5.0581e+00 5.1415e+00
492 493 5.0620e+00 5.0032e+00 5.0581e+00 5.1415e+00
493 494 5.0620e+00 5.0032e+00 5.0581e+00 5.1415e+00
494 495 5.0620e+00 5.0032e+00 5.0581e+00 5.1415e+00
495 496 5.0620e+00 5.0032e+00 5.0581e+00 5.1415e+00
496 497 5.0620e+00 5.0032e+00 5.0581e+00 5.1415e+00
497 498 5.0620e+00 5.0032e+00 5.0581e+00 5.1415e+00
498 499 5.0620e+00 5.0032e+00 5.0581e+00 5.1415e+00
499 500 5.0620e+00 5.0032e+00 5.0581e+00 5.1415e+00
500 501 5.0620e+00 5.0032e+00 5.0581e+00 5.1415e+00
501 502 5.0620e+00 5.0032e+00 5.0581e+00 5.1415e+00
502 503 5.0620e+00 5.0032e+00 5.0581e+00 5.1415e+00
503 504 5.0620e+00 5.0032e+00 5.0581e+00 5.1415e+00
504 505 5.0620e+00 5.0032e+00 5.0581e+00 5.1415e+00
505 506 5.0620e+00 5.0032e+00 5.0581e+00 5.1415e+00
506 507 5.0620e+00 5.0032e+00 5.0581e+00 5.1415e+00
507 508 5.0620e+00 5.0032e+00 5.0581e+00 5.1415e+00
508 509 5.0620e+00 5.0032e+00 5.0581e+00 5.1415e+00
509 510 5.0620e+00 5.0032e+00 5.0581e+00 5.1415e+00
510 511 5.0620e+00 5.0032e+00 5.0581e+00 5.1415e+00
511 512 5.0620e+00 5.0032e+00 5.0581e+00 5.1415e+00
512 513 5.0620e+00 5.0032e+00 5.0581e+00 5.1415e+00
513 515 5.0620e+00 5.0032e+00 5.0581e+00 5.1415e+00
515 516 5.0620e+00 5.0032e+00 5.0581e+00 5.1415e+00
516 517 5.0620e+00 5.0032e+00 5.0581e+00 5.1415e+00
517 518 5.0620e+00 5.0032e+00 5.0581e+00 5.1415e+00
518 519 5.0620e+00 5.0032e+00 5.0581e+00 5.1415e+00
519 520 5.0620e+00 5.0032e+00 5.0581e+00 5.1415e+00
520 521 5.0620e+00 5.0032e+00 5.0581e+00 5.1415e+00
521 522 5.0620e+00 5.0032e+00 5.0581e+00 5.1415e+00
522 523 5.0620e+00 5.0032e+00 5.0581e+00 5.1415e+00
523 524 5.0620e+00 5.0032e+00 5.0581e+00 5.1415e+00
524 525 5.0620e+00 5.0032e+00 5.0581e+00 5.1415e+00
525 526 5.0620e+00 5.0032e+00 5.0581e+00 5.1415e+00
526 527 5.0620e+00 5.0032e+00 5.0581e+00 5.1415e+00
527 528 5.0620e+00 5.0032e+00 5.0581e+00 5.1415e+00
528 530 5.0620e+00 5.0032e+00 5.0581e+00 5.1415e+00
530 531 5.0620e+00 5.0032e+00 5.0581e+00 5.1415e+00
531 532 5.0620e+00 5.0032e+00 5.0581e+00 5.1415e+00
532 533 5.0620e+00 5.0032e+00 5.0581e+00 5.1415e+00
533 534 5.0620e+00 5.0032e+00 5.0581e+00 5.1415e+00
534 535 5.0620e+00 5.0032e+00 5.0581e+00 5.1415e+00
535 536 5.0620e+00 5.0032e+00 5.0581e+00 5.1415e+00
536 537 5.0620e+00 5.0032e+00 5.0581e+00 5.1415e+00
537 538 5.0620e+00 5.0032e+00 5.0581e+00 5.1415e+00
538 539 5.0620e+00 5.0032e+00 5.0581e+00 5.1415e+00
539 540 5.0620e+00 5.0032e+00 5.0581e+00 5.1415e+00
540 541 5.0620e+00 5.0032e+00 5.0581e+00 5.1415e+00
541 542 5.0620e+00 5.0032e+00 5.0581e+00 5.1415e+00
542 543 5.0620e+00 5.0032e+00 5.0581e+00 5.1415e+00
543 544 5.0620e+00 5.0032e+00 5.0581e+00 5.1415e+00
544 545 5.0620e+00 5.0032e+00 5.0581e+00 5.1415e+00
545 546 5.0620e+00 5.0032e+00 5.0581e+00 5.1415e+00
546 547 5.0620e+00 5.0032e+00 5.0581e+00 5.1415e+00
547 548 5.0620e+00 5.0032e+00 5.0581e+00 5.1415e+00
548 549 5.0620e+00 5.0032e+00 5.0581e+00 5.1415e+00
549 550 5.0620e+00 5.0032e+00 5.0581e+00 5.1415e+00
550 551 5.0620e+00 5.0032e+00 5.0581e+00 5.1415e+00
551 552 5.0620e+00 5.0032e+00 5.0581e+00 5.1415e+00
552 553 5.0620e+00 5.0032e+00 5.0581e+00 5.1415e+00
553 555 5.0620e+00 5.0032e+00 5.0581e+00 5.1415e+00
555 557 5.0620e+00 5.0032e+00 5.0581e+00 5.1415e+00
557 558 5.0620e+00 5.0032e+00 5.0581e+00 5.1415e+00
558 559 5.0620e+00 5.0032e+00 5.0581e+00 5.1415e+00
559 560 5.0620e+00 5.0032e+00 5.0581e+00 5.1415e+00
560 561 5.0620e+00 5.0032e+00 5.0581e+00 5.1415e+00
561 562 5.0620e+00 5.0032e+00 5.0581e+00 5.1415e+00
562 563 5.0620e+00 5.0032e+00 5.0581e+00 5.1415e+00
563 564 5.0620e+00 5.0032e+00 5.0581e+00 5.1415e+00
564 565 5.0620e+00 5.0032e+00 5.0581e+00 5.1415e+00
565 566 5.0620e+00 5.0032e+00 5.0581e+00 5.1415e+00
566 567 5.0620e+00 5.0032e+00 5.0581e+00 5.1415e+00
567 568 5.0620e+00 5.0032e+00 5.0581e+00 5.1415e+00
568 569 5.0620e+00 5.0032e+00 5.0581e+00 5.1415e+00
569 570 5.0620e+00 5.0032e+00 5.0581e+00 5.1415e+00
570 571 5.0620e+00 5.0032e+00 5.0581e+00 5.1415e+00
571 572 5.0620e+00 5.0032e+00 5.0581e+00 5.1415e+00
572 573 5.0620e+00 5.0032e+00 5.0581e+00 5.1415e+00
573 574 5.0620e+00 5.0032e+00 5.0581e+00 5.1415e+00
574 575 5.0620e+00 5.0032e+00 5.0581e+00 5.1415e+00
575 576 5.0620e+00 5.0032e+00 5.0581e+00 5.1415e+00
576 577 5.0620e+00 5.0032e+00 5.0581e+00 5.1415e+00
577 578 5.0620e+00 5.0032e+00 5.0581e+00 5.1415e+00
578 579 5.0620e+00 5.0032e+00 5.0581e+00 5.1415e+00
579 580 5.0620e+00 5.0032e+00 5.0581e+00 5.1415e+00
580 581 5.0620e+00 5.0032e+00 5.0581e+00 5.1415e+00
581 582 5.0620e+00 5.0032e+00 5.0581e+00 5.1415e+00
582 583 5.0620e+00 5.0032e+00 5.0581e+00 5.1415e+00
583 584 5.0620e+00 5.0032e+00 5.0581e+00 5.1415e+00
584 585 5.0620e+00 5.0032e+00 5.0581e+00 5.1415e+00
585 586 5.0620e+00 5.0032e+00 5.0581e+00 5.1415e+00
586 587 5.0620e+00 5.0032e+00 5.0581e+00 5.1415e+00
587 588 5.0620e+00 5.0032e+00 5.0581e+00 5.1415e+00
588 589 5.0620e+00 5.0032e+00 5.0581e+00 5.1415e+00
589 590 5.0620e+00 5.0032e+00 5.0581e+00 5.1415e+00
590 591 5.0620e+00 5.0032e+00 5.0581e+00 5.1415e+00
591 592 5.0620e+00 5.0032e+00 5.0581e+00 5.1415e+00
592 593 5.0620e+00 5.0032e+00 5.0581e+00 5.1415e+00
593 594 5.0620e+00 5.0032e+00 5.0581e+00 5.1415e+00
594 595 5.0620e+00 5.0032e+00 5.0581e+00 5.1415e+00
595 596 5.0620e+00 5.0032e+00 5.0581e+00 5.1415e+00
596 597 5.0620e+00 5.0032e+00 5.0581e+00 5.1415e+00
597 598 5.0620e+00 5.0032e+00 5.0581e+00 5.1415e+00
598 599 5.0620e+00 5.0032e+00 5.0581e+00 5.1415e+00
599 600 5.0620e+00 5.0032e+00 5.0581e+00 5.1415e+00
600 601 5.0620e+00 5.0032e+00 5.0581e+00 5.1415e+00
601 602 5.0620e+00 5.0032e+00 5.0581e+00 5.1415e+00
602 603 5.0620e+00 5.0032e+00 5.0581e+00 5.1415e+00
603 604 5.0620e+00 5.0032e+00 5.0581e+00 5.1415e+00
604 605 5.0620e+00 5.0032e+00 5.0581e+00 5.1415e+00
605 606 5.0620e+00 5.0032e+00 5.0581e+00 5.1415e+00
606 607 5.0620e+00 5.0032e+00 5.0581e+00 5.1415e+00
607 608 5.0620e+00 5.0032e+00 5.0581e+00 5.1415e+00
608 609 5.0620e+00 5.0032e+00 5.0581e+00 5.1415e+00
609 610 5.0620e+00 5.0032e+00 5.0581e+00 5.1415e+00
610 611 5.0620e+00 5.0032e+00 5.0581e+00 5.1415e+00
611 612 5.0620e+00 5.0032e+00 5.0581e+00 5.1415e+00
612 613 5.0620e+00 5.0032e+00 5.0581e+00 5.1415e+00
613 614 5.0620e+00 5.0032e+00 5.0581e+00 5.1415e+00
614 615 5.0620e+00 5.0032e+00 5.0581e+00 5.1415e+00
615 617 5.0620e+00 5.0032e+00 5.0581e+00 5.1415e+00
617 618 5.0620e+00 5.0032e+00 5.0581e+00 5.1415e+00
618 619 5.0620e+00 5.0032e+00 5.0581e+00 5.1415e+00
619 620 5.0620e+00 5.0032e+00 5.0581e+00 5.1415e+00
620 621 5.0620e+00 5.0032e+00 5.0581e+00 5.1415e+00
621 622 5.0620e+00 5.0032e+00 5.0581e+00 5.1415e+00
622 623 5.0620e+00 5.0032e+00 5.0581e+00 5.1415e+00
623 624 5.0620e+00 5.0032e+00 5.0581e+00 5.1415e+00
624 625 5.0620e+00 5.0032e+00 5.0581e+00 5.1415e+00
625 626 5.0620e+00 5.0032e+00 5.0581e+00 5.1415e+00
626 627 5.0620e+00 5.0032e+00 5.0581e+00 5.1415e+00
627 628 5.0620e+00 5.0032e+00 5.0581e+00 5.1415e+00
628 629 5.0620e+00 5.0032e+00 5.0581e+00 5.1415e+00
629 630 5.0620e+00 5.0032e+00 5.0581e+00 5.1415e+00
630 631 5.0620e+00 5.0032e+00 5.0581e+00 5.1415e+00
631 632 5.0620e+00 5.0032e+00 5.0581e+00 5.1415e+00
632 633 5.0620e+00 5.0032e+00 5.0581e+00 5.1415e+00
633 634 5.0620e+00 5.0032e+00 5.0581e+00 5.1415e+00
634 635 5.0620e+00 5.0032e+00 5.0581e+00 5.1415e+00
635 636 5.0620e+00 5.0032e+00 5.0581e+00 5.1415e+00
636 637 5.0620e+00 5.0032e+00 5.0581e+00 5.1415e+00
637 638 5.0620e+00 5.0032e+00 5.0581e+00 5.1415e+00
638 640 5.0620e+00 5.0032e+00 5.0581e+00 5.1415e+00
640 641 5.0620e+00 5.0032e+00 5.0581e+00 5.1415e+00
641 642 5.0620e+00 5.0032e+00 5.0581e+00 5.1415e+00
642 643 5.0620e+00 5.0032e+00 5.0581e+00 5.1415e+00
643 645 5.0620e+00 5.0032e+00 5.0581e+00 5.1415e+00
645 646 5.0620e+00 5.0032e+00 5.0581e+00 5.1415e+00
646 648 5.0620e+00 5.0032e+00 5.0581e+00 5.1415e+00
648 649 5.0620e+00 5.0032e+00 5.0581e+00 5.1415e+00
649 650 5.0620e+00 5.0032e+00 5.0581e+00 5.1415e+00
650 652 5.0620e+00 5.0032e+00 5.0581e+00 5.1415e+00
652 653 5.0620e+00 5.0032e+00 5.0581e+00 5.1415e+00
653 654 5.0620e+00 5.0032e+00 5.0581e+00 5.1415e+00
654 655 5.0620e+00 5.0032e+00 5.0581e+00 5.1415e+00
655 656 5.0620e+00 5.0032e+00 5.0581e+00 5.1415e+00
656 657 5.0620e+00 5.0032e+00 5.0581e+00 5.1415e+00
657 658 5.0620e+00 5.0032e+00 5.0581e+00 5.1415e+00
658 659 5.0620e+00 5.0032e+00 5.0581e+00 5.1415e+00
659 660 5.0620e+00 5.0032e+00 5.0581e+00 5.1415e+00
660 661 5.0620e+00 5.0032e+00 5.0581e+00 5.1415e+00
661 662 5.0620e+00 5.0032e+00 5.0581e+00 5.1415e+00
662 663 5.0620e+00 5.0032e+00 5.0581e+00 5.1415e+00
663 664 5.0620e+00 5.0032e+00 5.0581e+00 5.1415e+00
664 665 5.0620e+00 5.0032e+00 5.0581e+00 5.1415e+00
665 666 5.0620e+00 5.0032e+00 5.0581e+00 5.1415e+00
666 667 5.0620e+00 5.0032e+00 5.0581e+00 5.1415e+00
667 668 5.0620e+00 5.0032e+00 5.0581e+00 5.1415e+00
668 669 5.0620e+00 5.0032e+00 5.0581e+00 5.1415e+00
669 670 5.0620e+00 5.0032e+00 5.0581e+00 5.1415e+00
670 671 5.0620e+00 5.0032e+00 5.0581e+00 5.1415e+00
671 672 5.0620e+00 5.0032e+00 5.0581e+00 5.1415e+00
672 673 5.0620e+00 5.0032e+00 5.0581e+00 5.1415e+00
673 674 5.0620e+00 5.0032e+00 5.0581e+00 5.1415e+00
674 675 5.0620e+00 5.0032e+00 5.0581e+00 5.1415e+00
675 676 5.0620e+00 5.0032e+00 5.0581e+00 5.1415e+00
676 677 5.0620e+00 5.0032e+00 5.0581e+00 5.1415e+00
677 678 5.0620e+00 5.0032e+00 5.0581e+00 5.1415e+00
678 679 5.0620e+00 5.0032e+00 5.0581e+00 5.1415e+00
679 680 5.0620e+00 5.0032e+00 5.0581e+00 5.1415e+00
680 681 5.0620e+00 5.0032e+00 5.0581e+00 5.1415e+00
681 682 5.0620e+00 5.0032e+00 5.0581e+00 5.1415e+00
682 683 5.0620e+00 5.0032e+00 5.0581e+00 5.1415e+00
683 684 5.0620e+00 5.0032e+00 5.0581e+00 5.1415e+00
684 685 5.0620e+00 5.0032e+00 5.0581e+00 5.1415e+00
685 686 5.0620e+00 5.0032e+00 5.0581e+00 5.1415e+00
686 687 5.0620e+00 5.0032e+00 5.0581e+00 5.1415e+00
687 688 5.0620e+00 5.0032e+00 5.0581e+00 5.1415e+00
688 689 5.0620e+00 5.0032e+00 5.0581e+00 5.1415e+00
689 690 5.0620e+00 5.0032e+00 5.0581e+00 5.1415e+00
690 691 5.0620e+00 5.0032e+00 5.0581e+00 5.1415e+00
691 692 5.0620e+00 5.0032e+00 5.0581e+00 5.1415e+00
692 693 5.0620e+00 5.0032e+00 5.0581e+00 5.1415e+00
693 694 5.0620e+00 5.0032e+00 5.0581e+00 5.1415e+00
694 695 5.0620e+00 5.0032e+00 5.0581e+00 5.1415e+00
695 696 5.0620e+00 5.0032e+00 5.0581e+00 5.1415e+00
696 697 5.0620e+00 5.0032e+00 5.0581e+00 5.1415e+00
697 698 5.0620e+00 5.0032e+00 5.0581e+00 5.1415e+00
698 699 5.0620e+00 5.0032e+00 5.0581e+00 5.1415e+00
699 700 5.0620e+00 5.0032e+00 5.0581e+00 5.1415e+00
700 701 5.0620e+00 5.0032e+00 5.0581e+00 5.1415e+00
701 702 5.0620e+00 5.0032e+00 5.0581e+00 5.1415e+00
702 703 5.0620e+00 5.0032e+00 5.0581e+00 5.1415e+00
703 704 5.0620e+00 5.0032e+00 5.0581e+00 5.1415e+00
704 705 5.0620e+00 5.0032e+00 5.0581e+00 5.1415e+00
705 706 5.0620e+00 5.0032e+00 5.0581e+00 5.1415e+00
706 707 5.0620e+00 5.0032e+00 5.0581e+00 5.1415e+00
707 708 5.0620e+00 5.0032e+00 5.0581e+00 5.1415e+00
708 709 5.0620e+00 5.0032e+00 5.0581e+00 5.1415e+00
709 710 5.0620e+00 5.0032e+00 5.0581e+00 5.1415e+00
710 711 5.0620e+00 5.0032e+00 5.0581e+00 5.1415e+00
711 712 5.0620e+00 5.0032e+00 5.0581e+00 5.1415e+00
712 713 5.0620e+00 5.0032e+00 5.0581e+00 5.1415e+00
713 714 5.0620e+00 5.0032e+00 5.0581e+00 5.1415e+00
714 715 5.0620e+00 5.0032e+00 5.0581e+00 5.1415e+00
715 716 5.0620e+00 5.0032e+00 5.0581e+00 5.1415e+00
716 717 5.0620e+00 5.0032e+00 5.0581e+00 5.1415e+00
717 718 5.0620e+00 5.0032e+00 5.0581e+00 5.1415e+00
718 719 5.0620e+00 5.0032e+00 5.0581e+00 5.1415e+00
719 720 5.0620e+00 5.0032e+00 5.0581e+00 5.1415e+00
720 721 5.0620e+00 5.0032e+00 5.0581e+00 5.1415e+00
721 722 5.0620e+00 5.0032e+00 5.0581e+00 5.1415e+00
722 723 5.0620e+00 5.0032e+00 5.0581e+00 5.1415e+00
723 724 5.0620e+00 5.0032e+00 5.0581e+00 5.1415e+00
724 725 5.0620e+00 5.0032e+00 5.0581e+00 5.1415e+00
725 726 5.0620e+00 5.0032e+00 5.0581e+00 5.1415e+00
726 727 5.0620e+00 5.0032e+00 5.0581e+00 5.1415e+00
727 728 5.0620e+00 5.0032e+00 5.0581e+00 5.1415e+00
728 729 5.0620e+00 5.0032e+00 5.0581e+00 5.1415e+00
729 730 5.0620e+00 5.0032e+00 5.0581e+00 5.1415e+00
730 731 5.0620e+00 5.0032e+00 5.0581e+00 5.1415e+00
731 732 5.0620e+00 5.0032e+00 5.0581e+00 5.1415e+00
732 733 5.0620e+00 5.0032e+00 5.0581e+00 5.1415e+00
733 734 5.0620e+00 5.0032e+00 5.0581e+00 5.1415e+00
734 735 5.0620e+00 5.0032e+00 5.0581e+00 5.1415e+00
735 736 5.0620e+00 5.0032e+00 5.0581e+00 5.1415e+00
736 737 5.0620e+00 5.0032e+00 5.0581e+00 5.1415e+00
737 738 5.0620e+00 5.0032e+00 5.0581e+00 5.1415e+00
738 739 5.0620e+00 5.0032e+00 5.0581e+00 5.1415e+00
739 740 5.0620e+00 5.0032e+00 5.0581e+00 5.1415e+00
740 741 5.0620e+00 5.0032e+00 5.0581e+00 5.1415e+00
741 742 5.0620e+00 5.0032e+00 5.0581e+00 5.1415e+00
742 743 5.0620e+00 5.0032e+00 5.0581e+00 5.1415e+00
743 744 5.0620e+00 5.0032e+00 5.0581e+00 5.1415e+00
744 745 5.0620e+00 5.0032e+00 5.0581e+00 5.1415e+00
745 746 5.0620e+00 5.0032e+00 5.0581e+00 5.1415e+00
746 747 5.0620e+00 5.0032e+00 5.0581e+00 5.1415e+00
747 748 5.0620e+00 5.0032e+00 5.0581e+00 5.1415e+00
748 749 5.0620e+00 5.0032e+00 5.0581e+00 5.1415e+00
749 750 5.0620e+00 5.0032e+00 5.0581e+00 5.1415e+00
750 752 5.0620e+00 5.0032e+00 5.0581e+00 5.1415e+00
752 753 5.0620e+00 5.0032e+00 5.0581e+00 5.1415e+00
753 754 5.0620e+00 5.0032e+00 5.0581e+00 5.1415e+00
754 755 5.0620e+00 5.0032e+00 5.0581e+00 5.1415e+00
755 756 5.0620e+00 5.0032e+00 5.0581e+00 5.1415e+00
756 757 5.0620e+00 5.0032e+00 5.0581e+00 5.1415e+00
757 758 5.0620e+00 5.0032e+00 5.0581e+00 5.1415e+00
758 759 5.0620e+00 5.0032e+00 5.0581e+00 5.1415e+00
759 760 5.0620e+00 5.0032e+00 5.0581e+00 5.1415e+00
760 761 5.0620e+00 5.0032e+00 5.0581e+00 5.1415e+00
761 762 5.0620e+00 5.0032e+00 5.0581e+00 5.1415e+00
762 763 5.0620e+00 5.0032e+00 5.0581e+00 5.1415e+00
763 764 5.0620e+00 5.0032e+00 5.0581e+00 5.1415e+00
764 765 5.0620e+00 5.0032e+00 5.0581e+00 5.1415e+00
765 766 5.0620e+00 5.0032e+00 5.0581e+00 5.1415e+00
766 767 5.0620e+00 5.0032e+00 5.0581e+00 5.1415e+00
767 768 5.0620e+00 5.0032e+00 5.0581e+00 5.1415e+00
768 769 5.0620e+00 5.0032e+00 5.0581e+00 5.1415e+00
769 770 5.0620e+00 5.0032e+00 5.0581e+00 5.1415e+00
770 771 5.0620e+00 5.0032e+00 5.0581e+00 5.1415e+00
771 772 5.0620e+00 5.0032e+00 5.0581e+00 5.1415e+00
772 773 5.0620e+00 5.0032e+00 5.0581e+00 5.1415e+00
773 774 5.0620e+00 5.0032e+00 5.0581e+00 5.1415e+00
774 775 5.0620e+00 5.0032e+00 5.0581e+00 5.1415e+00
775 776 5.0620e+00 5.0032e+00 5.0581e+00 5.1415e+00
776 777 5.0620e+00 5.0032e+00 5.0581e+00 5.1415e+00
777 778 5.0620e+00 5.0032e+00 5.0581e+00 5.1415e+00
778 779 5.0620e+00 5.0032e+00 5.0581e+00 5.1415e+00
779 780 5.0620e+00 5.0032e+00 5.0581e+00 5.1415e+00
780 781 5.0620e+00 5.0032e+00 5.0581e+00 5.1415e+00
781 782 5.0620e+00 5.0032e+00 5.0581e+00 5.1415e+00
782 783 5.0620e+00 5.0032e+00 5.0581e+00 5.1415e+00
783 784 5.0620e+00 5.0032e+00 5.0581e+00 5.1415e+00
784 785 5.0620e+00 5.0032e+00 5.0581e+00 5.1415e+00
785 786 5.0620e+00 5.0032e+00 5.0581e+00 5.1415e+00
786 787 5.0620e+00 5.0032e+00 5.0581e+00 5.1415e+00
787 789 5.0620e+00 5.0032e+00 5.0581e+00 5.1415e+00
789 790 5.0620e+00 5.0032e+00 5.0581e+00 5.1415e+00
790 791 5.0620e+00 5.0032e+00 5.0581e+00 5.1415e+00
791 792 5.0620e+00 5.0032e+00 5.0581e+00 5.1415e+00
792 793 5.0620e+00 5.0032e+00 5.0581e+00 5.1415e+00
793 794 5.0620e+00 5.0032e+00 5.0581e+00 5.1415e+00
794 795 5.0620e+00 5.0032e+00 5.0581e+00 5.1415e+00
795 796 5.0620e+00 5.0032e+00 5.0581e+00 5.1415e+00
796 797 5.0620e+00 5.0032e+00 5.0581e+00 5.1415e+00
797 798 5.0620e+00 5.0032e+00 5.0581e+00 5.1415e+00
798 799 5.0620e+00 5.0032e+00 5.0581e+00 5.1415e+00
799 800 5.0620e+00 5.0032e+00 5.0581e+00 5.1415e+00
800 801 5.0620e+00 5.0032e+00 5.0581e+00 5.1415e+00
801 802 5.0620e+00 5.0032e+00 5.0581e+00 5.1415e+00
802 803 5.0620e+00 5.0032e+00 5.0581e+00 5.1415e+00
803 804 5.0620e+00 5.0032e+00 5.0581e+00 5.1415e+00
804 805 5.0620e+00 5.0032e+00 5.0581e+00 5.1415e+00
805 806 5.0620e+00 5.0032e+00 5.0581e+00 5.1415e+00
806 807 5.0620e+00 5.0032e+00 5.0581e+00 5.1415e+00
807 808 5.0620e+00 5.0032e+00 5.0581e+00 5.1415e+00
808 809 5.0620e+00 5.0032e+00 5.0581e+00 5.1415e+00
809 810 5.0620e+00 5.0032e+00 5.0581e+00 5.1415e+00
810 811 5.0620e+00 5.0032e+00 5.0581e+00 5.1415e+00
811 812 5.0620e+00 5.0032e+00 5.0581e+00 5.1415e+00
812 813 5.0620e+00 5.0032e+00 5.0581e+00 5.1415e+00
813 814 5.0620e+00 5.0032e+00 5.0581e+00 5.1415e+00
814 815 5.0620e+00 5.0032e+00 5.0581e+00 5.1415e+00
815 816 5.0620e+00 5.0032e+00 5.0581e+00 5.1415e+00
816 817 5.0620e+00 5.0032e+00 5.0581e+00 5.1415e+00
817 818 5.0620e+00 5.0032e+00 5.0581e+00 5.1415e+00
818 819 5.0620e+00 5.0032e+00 5.0581e+00 5.1415e+00
819 820 5.0620e+00 5.0032e+00 5.0581e+00 5.1415e+00
820 821 5.0620e+00 5.0032e+00 5.0581e+00 5.1415e+00
821 822 5.0620e+00 5.0032e+00 5.0581e+00 5.1415e+00
822 823 5.0620e+00 5.0032e+00 5.0581e+00 5.1415e+00
823 824 5.0620e+00 5.0032e+00 5.0581e+00 5.1415e+00
824 825 5.0620e+00 5.0032e+00 5.0581e+00 5.1415e+00
825 826 5.0620e+00 5.0032e+00 5.0581e+00 5.1415e+00
826 827 5.0620e+00 5.0032e+00 5.0581e+00 5.1415e+00
827 828 5.0620e+00 5.0032e+00 5.0581e+00 5.1415e+00
828 829 5.0620e+00 5.0032e+00 5.0581e+00 5.1415e+00
829 830 5.0620e+00 5.0032e+00 5.0581e+00 5.1415e+00
830 831 5.0620e+00 5.0032e+00 5.0581e+00 5.1415e+00
831 832 5.0620e+00 5.0032e+00 5.0581e+00 5.1415e+00
832 833 5.0620e+00 5.0032e+00 5.0581e+00 5.1415e+00
833 834 5.0620e+00 5.0032e+00 5.0581e+00 5.1415e+00
834 835 5.0620e+00 5.0032e+00 5.0581e+00 5.1415e+00
835 836 5.0620e+00 5.0032e+00 5.0581e+00 5.1415e+00
836 837 5.0620e+00 5.0032e+00 5.0581e+00 5.1415e+00
837 838 5.0620e+00 5.0032e+00 5.0581e+00 5.1415e+00
838 839 5.0620e+00 5.0032e+00 5.0581e+00 5.1415e+00
839 840 5.0620e+00 5.0032e+00 5.0581e+00 5.1415e+00
840 841 5.0620e+00 5.0032e+00 5.0581e+00 5.1415e+00
841 842 5.0620e+00 5.0032e+00 5.0581e+00 5.1415e+00
842 843 5.0620e+00 5.0032e+00 5.0581e+00 5.1415e+00
843 844 5.0620e+00 5.0032e+00 5.0581e+00 5.1415e+00
844 845 5.0620e+00 5.0032e+00 5.0581e+00 5.1415e+00
845 847 5.0620e+00 5.0032e+00 5.0581e+00 5.1415e+00
847 848 5.0620e+00 5.0032e+00 5.0581e+00 5.1415e+00
848 849 5.0620e+00 5.0032e+00 5.0581e+00 5.1415e+00
849 850 5.0620e+00 5.0032e+00 5.0581e+00 5.1415e+00
850 851 5.0620e+00 5.0032e+00 5.0581e+00 5.1415e+00
851 852 5.0620e+00 5.0032e+00 5.0581e+00 5.1415e+00
852 853 5.0620e+00 5.0032e+00 5.0581e+00 5.1415e+00
853 854 5.0620e+00 5.0032e+00 5.0581e+00 5.1415e+00
854 855 5.0620e+00 5.0032e+00 5.0581e+00 5.1415e+00
855 856 5.0620e+00 5.0032e+00 5.0581e+00 5.1415e+00
856 857 5.0620e+00 5.0032e+00 5.0581e+00 5.1415e+00
857 858 5.0620e+00 5.0032e+00 5.0581e+00 5.1415e+00
858 859 5.0620e+00 5.0032e+00 5.0581e+00 5.1415e+00
859 860 5.0620e+00 5.0032e+00 5.0581e+00 5.1415e+00
860 861 5.0620e+00 5.0032e+00 5.0581e+00 5.1415e+00
861 862 5.0620e+00 5.0032e+00 5.0581e+00 5.1415e+00
862 863 5.0620e+00 5.0032e+00 5.0581e+00 5.1415e+00
863 864 5.0620e+00 5.0032e+00 5.0581e+00 5.1415e+00
864 865 5.0620e+00 5.0032e+00 5.0581e+00 5.1415e+00
865 866 5.0620e+00 5.0032e+00 5.0581e+00 5.1415e+00
866 867 5.0620e+00 5.0032e+00 5.0581e+00 5.1415e+00
867 868 5.0620e+00 5.0032e+00 5.0581e+00 5.1415e+00
868 869 5.0620e+00 5.0032e+00 5.0581e+00 5.1415e+00
869 870 5.0620e+00 5.0032e+00 5.0581e+00 5.1415e+00
870 871 5.0620e+00 5.0032e+00 5.0581e+00 5.1415e+00
871 872 5.0620e+00 5.0032e+00 5.0581e+00 5.1415e+00
872 873 5.0620e+00 5.0032e+00 5.0581e+00 5.1415e+00
873 874 5.0620e+00 5.0032e+00 5.0581e+00 5.1415e+00
874 875 5.0620e+00 5.0032e+00 5.0581e+00 5.1415e+00
875 876 5.0620e+00 5.0032e+00 5.0581e+00 5.1415e+00
876 877 5.0620e+00 5.0032e+00 5.0581e+00 5.1415e+00
877 878 5.0620e+00 5.0032e+00 5.0581e+00 5.1415e+00
878 879 5.0620e+00 5.0032e+00 5.0581e+00 5.1415e+00
879 880 5.0620e+00 5.0032e+00 5.0581e+00 5.1415e+00
880 881 5.0620e+00 5.0032e+00 5.0581e+00 5.1415e+00
881 882 5.0620e+00 5.0032e+00 5.0581e+00 5.1415e+00
882 883 5.0620e+00 5.0032e+00 5.0581e+00 5.1415e+00
883 884 5.0620e+00 5.0032e+00 5.0581e+00 5.1415e+00
884 885 5.0620e+00 5.0032e+00 5.0581e+00 5.1415e+00
885 886 5.0620e+00 5.0032e+00 5.0581e+00 5.1415e+00
886 887 5.0620e+00 5.0032e+00 5.0581e+00 5.1415e+00
887 888 5.0620e+00 5.0032e+00 5.0581e+00 5.1415e+00
888 889 5.0620e+00 5.0032e+00 5.0581e+00 5.1415e+00
889 890 5.0620e+00 5.0032e+00 5.0581e+00 5.1415e+00
890 891 5.0620e+00 5.0032e+00 5.0581e+00 5.1415e+00
891 892 5.0620e+00 5.0032e+00 5.0581e+00 5.1415e+00
892 893 5.0620e+00 5.0032e+00 5.0581e+00 5.1415e+00
893 894 5.0620e+00 5.0032e+00 5.0581e+00 5.1415e+00
894 895 5.0620e+00 5.0032e+00 5.0581e+00 5.1415e+00
895 896 5.0620e+00 5.0032e+00 5.0581e+00 5.1415e+00
896 897 5.0620e+00 5.0032e+00 5.0581e+00 5.1415e+00
897 898 5.0620e+00 5.0032e+00 5.0581e+00 5.1415e+00
898 899 5.0620e+00 5.0032e+00 5.0581e+00 5.1415e+00
899 900 4.9065e+00 1.1041e+00 5.0546e+00 5.1415e+00
900 901 9.8526e-01 7.4670e-01 9.7107e-01 1.2740e+00
901 902 9.8526e-01 7.4670e-01 9.7107e-01 1.2740e+00
902 903 9.8526e-01 7.4670e-01 9.7107e-01 1.2740e+00
903 904 9.8526e-01 7.4670e-01 9.7107e-01 1.2740e+00
904 905 9.8526e-01 7.4670e-01 9.7107e-01 1.2740e+00
905 906 9.8526e-01 7.4670e-01 9.7107e-01 1.2740e+00
906 907 9.8526e-01 7.4670e-01 9.7107e-01 1.2740e+00
907 908 9.8526e-01 7.4670e-01 9.7107e-01 1.2740e+00
908 909 9.8526e-01 7.4670e-01 9.7107e-01 1.2740e+00
909 910 9.8526e-01 7.4670e-01 9.7107e-01 1.2740e+00
910 911 9.8526e-01 7.4670e-01 9.7107e-01 1.2740e+00
911 912 9.8526e-01 7.4670e-01 9.7107e-01 1.2740e+00
912 913 9.8526e-01 7.4670e-01 9.7107e-01 1.2740e+00
913 914 9.8526e-01 7.4670e-01 9.7107e-01 1.2740e+00
