# parameters
version_bit_string:13816762181795971082,seed:5489,burn_in:100000,num_iter:1000000,stats_thin:1000,block_penalty:50,prior_rate_mean:1,window_size:50,partition_length:4001,overlap_length:200,pade_resolution:10,pade_max:1000,max_lk_start:0.001,max_lk_resolution:0.001,num_snps:616,num_snp_partitions:1,num_samps:1000
# left_snp right_snp mean p0.025 p0.500 p0.975
0 1 2.7377e+00 2.5576e+00 2.7300e+00 2.9453e+00
1 2 2.7377e+00 2.5576e+00 2.7300e+00 2.9453e+00
2 3 2.7377e+00 2.5576e+00 2.7300e+00 2.9453e+00
3 4 2.7377e+00 2.5576e+00 2.7300e+00 2.9453e+00
4 5 2.7377e+00 2.5576e+00 2.7300e+00 2.9453e+00
5 6 2.7377e+00 2.5576e+00 2.7300e+00 2.9453e+00
6 7 2.7377e+00 2.5576e+00 2.7300e+00 2.9453e+00
7 8 2.7377e+00 2.5576e+00 2.7300e+00 2.9453e+00
8 9 2.7377e+00 2.5576e+00 2.7300e+00 2.9453e+00
9 10 2.7377e+00 2.5576e+00 2.7300e+00 2.9453e+00
10 11 2.7377e+00 2.5576e+00 2.7300e+00 2.9453e+00
11 12 2.7377e+00 2.5576e+00 2.7300e+00 2.9453e+00
12 13 2.7377e+00 2.5576e+00 2.7300e+00 2.9453e+00
13 14 2.7377e+00 2.5576e+00 2.7300e+00 2.9453e+00
14 15 2.7377e+00 2.5576e+00 2.7300e+00 2.9453e+00
15 16 2.7377e+00 2.5576e+00 2.7300e+00 2.9453e+00
16 17 2.7377e+00 2.5576e+00 2.7300e+00 2.9453e+00
17 20 2.7377e+00 2.5576e+00 2.7300e+00 2.9453e+00
20 21 2.7377e+00 2.5576e+00 2.7300e+00 2.9453e+00
21 22 2.7377e+00 2.5576e+00 2.7300e+00 2.9453e+00
22 23 2.7377e+00 2.5576e+00 2.7300e+00 2.9453e+00
23 25 2.7377e+00 2.5576e+00 2.7300e+00 2.9453e+00
25 26 2.7377e+00 2.5576e+00 2.7300e+00 2.9453e+00
26 27 2.7377e+00 2.5576e+00 2.7300e+00 2.9453e+00
27 28 2.7377e+00 2.5576e+00 2.7300e+00 2.9453e+00
28 29 2.7377e+00 2.5576e+00 2.7300e+00 2.9453e+00
29 30 2.7377e+00 2.5576e+00 2.7300e+00 2.9453e+00
30 31 2.7377e+00 2.5576e+00 2.7300e+00 2.9453e+00
31 32 2.7377e+00 2.5576e+00 2.7300e+00 2.9453e+00
32 33 2.7377e+00 2.5576e+00 2.7300e+00 2.9453e+00
33 34 2.7377e+00 2.5576e+00 2.7300e+00 2.9453e+00
34 35 2.7377e+00 2.5576e+00 2.7300e+00 2.9453e+00
35 36 2.7377e+00 2.5576e+00 2.7300e+00 2.9453e+00
36 37 2.7377e+00 2.5576e+00 2.7300e+00 2.9453e+00
37 38 2.7377e+00 2.5576e+00 2.7300e+00 2.9453e+00
38 39 2.7377e+00 2.5576e+00 2.7300e+00 2.9453e+00
39 40 2.7377e+00 2.5576e+00 2.7300e+00 2.9453e+00
40 41 2.7377e+00 2.5576e+00 2.7300e+00 2.9453e+00
41 42 2.7377e+00 2.5576e+00 2.7300e+00 2.9453e+00
42 43 2.7377e+00 2.5576e+00 2.7300e+00 2.9453e+00
43 44 2.7377e+00 2.5576e+00 2.7300e+00 2.9453e+00
44 45 2.7377e+00 2.5576e+00 2.7300e+00 2.9453e+00
45 46 2.7377e+00 2.5576e+00 2.7300e+00 2.9453e+00
46 47 2.7377e+00 2.5576e+00 2.7300e+00 2.9453e+00
47 48 2.7377e+00 2.5576e+00 2.7300e+00 2.9453e+00
48 51 2.7377e+00 2.5576e+00 2.7300e+00 2.9453e+00
51 52 2.7377e+00 2.5576e+00 2.7300e+00 2.9453e+00
52 53 2.7377e+00 2.5576e+00 2.7300e+00 2.9453e+00
53 54 2.7377e+00 2.5576e+00 2.7300e+00 2.9453e+00
54 55 2.7377e+00 2.5576e+00 2.7300e+00 2.9453e+00
55 56 2.7377e+00 2.5576e+00 2.7300e+00 2.9453e+00
56 57 2.7377e+00 2.5576e+00 2.7300e+00 2.9453e+00
57 58 2.7377e+00 2.5576e+00 2.7300e+00 2.9453e+00
58 59 2.7377e+00 2.5576e+00 2.7300e+00 2.9453e+00
59 60 2.7377e+00 2.5576e+00 2.7300e+00 2.9453e+00
60 61 2.7377e+00 2.5576e+00 2.7300e+00 2.9453e+00
61 62 2.7377e+00 2.5576e+00 2.7300e+00 2.9453e+00
62 63 2.7377e+00 2.5576e+00 2.7300e+00 2.9453e+00
63 64 2.7377e+00 2.5576e+00 2.7300e+00 2.9453e+00
64 65 2.7377e+00 2.5576e+00 2.7300e+00 2.9453e+00
65 68 2.7377e+00 2.5576e+00 2.7300e+00 2.9453e+00
68 69 2.7377e+00 2.5576e+00 2.7300e+00 2.9453e+00
69 71 2.7377e+00 2.5576e+00 2.7300e+00 2.9453e+00
71 72 2.7377e+00 2.5576e+00 2.7300e+00 2.9453e+00
72 73 2.7377e+00 2.5576e+00 2.7300e+00 2.9453e+00
73 74 2.7377e+00 2.5576e+00 2.7300e+00 2.9453e+00
74 75 2.7377e+00 2.5576e+00 2.7300e+00 2.9453e+00
75 76 2.7377e+00 2.5576e+00 2.7300e+00 2.9453e+00
76 77 2.7377e+00 2.5576e+00 2.7300e+00 2.9453e+00
77 78 2.7377e+00 2.5576e+00 2.7300e+00 2.9453e+00
78 79 2.7377e+00 2.5576e+00 2.7300e+00 2.9453e+00
79 80 2.7377e+00 2.5576e+00 2.7300e+00 2.9453e+00
80 81 2.7377e+00 2.5576e+00 2.7300e+00 2.9453e+00
81 82 2.7377e+00 2.5576e+00 2.7300e+00 2.9453e+00
82 84 2.7377e+00 2.5576e+00 2.7300e+00 2.9453e+00
84 85 2.7377e+00 2.5576e+00 2.7300e+00 2.9453e+00
85 86 2.7377e+00 2.5576e+00 2.7300e+00 2.9453e+00
86 87 2.7377e+00 2.5576e+00 2.7300e+00 2.9453e+00
87 88 2.7377e+00 2.5576e+00 2.7300e+00 2.9453e+00
88 89 2.7377e+00 2.5576e+00 2.7300e+00 2.9453e+00
89 90 2.7377e+00 2.5576e+00 2.7300e+00 2.9453e+00
90 91 2.7377e+00 2.5576e+00 2.7300e+00 2.9453e+00
91 92 2.7377e+00 2.5576e+00 2.7300e+00 2.9453e+00
92 93 2.7377e+00 2.5576e+00 2.7300e+00 2.9453e+00
93 94 2.7377e+00 2.5576e+00 2.7300e+00 2.9453e+00
94 95 2.7377e+00 2.5576e+00 2.7300e+00 2.9453e+00
95 96 2.7377e+00 2.5576e+00 2.7300e+00 2.9453e+00
96 97 2.7377e+00 2.5576e+00 2.7300e+00 2.9453e+00
97 98 2.7377e+00 2.5576e+00 2.7300e+00 2.9453e+00
98 99 2.7377e+00 2.5576e+00 2.7300e+00 2.9453e+00
99 100 2.7377e+00 2.5576e+00 2.7300e+00 2.9453e+00
100 101 2.7377e+00 2.5576e+00 2.7300e+00 2.9453e+00
101 102 2.7377e+00 2.5576e+00 2.7300e+00 2.9453e+00
102 103 2.7377e+00 2.5576e+00 2.7300e+00 2.9453e+00
103 104 2.7377e+00 2.5576e+00 2.7300e+00 2.9453e+00
104 105 2.7377e+00 2.5576e+00 2.7300e+00 2.9453e+00
105 106 2.7377e+00 2.5576e+00 2.7300e+00 2.9453e+00
106 107 2.7377e+00 2.5576e+00 2.7300e+00 2.9453e+00
107 108 2.7377e+00 2.5576e+00 2.7300e+00 2.9453e+00
108 109 2.7377e+00 2.5576e+00 2.7300e+00 2.9453e+00
109 110 2.7377e+00 2.5576e+00 2.7300e+00 2.9453e+00
110 111 2.7377e+00 2.5576e+00 2.7300e+00 2.9453e+00
111 112 2.7377e+00 2.5576e+00 2.7300e+00 2.9453e+00
112 113 2.7377e+00 2.5576e+00 2.7300e+00 2.9453e+00
113 114 2.7377e+00 2.5576e+00 2.7300e+00 2.9453e+00
114 115 2.7377e+00 2.5576e+00 2.7300e+00 2.9453e+00
115 116 2.7377e+00 2.5576e+00 2.7300e+00 2.9453e+00
116 117 2.7377e+00 2.5576e+00 2.7300e+00 2.9453e+00
117 118 2.7377e+00 2.5576e+00 2.7300e+00 2.9453e+00
118 119 2.7377e+00 2.5576e+00 2.7300e+00 2.9453e+00
119 120 2.7377e+00 2.5576e+00 2.7300e+00 2.9453e+00
120 121 2.7377e+00 2.5576e+00 2.7300e+00 2.9453e+00
121 122 2.7377e+00 2.5576e+00 2.7300e+00 2.9453e+00
122 123 2.7377e+00 2.5576e+00 2.7300e+00 2.9453e+00
123 124 2.7377e+00 2.5576e+00 2.7300e+00 2.9453e+00
124 125 2.7377e+00 2.5576e+00 2.7300e+00 2.9453e+00
125 126 2.7377e+00 2.5576e+00 2.7300e+00 2.9453e+00
126 127 2.7377e+00 2.5576e+00 2.7300e+00 2.9453e+00
127 128 2.7377e+00 2.5576e+00 2.7300e+00 2.9453e+00
128 129 2.7377e+00 2.5576e+00 2.7300e+00 2.9453e+00
129 130 2.7377e+00 2.5576e+00 2.7300e+00 2.9453e+00
130 131 2.7377e+00 2.5576e+00 2.7300e+00 2.9453e+00
131 132 2.7377e+00 2.5576e+00 2.7300e+00 2.9453e+00
132 133 2.7377e+00 2.5576e+00 2.7300e+00 2.9453e+00
133 134 2.7377e+00 2.5576e+00 2.7300e+00 2.9453e+00
134 135 2.7377e+00 2.5576e+00 2.7300e+00 2.9453e+00
135 136 2.7377e+00 2.5576e+00 2.7300e+00 2.9453e+00
136 137 2.7377e+00 2.5576e+00 2.7300e+00 2.9453e+00
137 138 2.7377e+00 2.5576e+00 2.7300e+00 2.9453e+00
138 139 2.7377e+00 2.5576e+00 2.7300e+00 2.9453e+00
139 140 2.7377e+00 2.5576e+00 2.7300e+00 2.9453e+00
140 141 2.7377e+00 2.5576e+00 2.7300e+00 2.9453e+00
141 142 2.7377e+00 2.5576e+00 2.7300e+00 2.9453e+00
142 143 2.7377e+00 2.5576e+00 2.7300e+00 2.9453e+00
143 144 2.7377e+00 2.5576e+00 2.7300e+00 2.9453e+00
144 145 2.7377e+00 2.5576e+00 2.7300e+00 2.9453e+00
145 146 2.7377e+00 2.5576e+00 2.7300e+00 2.9453e+00
146 147 2.7377e+00 2.5576e+00 2.7300e+00 2.9453e+00
147 148 2.7377e+00 2.5576e+00 2.7300e+00 2.9453e+00
148 149 2.7377e+00 2.5576e+00 2.7300e+00 2.9453e+00
149 150 2.7377e+00 2.5576e+00 2.7300e+00 2.9453e+00
150 151 2.7377e+00 2.5576e+00 2.7300e+00 2.9453e+00
151 152 2.7377e+00 2.5576e+00 2.7300e+00 2.9453e+00
152 153 2.7377e+00 2.5576e+00 2.7300e+00 2.9453e+00
153 154 2.7377e+00 2.5576e+00 2.7300e+00 2.9453e+00
154 155 2.7377e+00 2.5576e+00 2.7300e+00 2.9453e+00
155 156 2.7377e+00 2.5576e+00 2.7300e+00 2.9453e+00
156 157 2.7377e+00 2.5576e+00 2.7300e+00 2.9453e+00
157 158 2.7377e+00 2.5576e+00 2.7300e+00 2.9453e+00
158 159 2.7377e+00 2.5576e+00 2.7300e+00 2.9453e+00
159 160 2.7377e+00 2.5576e+00 2.7300e+00 2.9453e+00
160 161 2.7377e+00 2.5576e+00 2.7300e+00 2.9453e+00
161 162 2.7377e+00 2.5576e+00 2.7300e+00 2.9453e+00
162 163 2.7377e+00 2.5576e+00 2.7300e+00 2.9453e+00
163 164 2.7377e+00 2.5576e+00 2.7300e+00 2.9453e+00
164 165 2.7377e+00 2.5576e+00 2.7300e+00 2.9453e+00
165 166 2.7377e+00 2.5576e+00 2.7300e+00 2.9453e+00
166 167 2.7377e+00 2.5576e+00 2.7300e+00 2.9453e+00
167 168 2.7377e+00 2.5576e+00 2.7300e+00 2.9453e+00
168 169 2.7377e+00 2.5576e+00 2.7300e+00 2.9453e+00
169 170 2.7377e+00 2.5576e+00 2.7300e+00 2.9453e+00
170 171 2.7377e+00 2.5576e+00 2.7300e+00 2.9453e+00
171 172 2.7377e+00 2.5576e+00 2.7300e+00 2.9453e+00
172 173 2.7377e+00 2.5576e+00 2.7300e+00 2.9453e+00
173 174 2.7377e+00 2.5576e+00 2.7300e+00 2.9453e+00
174 175 2.7389e+00 2.5576e+00 2.7300e+00 2.9462e+00
175 176 2.8340e+00 2.5576e+00 2.7347e+00 5.5077e+00
176 177 3.2594e+00 2.5767e+00 2.7573e+00 5.7679e+00
177 178 4.4626e+00 2.5914e+00 5.5047e+00 6.0407e+00
178 179 5.0599e+00 2.6525e+00 5.5226e+00 6.0461e+00
179 180 5.5658e+00 5.0536e+00 5.5456e+00 6.0539e+00
180 181 5.6042e+00 5.0751e+00 5.5467e+00 6.0539e+00
181 182 5.6049e+00 5.0751e+00 5.5467e+00 6.0539e+00
182 183 5.6049e+00 5.0751e+00 5.5467e+00 6.0539e+00
183 184 5.6049e+00 5.0751e+00 5.5467e+00 6.0539e+00
184 185 5.6049e+00 5.0751e+00 5.5467e+00 6.0539e+00
185 186 5.6049e+00 5.0751e+00 5.5467e+00 6.0539e+00
186 187 5.6049e+00 5.0751e+00 5.5467e+00 6.0539e+00
187 188 5.6049e+00 5.0751e+00 5.5467e+00 6.0539e+00
188 189 5.6049e+00 5.0751e+00 5.5467e+00 6.0539e+00
189 190 5.6049e+00 5.0751e+00 5.5467e+00 6.0539e+00
190 191 5.6049e+00 5.0751e+00 5.5467e+00 6.0539e+00
191 192 5.6049e+00 5.0751e+00 5.5467e+00 6.0539e+00
192 193 5.6049e+00 5.0751e+00 5.5467e+00 6.0539e+00
193 194 5.6049e+00 5.0751e+00 5.5467e+00 6.0539e+00
194 195 5.6049e+00 5.0751e+00 5.5467e+00 6.0539e+00
195 196 5.6049e+00 5.0751e+00 5.5467e+00 6.0539e+00
196 197 5.6049e+00 5.0751e+00 5.5467e+00 6.0539e+00
197 198 5.6049e+00 5.0751e+00 5.5467e+00 6.0539e+00
198 199 5.6049e+00 5.0751e+00 5.5467e+00 6.0539e+00
199 200 5.6049e+00 5.0751e+00 5.5467e+00 6.0539e+00
200 201 5.6049e+00 5.0751e+00 5.5467e+00 6.0539e+00
201 202 5.6049e+00 5.0751e+00 5.5467e+00 6.0539e+00
202 203 5.6049e+00 5.0751e+00 5.5467e+00 6.0539e+00
203 204 5.6049e+00 5.0751e+00 5.5467e+00 6.0539e+00
204 206 5.6049e+00 5.0751e+00 5.5467e+00 6.0539e+00
206 207 5.6049e+00 5.0751e+00 5.5467e+00 6.0539e+00
207 208 5.6049e+00 5.0751e+00 5.5467e+00 6.0539e+00
208 210 5.6049e+00 5.0751e+00 5.5467e+00 6.0539e+00
210 211 5.6049e+00 5.0751e+00 5.5467e+00 6.0539e+00
211 212 5.6049e+00 5.0751e+00 5.5467e+00 6.0539e+00
212 213 5.6049e+00 5.0751e+00 5.5467e+00 6.0539e+00
213 214 5.6049e+00 5.0751e+00 5.5467e+00 6.0539e+00
214 215 5.6049e+00 5.0751e+00 5.5467e+00 6.0539e+00
215 216 5.6049e+00 5.0751e+00 5.5467e+00 6.0539e+00
216 217 5.6049e+00 5.0751e+00 5.5467e+00 6.0539e+00
217 218 5.6049e+00 5.0751e+00 5.5467e+00 6.0539e+00
218 219 5.6049e+00 5.0751e+00 5.5467e+00 6.0539e+00
219 220 5.6049e+00 5.0751e+00 5.5467e+00 6.0539e+00
220 221 5.6049e+00 5.0751e+00 5.5467e+00 6.0539e+00
221 222 5.6049e+00 5.0751e+00 5.5467e+00 6.0539e+00
222 223 5.6049e+00 5.0751e+00 5.5467e+00 6.0539e+00
223 224 5.6049e+00 5.0751e+00 5.5467e+00 6.0539e+00
224 225 5.6049e+00 5.0751e+00 5.5467e+00 6.0539e+00
225 226 5.6049e+00 5.0751e+00 5.5467e+00 6.0539e+00
226 227 5.6049e+00 5.0751e+00 5.5467e+00 6.0539e+00
227 228 5.6049e+00 5.0751e+00 5.5467e+00 6.0539e+00
228 229 5.6049e+00 5.0751e+00 5.5467e+00 6.0539e+00
229 230 5.6049e+00 5.0751e+00 5.5467e+00 6.0539e+00
230 231 5.6049e+00 5.0751e+00 5.5467e+00 6.0539e+00
231 232 5.6049e+00 5.0751e+00 5.5467e+00 6.0539e+00
232 233 5.6049e+00 5.0751e+00 5.5467e+00 6.0539e+00
233 234 5.6049e+00 5.0751e+00 5.5467e+00 6.0539e+00
234 235 5.6049e+00 5.0751e+00 5.5467e+00 6.0539e+00
235 236 5.6049e+00 5.0751e+00 5.5467e+00 6.0539e+00
236 237 5.6049e+00 5.0751e+00 5.5467e+00 6.0539e+00
237 238 5.6049e+00 5.0751e+00 5.5467e+00 6.0539e+00
238 239 5.6049e+00 5.0751e+00 5.5467e+00 6.0539e+00
239 240 5.6049e+00 5.0751e+00 5.5467e+00 6.0539e+00
240 241 5.6049e+00 5.0751e+00 5.5467e+00 6.0539e+00
241 242 5.6049e+00 5.0751e+00 5.5467e+00 6.0539e+00
242 243 5.6049e+00 5.0751e+00 5.5467e+00 6.0539e+00
243 244 5.6049e+00 5.0751e+00 5.5467e+00 6.0539e+00
244 246 5.6049e+00 5.0751e+00 5.5467e+00 6.0539e+00
246 247 5.6049e+00 5.0751e+00 5.5467e+00 6.0539e+00
247 248 5.6049e+00 5.0751e+00 5.5467e+00 6.0539e+00
248 249 5.6049e+00 5.0751e+00 5.5467e+00 6.0539e+00
249 250 5.6049e+00 5.0751e+00 5.5467e+00 6.0539e+00
250 251 5.6049e+00 5.0751e+00 5.5467e+00 6.0539e+00
251 252 5.6049e+00 5.0751e+00 5.5467e+00 6.0539e+00
252 253 5.6049e+00 5.0751e+00 5.5467e+00 6.0539e+00
253 254 5.6049e+00 5.0751e+00 5.5467e+00 6.0539e+00
254 255 5.6049e+00 5.0751e+00 5.5467e+00 6.0539e+00
255 256 5.6049e+00 5.0751e+00 5.5467e+00 6.0539e+00
256 257 5.6049e+00 5.0751e+00 5.5467e+00 6.0539e+00
257 258 5.6049e+00 5.0751e+00 5.5467e+00 6.0539e+00
258 259 5.6049e+00 5.0751e+00 5.5467e+00 6.0539e+00
259 260 5.6049e+00 5.0751e+00 5.5467e+00 6.0539e+00
260 261 5.6049e+00 5.0751e+00 5.5467e+00 6.0539e+00
261 263 5.6049e+00 5.0751e+00 5.5467e+00 6.0539e+00
263 264 5.6049e+00 5.0751e+00 5.5467e+00 6.0539e+00
264 265 5.6049e+00 5.0751e+00 5.5467e+00 6.0539e+00
265 266 5.6049e+00 5.0751e+00 5.5467e+00 6.0539e+00
266 267 5.6049e+00 5.0751e+00 5.5467e+00 6.0539e+00
267 268 5.6049e+00 5.0751e+00 5.5467e+00 6.0539e+00
268 269 5.6049e+00 5.0751e+00 5.5467e+00 6.0539e+00
269 270 5.6049e+00 5.0751e+00 5.5467e+00 6.0539e+00
270 271 5.6049e+00 5.0751e+00 5.5467e+00 6.0539e+00
271 272 5.6049e+00 5.0751e+00 5.5467e+00 6.0539e+00
272 273 5.6049e+00 5.0751e+00 5.5467e+00 6.0539e+00
273 274 5.6049e+00 5.0751e+00 5.5467e+00 6.0539e+00
274 275 5.6049e+00 5.0751e+00 5.5467e+00 6.0539e+00
275 276 5.6049e+00 5.0751e+00 5.5467e+00 6.0539e+00
276 277 5.6049e+00 5.0751e+00 5.5467e+00 6.0539e+00
277 278 5.6049e+00 5.0751e+00 5.5467e+00 6.0539e+00
278 279 5.6049e+00 5.0751e+00 5.5467e+00 6.0539e+00
279 280 5.6049e+00 5.0751e+00 5.5467e+00 6.0539e+00
280 281 5.6049e+00 5.0751e+00 5.5467e+00 6.0539e+00
281 282 5.6049e+00 5.0751e+00 5.5467e+00 6.0539e+00
282 283 5.6049e+00 5.0751e+00 5.5467e+00 6.0539e+00
283 284 5.6049e+00 5.0751e+00 5.5467e+00 6.0539e+00
284 285 5.6049e+00 5.0751e+00 5.5467e+00 6.0539e+00
285 286 5.6049e+00 5.0751e+00 5.5467e+00 6.0539e+00
286 287 5.6049e+00 5.0751e+00 5.5467e+00 6.0539e+00
287 288 5.6049e+00 5.0751e+00 5.5467e+00 6.0539e+00
288 289 5.6049e+00 5.0751e+00 5.5467e+00 6.0539e+00
289 290 5.6049e+00 5.0751e+00 5.5467e+00 6.0539e+00
290 291 5.6049e+00 5.0751e+00 5.5467e+00 6.0539e+00
291 292 5.6049e+00 5.0751e+00 5.5467e+00 6.0539e+00
292 293 5.6049e+00 5.0751e+00 5.5467e+00 6.0539e+00
293 294 5.6049e+00 5.0751e+00 5.5467e+00 6.0539e+00
294 295 5.6049e+00 5.0751e+00 5.5467e+00 6.0539e+00
295 296 5.6049e+00 5.0751e+00 5.5467e+00 6.0539e+00
296 297 5.6049e+00 5.0751e+00 5.5467e+00 6.0539e+00
297 298 5.6049e+00 5.0751e+00 5.5467e+00 6.0539e+00
298 299 5.6049e+00 5.0751e+00 5.5467e+00 6.0539e+00
299 300 5.6049e+00 5.0751e+00 5.5467e+00 6.0539e+00
300 301 5.6049e+00 5.0751e+00 5.5467e+00 6.0539e+00
301 302 5.6049e+00 5.0751e+00 5.5467e+00 6.0539e+00
302 303 5.6049e+00 5.0751e+00 5.5467e+00 6.0539e+00
303 305 5.6049e+00 5.0751e+00 5.5467e+00 6.0539e+00
305 306 5.6049e+00 5.0751e+00 5.5467e+00 6.0539e+00
306 307 5.6049e+00 5.0751e+00 5.5467e+00 6.0539e+00
307 308 5.6049e+00 5.0751e+00 5.5467e+00 6.0539e+00
308 309 5.6049e+00 5.0751e+00 5.5467e+00 6.0539e+00
309 310 5.6049e+00 5.0751e+00 5.5467e+00 6.0539e+00
310 311 5.6049e+00 5.0751e+00 5.5467e+00 6.0539e+00
311 312 5.6049e+00 5.0751e+00 5.5467e+00 6.0539e+00
312 313 5.6049e+00 5.0751e+00 5.5467e+00 6.0539e+00
313 314 5.6049e+00 5.0751e+00 5.5467e+00 6.0539e+00
314 315 5.6049e+00 5.0751e+00 5.5467e+00 6.0539e+00
315 316 5.6049e+00 5.0751e+00 5.5467e+00 6.0539e+00
316 319 5.6049e+00 5.0751e+00 5.5467e+00 6.0539e+00
319 320 5.6049e+00 5.0751e+00 5.5467e+00 6.0539e+00
320 321 5.6049e+00 5.0751e+00 5.5467e+00 6.0539e+00
321 322 5.6049e+00 5.0751e+00 5.5467e+00 6.0539e+00
322 323 5.6049e+00 5.0751e+00 5.5467e+00 6.0539e+00
323 324 5.6049e+00 5.0751e+00 5.5467e+00 6.0539e+00
324 325 5.6049e+00 5.0751e+00 5.5467e+00 6.0539e+00
325 326 5.6049e+00 5.0751e+00 5.5467e+00 6.0539e+00
326 327 5.6049e+00 5.0751e+00 5.5467e+00 6.0539e+00
327 328 5.6049e+00 5.0751e+00 5.5467e+00 6.0539e+00
328 330 5.6049e+00 5.0751e+00 5.5467e+00 6.0539e+00
330 331 5.6049e+00 5.0751e+00 5.5467e+00 6.0539e+00
331 332 5.6049e+00 5.0751e+00 5.5467e+00 6.0539e+00
332 333 5.6049e+00 5.0751e+00 5.5467e+00 6.0539e+00
333 334 5.6049e+00 5.0751e+00 5.5467e+00 6.0539e+00
334 335 5.6049e+00 5.0751e+00 5.5467e+00 6.0539e+00
335 336 5.6049e+00 5.0751e+00 5.5467e+00 6.0539e+00
336 337 5.6049e+00 5.0751e+00 5.5467e+00 6.0539e+00
337 339 5.6049e+00 5.0751e+00 5.5467e+00 6.0539e+00
339 340 5.6049e+00 5.0751e+00 5.5467e+00 6.0539e+00
340 341 5.6049e+00 5.0751e+00 5.5467e+00 6.0539e+00
341 342 5.6049e+00 5.0751e+00 5.5467e+00 6.0539e+00
342 343 5.6049e+00 5.0751e+00 5.5467e+00 6.0539e+00
343 346 5.6049e+00 5.0751e+00 5.5467e+00 6.0539e+00
346 347 5.6049e+00 5.0751e+00 5.5467e+00 6.0539e+00
347 348 5.6049e+00 5.0751e+00 5.5467e+00 6.0539e+00
348 349 5.6049e+00 5.0751e+00 5.5467e+00 6.0539e+00
349 350 5.6049e+00 5.0751e+00 5.5467e+00 6.0539e+00
350 351 5.6049e+00 5.0751e+00 5.5467e+00 6.0539e+00
351 352 5.6049e+00 5.0751e+00 5.5467e+00 6.0539e+00
352 353 5.6049e+00 5.0751e+00 5.5467e+00 6.0539e+00
353 356 5.6049e+00 5.0751e+00 5.5467e+00 6.0539e+00
356 357 5.6049e+00 5.0751e+00 5.5467e+00 6.0539e+00
357 358 5.6049e+00 5.0751e+00 5.5467e+00 6.0539e+00
358 359 5.6049e+00 5.0751e+00 5.5467e+00 6.0539e+00
359 360 5.6049e+00 5.0751e+00 5.5467e+00 6.0539e+00
360 361 5.6049e+00 5.0751e+00 5.5467e+00 6.0539e+00
361 362 5.6049e+00 5.0751e+00 5.5467e+00 6.0539e+00
362 363 5.6049e+00 5.0751e+00 5.5467e+00 6.0539e+00
363 364 5.6049e+00 5.0751e+00 5.5467e+00 6.0539e+00
364 365 5.6049e+00 5.0751e+00 5.5467e+00 6.0539e+00
365 366 5.6049e+00 5.0751e+00 5.5467e+00 6.0539e+00
366 367 5.6049e+00 5.0751e+00 5.5467e+00 6.0539e+00
367 370 5.6049e+00 5.0751e+00 5.5467e+00 6.0539e+00
370 371 5.6049e+00 5.0751e+00 5.5467e+00 6.0539e+00
371 372 5.6049e+00 5.0751e+00 5.5467e+00 6.0539e+00
372 373 5.6049e+00 5.0751e+00 5.5467e+00 6.0539e+00
373 374 5.6049e+00 5.0751e+00 5.5467e+00 6.0539e+00
374 375 5.6049e+00 5.0751e+00 5.5467e+00 6.0539e+00
375 376 5.6049e+00 5.0751e+00 5.5467e+00 6.0539e+00
376 377 5.6049e+00 5.0751e+00 5.5467e+00 6.0539e+00
377 378 5.6049e+00 5.0751e+00 5.5467e+00 6.0539e+00
378 379 5.6049e+00 5.0751e+00 5.5467e+00 6.0539e+00
379 380 5.6049e+00 5.0751e+00 5.5467e+00 6.0539e+00
380 381 5.6049e+00 5.0751e+00 5.5467e+00 6.0539e+00
381 382 5.6049e+00 5.0751e+00 5.5467e+00 6.0539e+00
382 383 5.6049e+00 5.0751e+00 5.5467e+00 6.0539e+00
383 384 5.6049e+00 5.0751e+00 5.5467e+00 6.0539e+00
384 385 5.6049e+00 5.0751e+00 5.5467e+00 6.0539e+00
385 386 5.6049e+00 5.0751e+00 5.5467e+00 6.0539e+00
386 387 5.6049e+00 5.0751e+00 5.5467e+00 6.0539e+00
387 388 5.6049e+00 5.0751e+00 5.5467e+00 6.0539e+00
388 389 5.6049e+00 5.0751e+00 5.5467e+00 6.0539e+00
389 390 5.6049e+00 5.0751e+00 5.5467e+00 6.0539e+00
390 391 5.6049e+00 5.0751e+00 5.5467e+00 6.0539e+00
391 392 5.6049e+00 5.0751e+00 5.5467e+00 6.0539e+00
392 393 5.6049e+00 5.0751e+00 5.5467e+00 6.0539e+00
393 394 5.6049e+00 5.0751e+00 5.5467e+00 6.0539e+00
394 395 5.6049e+00 5.0751e+00 5.5467e+00 6.0539e+00
395 396 5.6049e+00 5.0751e+00 5.5467e+00 6.0539e+00
396 397 5.6049e+00 5.0751e+00 5.5467e+00 6.0539e+00
397 399 5.6049e+00 5.0751e+00 5.5467e+00 6.0539e+00
399 400 5.6049e+00 5.0751e+00 5.5467e+00 6.0539e+00
400 401 5.6049e+00 5.0751e+00 5.5467e+00 6.0539e+00
401 402 5.6049e+00 5.0751e+00 5.5467e+00 6.0539e+00
402 403 5.6049e+00 5.0751e+00 5.5467e+00 6.0539e+00
403 404 5.6049e+00 5.0751e+00 5.5467e+00 6.0539e+00
404 405 5.6049e+00 5.0751e+00 5.5467e+00 6.0539e+00
405 406 5.6049e+00 5.0751e+00 5.5467e+00 6.0539e+00
406 407 5.6049e+00 5.0751e+00 5.5467e+00 6.0539e+00
407 408 5.6049e+00 5.0751e+00 5.5467e+00 6.0539e+00
408 409 5.6049e+00 5.0751e+00 5.5467e+00 6.0539e+00
409 410 5.6049e+00 5.0751e+00 5.5467e+00 6.0539e+00
410 411 5.6049e+00 5.0751e+00 5.5467e+00 6.0539e+00
411 412 5.6049e+00 5.0751e+00 5.5467e+00 6.0539e+00
412 413 5.6049e+00 5.0751e+00 5.5467e+00 6.0539e+00
413 414 5.6049e+00 5.0751e+00 5.5467e+00 6.0539e+00
414 415 5.6049e+00 5.0751e+00 5.5467e+00 6.0539e+00
415 416 5.6049e+00 5.0751e+00 5.5467e+00 6.0539e+00
416 417 5.6049e+00 5.0751e+00 5.5467e+00 6.0539e+00
417 418 5.6049e+00 5.0751e+00 5.5467e+00 6.0539e+00
418 419 5.6049e+00 5.0751e+00 5.5467e+00 6.0539e+00
419 420 5.6049e+00 5.0751e+00 5.5467e+00 6.0539e+00
420 421 5.6049e+00 5.0751e+00 5.5467e+00 6.0539e+00
421 422 5.6049e+00 5.0751e+00 5.5467e+00 6.0539e+00
422 423 5.6049e+00 5.0751e+00 5.5467e+00 6.0539e+00
423 424 5.6049e+00 5.0751e+00 5.5467e+00 6.0539e+00
424 425 5.6049e+00 5.0751e+00 5.5467e+00 6.0539e+00
425 426 5.6049e+00 5.0751e+00 5.5467e+00 6.0539e+00
426 427 5.6049e+00 5.0751e+00 5.5467e+00 6.0539e+00
427 428 5.6049e+00 5.0751e+00 5.5467e+00 6.0539e+00
428 429 5.6049e+00 5.0751e+00 5.5467e+00 6.0539e+00
429 430 5.6049e+00 5.0751e+00 5.5467e+00 6.0539e+00
430 431 5.6049e+00 5.0751e+00 5.5467e+00 6.0539e+00
431 432 5.6049e+00 5.0751e+00 5.5467e+00 6.0539e+00
432 433 5.6049e+00 5.0751e+00 5.5467e+00 6.0539e+00
433 434 5.6049e+00 5.0751e+00 5.5467e+00 6.0539e+00
434 436 5.6049e+00 5.0751e+00 5.5467e+00 6.0539e+00
436 437 5.6049e+00 5.0751e+00 5.5467e+00 6.0539e+00
437 438 5.6049e+00 5.0751e+00 5.5467e+00 6.0539e+00
438 439 5.6049e+00 5.0751e+00 5.5467e+00 6.0539e+00
439 440 5.6049e+00 5.0751e+00 5.5467e+00 6.0539e+00
440 441 5.6049e+00 5.0751e+00 5.5467e+00 6.0539e+00
441 442 5.6049e+00 5.0751e+00 5.5467e+00 6.0539e+00
442 443 5.6049e+00 5.0751e+00 5.5467e+00 6.0539e+00
443 444 5.6049e+00 5.0751e+00 5.5467e+00 6.0539e+00
444 445 5.6049e+00 5.0751e+00 5.5467e+00 6.0539e+00
445 446 5.6049e+00 5.0751e+00 5.5467e+00 6.0539e+00
446 447 5.6049e+00 5.0751e+00 5.5467e+00 6.0539e+00
447 448 5.6049e+00 5.0751e+00 5.5467e+00 6.0539e+00
448 449 5.6049e+00 5.0751e+00 5.5467e+00 6.0539e+00
449 450 5.6049e+00 5.0751e+00 5.5467e+00 6.0539e+00
450 451 5.6049e+00 5.0751e+00 5.5467e+00 6.0539e+00
451 452 5.6049e+00 5.0751e+00 5.5467e+00 6.0539e+00
452 453 5.6049e+00 5.0751e+00 5.5467e+00 6.0539e+00
453 454 5.6049e+00 5.0751e+00 5.5467e+00 6.0539e+00
454 455 5.6049e+00 5.0751e+00 5.5467e+00 6.0539e+00
455 457 5.6049e+00 5.0751e+00 5.5467e+00 6.0539e+00
457 458 5.6049e+00 5.0751e+00 5.5467e+00 6.0539e+00
458 459 5.6049e+00 5.0751e+00 5.5467e+00 6.0539e+00
459 460 5.6049e+00 5.0751e+00 5.5467e+00 6.0539e+00
460 461 5.6049e+00 5.0751e+00 5.5467e+00 6.0539e+00
461 462 5.6049e+00 5.0751e+00 5.5467e+00 6.0539e+00
462 463 5.6049e+00 5.0751e+00 5.5467e+00 6.0539e+00
463 464 5.6049e+00 5.0751e+00 5.5467e+00 6.0539e+00
464 465 5.6049e+00 5.0751e+00 5.5467e+00 6.0539e+00
465 466 5.6049e+00 5.0751e+00 5.5467e+00 6.0539e+00
466 467 5.6049e+00 5.0751e+00 5.5467e+00 6.0539e+00
467 468 5.6049e+00 5.0751e+00 5.5467e+00 6.0539e+00
468 469 5.6049e+00 5.0751e+00 5.5467e+00 6.0539e+00
469 470 5.6049e+00 5.0751e+00 5.5467e+00 6.0539e+00
470 471 5.6049e+00 5.0751e+00 5.5467e+00 6.0539e+00
471 472 5.6049e+00 5.0751e+00 5.5467e+00 6.0539e+00
472 473 5.6049e+00 5.0751e+00 5.5467e+00 6.0539e+00
473 474 5.6049e+00 5.0751e+00 5.5467e+00 6.0539e+00
474 475 5.6049e+00 5.0751e+00 5.5467e+00 6.0539e+00
475 476 5.6049e+00 5.0751e+00 5.5467e+00 6.0539e+00
476 477 5.6049e+00 5.0751e+00 5.5467e+00 6.0539e+00
477 478 5.6049e+00 5.0751e+00 5.5467e+00 6.0539e+00
478 479 5.6049e+00 5.0751e+00 5.5467e+00 6.0539e+00
479 480 5.6049e+00 5.0751e+00 5.5467e+00 6.0539e+00
480 481 5.6049e+00 5.0751e+00 5.5467e+00 6.0539e+00
481 482 5.6049e+00 5.0751e+00 5.5467e+00 6.0539e+00
482 483 5.6049e+00 5.0751e+00 5.5467e+00 6.0539e+00
483 484 5.6049e+00 5.0751e+00 5.5467e+00 6.0539e+00
484 485 5.6049e+00 5.0751e+00 5.5467e+00 6.0539e+00
485 486 5.6049e+00 5.0751e+00 5.5467e+00 6.0539e+00
486 487 5.6049e+00 5.0751e+00 5.5467e+00 6.0539e+00
487 488 5.6049e+00 5.0751e+00 5.5467e+00 6.0539e+00
488 489 5.6049e+00 5.0751e+00 5.5467e+00 6.0539e+00
489 490 5.6049e+00 5.0751e+00 5.5467e+00 6.0539e+00
490 491 5.6049e+00 5.0751e+00 5.5467e+00 6.0539e+00
491 492 5.6049e+00 5.0751e+00 5.5467e+00 6.0539e+00
492 493 5.6049e+00 5.0751e+00 5.5467e+00 6.0539e+00
493 494 5.6049e+00 5.0751e+00 5.5467e+00 6.0539e+00
494 495 5.6049e+00 5.0751e+00 5.5467e+00 6.0539e+00
495 496 5.6049e+00 5.0751e+00 5.5467e+00 6.0539e+00
496 497 5.6049e+00 5.0751e+00 5.5467e+00 6.0539e+00
497 498 5.6049e+00 5.0751e+00 5.5467e+00 6.0539e+00
498 499 5.6049e+00 5.0751e+00 5.5467e+00 6.0539e+00
499 500 5.6049e+00 5.0751e+00 5.5467e+00 6.0539e+00
500 501 5.6049e+00 5.0751e+00 5.5467e+00 6.0539e+00
501 502 5.6049e+00 5.0751e+00 5.5467e+00 6.0539e+00
502 503 5.6049e+00 5.0751e+00 5.5467e+00 6.0539e+00
503 504 5.6049e+00 5.0751e+00 5.5467e+00 6.0539e+00
504 505 5.6049e+00 5.0751e+00 5.5467e+00 6.0539e+00
505 506 5.6049e+00 5.0751e+00 5.5467e+00 6.0539e+00
506 507 5.6049e+00 5.0751e+00 5.5467e+00 6.0539e+00
507 509 5.6049e+00 5.0751e+00 5.5467e+00 6.0539e+00
509 510 5.6049e+00 5.0751e+00 5.5467e+00 6.0539e+00
510 511 5.6049e+00 5.0751e+00 5.5467e+00 6.0539e+00
511 512 5.6049e+00 5.0751e+00 5.5467e+00 6.0539e+00
512 513 5.6049e+00 5.0751e+00 5.5467e+00 6.0539e+00
513 515 5.6049e+00 5.0751e+00 5.5467e+00 6.0539e+00
515 516 5.6049e+00 5.0751e+00 5.5467e+00 6.0539e+00
516 517 5.6049e+00 5.0751e+00 5.5467e+00 6.0539e+00
517 518 5.6049e+00 5.0751e+00 5.5467e+00 6.0539e+00
518 519 5.6049e+00 5.0751e+00 5.5467e+00 6.0539e+00
519 520 5.6049e+00 5.0751e+00 5.5467e+00 6.0539e+00
520 521 5.6049e+00 5.0751e+00 5.5467e+00 6.0539e+00
521 522 5.6049e+00 5.0751e+00 5.5467e+00 6.0539e+00
522 523 5.6049e+00 5.0751e+00 5.5467e+00 6.0539e+00
523 524 5.6049e+00 5.0751e+00 5.5467e+00 6.0539e+00
524 526 5.6049e+00 5.0751e+00 5.5467e+00 6.0539e+00
526 527 5.6049e+00 5.0751e+00 5.5467e+00 6.0539e+00
527 528 5.6049e+00 5.0751e+00 5.5467e+00 6.0539e+00
528 529 5.6049e+00 5.0751e+00 5.5467e+00 6.0539e+00
529 530 5.6049e+00 5.0751e+00 5.5467e+00 6.0539e+00
530 532 5.6049e+00 5.0751e+00 5.5467e+00 6.0539e+00
532 533 5.6049e+00 5.0751e+00 5.5467e+00 6.0539e+00
533 534 5.6049e+00 5.0751e+00 5.5467e+00 6.0539e+00
534 535 5.6049e+00 5.0751e+00 5.5467e+00 6.0539e+00
535 536 5.6049e+00 5.0751e+00 5.5467e+00 6.0539e+00
536 537 5.6049e+00 5.0751e+00 5.5467e+00 6.0539e+00
537 538 5.6049e+00 5.0751e+00 5.5467e+00 6.0539e+00
538 539 5.6049e+00 5.0751e+00 5.5467e+00 6.0539e+00
539 540 5.6049e+00 5.0751e+00 5.5467e+00 6.0539e+00
540 541 5.6049e+00 5.0751e+00 5.5467e+00 6.0539e+00
541 542 5.6049e+00 5.0751e+00 5.5467e+00 6.0539e+00
542 543 5.6049e+00 5.0751e+00 5.5467e+00 6.0539e+00
543 544 5.6049e+00 5.0751e+00 5.5467e+00 6.0539e+00
544 545 5.6049e+00 5.0751e+00 5.5467e+00 6.0539e+00
545 546 5.6049e+00 5.0751e+00 5.5467e+00 6.0539e+00
546 547 5.6049e+00 5.0751e+00 5.5467e+00 6.0539e+00
547 548 5.6049e+00 5.0751e+00 5.5467e+00 6.0539e+00
548 549 5.6049e+00 5.0751e+00 5.5467e+00 6.0539e+00
549 550 5.6049e+00 5.0751e+00 5.5467e+00 6.0539e+00
550 551 5.6049e+00 5.0751e+00 5.5467e+00 6.0539e+00
551 552 5.6049e+00 5.0751e+00 5.5467e+00 6.0539e+00
552 553 5.6049e+00 5.0751e+00 5.5467e+00 6.0539e+00
553 554 5.6049e+00 5.0751e+00 5.5467e+00 6.0539e+00
554 555 5.6049e+00 5.0751e+00 5.5467e+00 6.0539e+00
555 556 5.6049e+00 5.0751e+00 5.5467e+00 6.0539e+00
556 557 5.6049e+00 5.0751e+00 5.5467e+00 6.0539e+00
557 558 5.6049e+00 5.0751e+00 5.5467e+00 6.0539e+00
558 559 5.6049e+00 5.0751e+00 5.5467e+00 6.0539e+00
559 560 5.6049e+00 5.0751e+00 5.5467e+00 6.0539e+00
560 561 5.6049e+00 5.0751e+00 5.5467e+00 6.0539e+00
561 562 5.6049e+00 5.0751e+00 5.5467e+00 6.0539e+00
562 563 5.6049e+00 5.0751e+00 5.5467e+00 6.0539e+00
563 564 5.6049e+00 5.0751e+00 5.5467e+00 6.0539e+00
564 565 5.6049e+00 5.0751e+00 5.5467e+00 6.0539e+00
565 566 5.6049e+00 5.0751e+00 5.5467e+00 6.0539e+00
566 567 5.6049e+00 5.0751e+00 5.5467e+00 6.0539e+00
567 569 5.6049e+00 5.0751e+00 5.5467e+00 6.0539e+00
569 570 5.6049e+00 5.0751e+00 5.5467e+00 6.0539e+00
570 572 5.6049e+00 5.0751e+00 5.5467e+00 6.0539e+00
572 573 5.6049e+00 5.0751e+00 5.5467e+00 6.0539e+00
573 574 5.6049e+00 5.0751e+00 5.5467e+00 6.0539e+00
574 575 5.6049e+00 5.0751e+00 5.5467e+00 6.0539e+00
575 576 5.6049e+00 5.0751e+00 5.5467e+00 6.0539e+00
576 577 5.6049e+00 5.0751e+00 5.5467e+00 6.0539e+00
577 578 5.6049e+00 5.0751e+00 5.5467e+00 6.0539e+00
578 579 5.6049e+00 5.0751e+00 5.5467e+00 6.0539e+00
579 580 5.6049e+00 5.0751e+00 5.5467e+00 6.0539e+00
580 581 5.6049e+00 5.0751e+00 5.5467e+00 6.0539e+00
581 582 5.6049e+00 5.0751e+00 5.5467e+00 6.0539e+00
582 583 5.6049e+00 5.0751e+00 5.5467e+00 6.0539e+00
583 584 5.6049e+00 5.0751e+00 5.5467e+00 6.0539e+00
584 585 5.6049e+00 5.0751e+00 5.5467e+00 6.0539e+00
585 586 5.6049e+00 5.0751e+00 5.5467e+00 6.0539e+00
586 587 5.6049e+00 5.0751e+00 5.5467e+00 6.0539e+00
587 588 5.6049e+00 5.0751e+00 5.5467e+00 6.0539e+00
588 589 5.6049e+00 5.0751e+00 5.5467e+00 6.0539e+00
589 590 5.6049e+00 5.0751e+00 5.5467e+00 6.0539e+00
590 591 5.6049e+00 5.0751e+00 5.5467e+00 6.0539e+00
591 592 5.6049e+00 5.0751e+00 5.5467e+00 6.0539e+00
592 593 5.6049e+00 5.0751e+00 5.5467e+00 6.0539e+00
593 594 5.6049e+00 5.0751e+00 5.5467e+00 6.0539e+00
594 595 5.6049e+00 5.0751e+00 5.5467e+00 6.0539e+00
595 596 5.6049e+00 5.0751e+00 5.5467e+00 6.0539e+00
596 597 5.6049e+00 5.0751e+00 5.5467e+00 6.0539e+00
597 598 5.6049e+00 5.0751e+00 5.5467e+00 6.0539e+00
598 599 5.6049e+00 5.0751e+00 5.5467e+00 6.0539e+00
599 600 5.6049e+00 5.0751e+00 5.5467e+00 6.0539e+00
600 601 5.6049e+00 5.0751e+00 5.5467e+00 6.0539e+00
601 602 5.6049e+00 5.0751e+00 5.5467e+00 6.0539e+00
602 603 5.6049e+00 5.0751e+00 5.5467e+00 6.0539e+00
603 604 5.6049e+00 5.0751e+00 5.5467e+00 6.0539e+00
604 605 5.6049e+00 5.0751e+00 5.5467e+00 6.0539e+00
605 606 5.6049e+00 5.0751e+00 5.5467e+00 6.0539e+00
606 607 5.6049e+00 5.0751e+00 5.5467e+00 6.0539e+00
607 609 5.6049e+00 5.0751e+00 5.5467e+00 6.0539e+00
609 610 5.6049e+00 5.0751e+00 5.5467e+00 6.0539e+00
610 611 5.6049e+00 5.0751e+00 5.5467e+00 6.0539e+00
611 612 5.6049e+00 5.0751e+00 5.5467e+00 6.0539e+00
612 613 5.6049e+00 5.0751e+00 5.5467e+00 6.0539e+00
613 614 5.6049e+00 5.0751e+00 5.5467e+00 6.0539e+00
614 615 5.6049e+00 5.0751e+00 5.5467e+00 6.0539e+00
615 616 5.6049e+00 5.0751e+00 5.5467e+00 6.0539e+00
616 617 5.6049e+00 5.0751e+00 5.5467e+00 6.0539e+00
617 618 5.6049e+00 5.0751e+00 5.5467e+00 6.0539e+00
618 619 5.6049e+00 5.0751e+00 5.5467e+00 6.0539e+00
619 620 5.6049e+00 5.0751e+00 5.5467e+00 6.0539e+00
620 621 5.6049e+00 5.0751e+00 5.5467e+00 6.0539e+00
621 622 5.6049e+00 5.0751e+00 5.5467e+00 6.0539e+00
622 623 5.6049e+00 5.0751e+00 5.5467e+00 6.0539e+00
623 624 5.6049e+00 5.0751e+00 5.5467e+00 6.0539e+00
624 625 5.6049e+00 5.0751e+00 5.5467e+00 6.0539e+00
625 626 5.6049e+00 5.0751e+00 5.5467e+00 6.0539e+00
626 627 5.6049e+00 5.0751e+00 5.5467e+00 6.0539e+00
627 628 5.6049e+00 5.0751e+00 5.5467e+00 6.0539e+00
628 629 5.6049e+00 5.0751e+00 5.5467e+00 6.0539e+00
629 630 5.6049e+00 5.0751e+00 5.5467e+00 6.0539e+00
630 631 5.6049e+00 5.0751e+00 5.5467e+00 6.0539e+00
631 632 5.6049e+00 5.0751e+00 5.5467e+00 6.0539e+00
632 633 5.6049e+00 5.0751e+00 5.5467e+00 6.0539e+00
633 634 5.6049e+00 5.0751e+00 5.5467e+00 6.0539e+00
634 635 5.6049e+00 5.0751e+00 5.5467e+00 6.0539e+00
635 636 5.6049e+00 5.0751e+00 5.5467e+00 6.0539e+00
636 637 5.6049e+00 5.0751e+00 5.5467e+00 6.0539e+00
637 638 5.6049e+00 5.0751e+00 5.5467e+00 6.0539e+00
638 639 5.6049e+00 5.0751e+00 5.5467e+00 6.0539e+00
639 640 5.6049e+00 5.0751e+00 5.5467e+00 6.0539e+00
640 641 5.6049e+00 5.0751e+00 5.5467e+00 6.0539e+00
641 642 5.6049e+00 5.0751e+00 5.5467e+00 6.0539e+00
642 643 5.6049e+00 5.0751e+00 5.5467e+00 6.0539e+00
643 644 5.6049e+00 5.0751e+00 5.5467e+00 6.0539e+00
644 645 5.6049e+00 5.0751e+00 5.5467e+00 6.0539e+00
645 646 5.6049e+00 5.0751e+00 5.5467e+00 6.0539e+00
646 647 5.6049e+00 5.0751e+00 5.5467e+00 6.0539e+00
647 648 5.6049e+00 5.0751e+00 5.5467e+00 6.0539e+00
648 649 5.6049e+00 5.0751e+00 5.5467e+00 6.0539e+00
